,,,,,,,,,,,,,,,,,,,,,,,,
data/audio_wav/000/000000.wav,1,1,1,1,0,0,0,0,1,0,0,1,0,0,0,0,0,0,0,0,0,0,0,0
data/audio_wav/000/000001.wav,1,1,1,1,0,0,0,0,1,0,0,1,0,0,0,0,0,0,0,0,0,0,0,0
data/audio_wav/000/000002.wav,1,1,1,1,0,0,0,0,1,0,0,1,0,0,0,0,0,0,0,0,0,0,0,0
data/audio_wav/000/000003.wav,1,1,1,1,0,0,0,0,1,0,0,1,0,0,0,0,0,0,0,0,0,0,0,0
data/audio_wav/000/000004.wav,1,1,1,1,0,0,0,0,1,0,0,1,0,0,0,0,0,0,0,0,0,0,0,0
data/audio_wav/000/000005.wav,1,1,1,1,0,0,0,0,1,0,0,1,0,0,0,0,0,0,0,0,0,0,0,0
data/audio_wav/000/000006.wav,1,1,1,1,0,0,0,0,1,0,0,1,0,0,0,0,0,0,0,0,0,0,0,0
data/audio_wav/000/000007.wav,1,1,1,1,0,0,0,0,1,0,0,1,0,0,0,0,0,0,0,0,0,0,0,0
data/audio_wav/000/000008.wav,1,1,1,1,0,0,0,0,1,0,0,1,0,0,0,0,0,0,0,0,0,0,0,0
data/audio_wav/000/000009.wav,1,1,1,1,0,0,0,0,1,0,0,1,0,0,0,0,0,0,0,0,0,0,0,0
data/audio_wav/000/000010.wav,1,1,1,1,0,0,0,0,1,0,0,1,0,0,0,0,0,0,0,0,0,0,0,0
data/audio_wav/000/000011.wav,1,1,1,1,0,0,0,0,1,0,0,1,0,0,0,0,0,0,0,0,0,0,0,0
data/audio_wav/000/000012.wav,1,1,1,1,0,0,0,0,1,0,0,1,0,0,0,0,0,0,0,0,0,0,0,0
data/audio_wav/000/000013.wav,1,1,1,1,0,0,0,0,1,0,0,1,0,0,0,0,0,0,0,0,0,0,0,0
data/audio_wav/000/000014.wav,1,1,1,1,0,0,0,0,1,0,0,1,0,0,0,0,0,0,0,0,0,0,0,0
data/audio_wav/000/000015.wav,1,1,1,1,0,0,0,0,1,0,0,1,0,0,0,0,0,0,0,0,0,0,0,0
data/audio_wav/000/000016.wav,1,1,1,1,0,0,0,0,1,0,0,1,0,0,0,0,0,0,0,0,0,0,0,0
data/audio_wav/000/000017.wav,1,1,1,1,0,0,0,0,1,0,0,1,0,0,0,0,0,0,0,0,0,0,0,0
data/audio_wav/000/000018.wav,1,1,1,1,0,0,0,0,1,0,0,1,0,0,0,0,0,0,0,0,0,0,0,0
data/audio_wav/000/000019.wav,1,1,1,1,0,0,0,0,1,0,0,1,0,0,0,0,0,0,0,0,0,0,0,0
data/audio_wav/000/000020.wav,1,1,1,1,0,0,0,0,1,0,0,1,0,0,0,0,0,0,0,0,0,0,0,0
data/audio_wav/000/000021.wav,1,1,1,1,0,0,0,0,1,0,0,1,0,0,0,0,0,0,0,0,0,0,0,0
data/audio_wav/000/000022.wav,1,1,1,1,0,0,0,0,1,0,0,1,0,0,0,0,0,0,0,0,0,0,0,0
data/audio_wav/000/000023.wav,1,1,1,1,0,0,0,0,1,0,0,1,0,0,0,0,0,0,0,0,0,0,0,0
data/audio_wav/000/000024.wav,1,1,1,1,0,0,0,0,1,0,0,1,0,0,0,0,0,0,0,0,0,0,0,0
data/audio_wav/000/000025.wav,1,1,1,1,0,0,0,0,1,0,0,1,0,0,0,0,0,0,0,0,0,0,0,0
data/audio_wav/000/000026.wav,1,1,1,1,0,0,0,0,1,0,0,1,0,0,0,0,0,0,0,0,0,0,0,0
data/audio_wav/000/000027.wav,1,1,1,1,0,0,0,0,1,0,0,1,0,0,0,0,0,0,0,0,0,0,0,0
data/audio_wav/000/000028.wav,1,1,1,1,0,0,0,0,1,0,0,1,0,0,0,0,0,0,0,0,0,0,0,0
data/audio_wav/000/000029.wav,1,1,1,1,0,0,0,0,1,0,0,1,0,0,0,0,0,0,0,0,0,0,0,0
data/audio_wav/000/000030.wav,1,1,1,1,0,0,0,0,1,0,0,1,0,0,0,0,0,0,0,0,0,0,0,0
data/audio_wav/000/000031.wav,1,1,1,1,0,0,0,0,1,0,0,1,0,0,0,0,0,0,0,0,0,0,0,0
data/audio_wav/000/000032.wav,1,1,1,1,0,0,0,0,1,0,0,1,0,0,0,0,0,0,0,0,0,0,0,0
data/audio_wav/000/000033.wav,1,1,1,1,0,0,0,0,1,0,0,1,0,0,0,0,0,0,0,0,0,0,0,0
data/audio_wav/000/000034.wav,1,1,1,1,0,0,0,0,1,0,0,1,0,0,0,0,0,0,0,0,0,0,0,0
data/audio_wav/000/000035.wav,1,1,1,1,0,0,0,0,1,0,0,1,0,0,0,0,0,0,0,0,0,0,0,0
data/audio_wav/000/000036.wav,1,1,1,1,0,0,0,0,1,0,0,1,0,0,0,0,0,0,0,0,0,0,0,0
data/audio_wav/000/000037.wav,1,1,1,1,0,0,0,0,1,0,0,1,0,0,0,0,0,0,0,0,0,0,0,0
data/audio_wav/000/000038.wav,1,1,1,1,0,0,0,0,1,0,0,1,0,0,0,0,0,0,0,0,0,0,0,0
data/audio_wav/000/000039.wav,1,1,1,1,0,0,0,0,1,0,0,1,0,0,0,0,0,0,0,0,0,0,0,0
data/audio_wav/000/000040.wav,1,1,1,1,0,0,0,0,1,0,0,1,0,0,0,0,0,0,0,0,0,0,0,0
data/audio_wav/000/000041.wav,1,1,1,1,0,0,0,0,1,0,0,1,0,0,0,0,0,0,0,0,0,0,0,0
data/audio_wav/000/000042.wav,1,1,1,1,0,0,0,0,1,0,0,1,0,0,0,0,0,0,0,0,0,0,0,0
data/audio_wav/000/000043.wav,1,1,1,1,0,0,0,0,1,0,0,1,0,0,0,0,0,0,0,0,0,0,0,0
data/audio_wav/000/000044.wav,1,1,1,1,0,0,0,0,1,0,0,1,0,0,0,0,0,0,0,0,0,0,0,0
data/audio_wav/000/000045.wav,1,1,1,1,0,0,0,0,1,0,0,1,0,0,0,0,0,0,0,0,0,0,0,0
data/audio_wav/000/000046.wav,1,1,1,1,0,0,0,0,1,0,0,1,0,0,0,0,0,0,0,0,0,0,0,0
data/audio_wav/000/000047.wav,1,1,1,1,0,0,0,0,1,0,0,1,0,0,0,0,0,0,0,0,0,0,0,0
data/audio_wav/000/000048.wav,1,1,1,1,0,0,0,0,1,0,0,1,0,0,0,0,0,0,0,0,0,0,0,0
data/audio_wav/000/000049.wav,1,1,1,1,0,0,0,0,1,0,0,1,0,0,0,0,0,0,0,0,0,0,0,0
data/audio_wav/001/001000.wav,2,1,1,1,0,0,0,0,1,0,0,0,1,0,0,0,0,0,0,0,0,0,0,0
data/audio_wav/001/001001.wav,2,1,1,1,0,0,0,0,1,0,0,0,1,0,0,0,0,0,0,0,0,0,0,0
data/audio_wav/001/001002.wav,2,1,1,1,0,0,0,0,1,0,0,0,1,0,0,0,0,0,0,0,0,0,0,0
data/audio_wav/001/001003.wav,2,1,1,1,0,0,0,0,1,0,0,0,1,0,0,0,0,0,0,0,0,0,0,0
data/audio_wav/001/001004.wav,2,1,1,1,0,0,0,0,1,0,0,0,1,0,0,0,0,0,0,0,0,0,0,0
data/audio_wav/001/001005.wav,2,1,1,1,0,0,0,0,1,0,0,0,1,0,0,0,0,0,0,0,0,0,0,0
data/audio_wav/001/001006.wav,2,1,1,1,0,0,0,0,1,0,0,0,1,0,0,0,0,0,0,0,0,0,0,0
data/audio_wav/001/001007.wav,2,1,1,1,0,0,0,0,1,0,0,0,1,0,0,0,0,0,0,0,0,0,0,0
data/audio_wav/001/001008.wav,2,1,1,1,0,0,0,0,1,0,0,0,1,0,0,0,0,0,0,0,0,0,0,0
data/audio_wav/001/001009.wav,2,1,1,1,0,0,0,0,1,0,0,0,1,0,0,0,0,0,0,0,0,0,0,0
data/audio_wav/001/001010.wav,2,1,1,1,0,0,0,0,1,0,0,0,1,0,0,0,0,0,0,0,0,0,0,0
data/audio_wav/001/001011.wav,2,1,1,1,0,0,0,0,1,0,0,0,1,0,0,0,0,0,0,0,0,0,0,0
data/audio_wav/001/001012.wav,2,1,1,1,0,0,0,0,1,0,0,0,1,0,0,0,0,0,0,0,0,0,0,0
data/audio_wav/001/001013.wav,2,1,1,1,0,0,0,0,1,0,0,0,1,0,0,0,0,0,0,0,0,0,0,0
data/audio_wav/001/001014.wav,2,1,1,1,0,0,0,0,1,0,0,0,1,0,0,0,0,0,0,0,0,0,0,0
data/audio_wav/001/001015.wav,2,1,1,1,0,0,0,0,1,0,0,0,1,0,0,0,0,0,0,0,0,0,0,0
data/audio_wav/001/001016.wav,2,1,1,1,0,0,0,0,1,0,0,0,1,0,0,0,0,0,0,0,0,0,0,0
data/audio_wav/001/001017.wav,2,1,1,1,0,0,0,0,1,0,0,0,1,0,0,0,0,0,0,0,0,0,0,0
data/audio_wav/001/001018.wav,2,1,1,1,0,0,0,0,1,0,0,0,1,0,0,0,0,0,0,0,0,0,0,0
data/audio_wav/001/001019.wav,2,1,1,1,0,0,0,0,1,0,0,0,1,0,0,0,0,0,0,0,0,0,0,0
data/audio_wav/001/001020.wav,2,1,1,1,0,0,0,0,1,0,0,0,1,0,0,0,0,0,0,0,0,0,0,0
data/audio_wav/001/001021.wav,2,1,1,1,0,0,0,0,1,0,0,0,1,0,0,0,0,0,0,0,0,0,0,0
data/audio_wav/001/001022.wav,2,1,1,1,0,0,0,0,1,0,0,0,1,0,0,0,0,0,0,0,0,0,0,0
data/audio_wav/001/001023.wav,2,1,1,1,0,0,0,0,1,0,0,0,1,0,0,0,0,0,0,0,0,0,0,0
data/audio_wav/001/001024.wav,2,1,1,1,0,0,0,0,1,0,0,0,1,0,0,0,0,0,0,0,0,0,0,0
data/audio_wav/001/001025.wav,2,1,1,1,0,0,0,0,1,0,0,0,1,0,0,0,0,0,0,0,0,0,0,0
data/audio_wav/001/001026.wav,2,1,1,1,0,0,0,0,1,0,0,0,1,0,0,0,0,0,0,0,0,0,0,0
data/audio_wav/001/001027.wav,2,1,1,1,0,0,0,0,1,0,0,0,1,0,0,0,0,0,0,0,0,0,0,0
data/audio_wav/001/001028.wav,2,1,1,1,0,0,0,0,1,0,0,0,1,0,0,0,0,0,0,0,0,0,0,0
data/audio_wav/001/001029.wav,2,1,1,1,0,0,0,0,1,0,0,0,1,0,0,0,0,0,0,0,0,0,0,0
data/audio_wav/001/001030.wav,2,1,1,1,0,0,0,0,1,0,0,0,1,0,0,0,0,0,0,0,0,0,0,0
data/audio_wav/001/001031.wav,2,1,1,1,0,0,0,0,1,0,0,0,1,0,0,0,0,0,0,0,0,0,0,0
data/audio_wav/001/001032.wav,2,1,1,1,0,0,0,0,1,0,0,0,1,0,0,0,0,0,0,0,0,0,0,0
data/audio_wav/001/001033.wav,2,1,1,1,0,0,0,0,1,0,0,0,1,0,0,0,0,0,0,0,0,0,0,0
data/audio_wav/001/001034.wav,2,1,1,1,0,0,0,0,1,0,0,0,1,0,0,0,0,0,0,0,0,0,0,0
data/audio_wav/001/001035.wav,2,1,1,1,0,0,0,0,1,0,0,0,1,0,0,0,0,0,0,0,0,0,0,0
data/audio_wav/001/001036.wav,2,1,1,1,0,0,0,0,1,0,0,0,1,0,0,0,0,0,0,0,0,0,0,0
data/audio_wav/001/001037.wav,2,1,1,1,0,0,0,0,1,0,0,0,1,0,0,0,0,0,0,0,0,0,0,0
data/audio_wav/001/001038.wav,2,1,1,1,0,0,0,0,1,0,0,0,1,0,0,0,0,0,0,0,0,0,0,0
data/audio_wav/001/001039.wav,2,1,1,1,0,0,0,0,1,0,0,0,1,0,0,0,0,0,0,0,0,0,0,0
data/audio_wav/001/001040.wav,2,1,1,1,0,0,0,0,1,0,0,0,1,0,0,0,0,0,0,0,0,0,0,0
data/audio_wav/001/001041.wav,2,1,1,1,0,0,0,0,1,0,0,0,1,0,0,0,0,0,0,0,0,0,0,0
data/audio_wav/001/001042.wav,2,1,1,1,0,0,0,0,1,0,0,0,1,0,0,0,0,0,0,0,0,0,0,0
data/audio_wav/001/001043.wav,2,1,1,1,0,0,0,0,1,0,0,0,1,0,0,0,0,0,0,0,0,0,0,0
data/audio_wav/001/001044.wav,2,1,1,1,0,0,0,0,1,0,0,0,1,0,0,0,0,0,0,0,0,0,0,0
data/audio_wav/001/001045.wav,2,1,1,1,0,0,0,0,1,0,0,0,1,0,0,0,0,0,0,0,0,0,0,0
data/audio_wav/001/001046.wav,2,1,1,1,0,0,0,0,1,0,0,0,1,0,0,0,0,0,0,0,0,0,0,0
data/audio_wav/001/001047.wav,2,1,1,1,0,0,0,0,1,0,0,0,1,0,0,0,0,0,0,0,0,0,0,0
data/audio_wav/001/001048.wav,2,1,1,1,0,0,0,0,1,0,0,0,1,0,0,0,0,0,0,0,0,0,0,0
data/audio_wav/001/001049.wav,2,1,1,1,0,0,0,0,1,0,0,0,1,0,0,0,0,0,0,0,0,0,0,0
data/audio_wav/002/002000.wav,3,1,1,1,0,0,0,0,1,0,0,0,0,1,0,0,0,0,0,0,0,0,0,0
data/audio_wav/002/002001.wav,3,1,1,1,0,0,0,0,1,0,0,0,0,1,0,0,0,0,0,0,0,0,0,0
data/audio_wav/002/002002.wav,3,1,1,1,0,0,0,0,1,0,0,0,0,1,0,0,0,0,0,0,0,0,0,0
data/audio_wav/002/002003.wav,3,1,1,1,0,0,0,0,1,0,0,0,0,1,0,0,0,0,0,0,0,0,0,0
data/audio_wav/002/002004.wav,3,1,1,1,0,0,0,0,1,0,0,0,0,1,0,0,0,0,0,0,0,0,0,0
data/audio_wav/002/002005.wav,3,1,1,1,0,0,0,0,1,0,0,0,0,1,0,0,0,0,0,0,0,0,0,0
data/audio_wav/002/002006.wav,3,1,1,1,0,0,0,0,1,0,0,0,0,1,0,0,0,0,0,0,0,0,0,0
data/audio_wav/002/002007.wav,3,1,1,1,0,0,0,0,1,0,0,0,0,1,0,0,0,0,0,0,0,0,0,0
data/audio_wav/002/002008.wav,3,1,1,1,0,0,0,0,1,0,0,0,0,1,0,0,0,0,0,0,0,0,0,0
data/audio_wav/002/002009.wav,3,1,1,1,0,0,0,0,1,0,0,0,0,1,0,0,0,0,0,0,0,0,0,0
data/audio_wav/002/002010.wav,3,1,1,1,0,0,0,0,1,0,0,0,0,1,0,0,0,0,0,0,0,0,0,0
data/audio_wav/002/002011.wav,3,1,1,1,0,0,0,0,1,0,0,0,0,1,0,0,0,0,0,0,0,0,0,0
data/audio_wav/002/002012.wav,3,1,1,1,0,0,0,0,1,0,0,0,0,1,0,0,0,0,0,0,0,0,0,0
data/audio_wav/002/002013.wav,3,1,1,1,0,0,0,0,1,0,0,0,0,1,0,0,0,0,0,0,0,0,0,0
data/audio_wav/002/002014.wav,3,1,1,1,0,0,0,0,1,0,0,0,0,1,0,0,0,0,0,0,0,0,0,0
data/audio_wav/002/002015.wav,3,1,1,1,0,0,0,0,1,0,0,0,0,1,0,0,0,0,0,0,0,0,0,0
data/audio_wav/002/002016.wav,3,1,1,1,0,0,0,0,1,0,0,0,0,1,0,0,0,0,0,0,0,0,0,0
data/audio_wav/002/002017.wav,3,1,1,1,0,0,0,0,1,0,0,0,0,1,0,0,0,0,0,0,0,0,0,0
data/audio_wav/002/002018.wav,3,1,1,1,0,0,0,0,1,0,0,0,0,1,0,0,0,0,0,0,0,0,0,0
data/audio_wav/002/002019.wav,3,1,1,1,0,0,0,0,1,0,0,0,0,1,0,0,0,0,0,0,0,0,0,0
data/audio_wav/002/002020.wav,3,1,1,1,0,0,0,0,1,0,0,0,0,1,0,0,0,0,0,0,0,0,0,0
data/audio_wav/002/002021.wav,3,1,1,1,0,0,0,0,1,0,0,0,0,1,0,0,0,0,0,0,0,0,0,0
data/audio_wav/002/002022.wav,3,1,1,1,0,0,0,0,1,0,0,0,0,1,0,0,0,0,0,0,0,0,0,0
data/audio_wav/002/002023.wav,3,1,1,1,0,0,0,0,1,0,0,0,0,1,0,0,0,0,0,0,0,0,0,0
data/audio_wav/002/002024.wav,3,1,1,1,0,0,0,0,1,0,0,0,0,1,0,0,0,0,0,0,0,0,0,0
data/audio_wav/002/002025.wav,3,1,1,1,0,0,0,0,1,0,0,0,0,1,0,0,0,0,0,0,0,0,0,0
data/audio_wav/002/002026.wav,3,1,1,1,0,0,0,0,1,0,0,0,0,1,0,0,0,0,0,0,0,0,0,0
data/audio_wav/002/002027.wav,3,1,1,1,0,0,0,0,1,0,0,0,0,1,0,0,0,0,0,0,0,0,0,0
data/audio_wav/002/002028.wav,3,1,1,1,0,0,0,0,1,0,0,0,0,1,0,0,0,0,0,0,0,0,0,0
data/audio_wav/002/002029.wav,3,1,1,1,0,0,0,0,1,0,0,0,0,1,0,0,0,0,0,0,0,0,0,0
data/audio_wav/002/002030.wav,3,1,1,1,0,0,0,0,1,0,0,0,0,1,0,0,0,0,0,0,0,0,0,0
data/audio_wav/002/002031.wav,3,1,1,1,0,0,0,0,1,0,0,0,0,1,0,0,0,0,0,0,0,0,0,0
data/audio_wav/002/002032.wav,3,1,1,1,0,0,0,0,1,0,0,0,0,1,0,0,0,0,0,0,0,0,0,0
data/audio_wav/002/002033.wav,3,1,1,1,0,0,0,0,1,0,0,0,0,1,0,0,0,0,0,0,0,0,0,0
data/audio_wav/002/002034.wav,3,1,1,1,0,0,0,0,1,0,0,0,0,1,0,0,0,0,0,0,0,0,0,0
data/audio_wav/002/002035.wav,3,1,1,1,0,0,0,0,1,0,0,0,0,1,0,0,0,0,0,0,0,0,0,0
data/audio_wav/002/002036.wav,3,1,1,1,0,0,0,0,1,0,0,0,0,1,0,0,0,0,0,0,0,0,0,0
data/audio_wav/002/002037.wav,3,1,1,1,0,0,0,0,1,0,0,0,0,1,0,0,0,0,0,0,0,0,0,0
data/audio_wav/002/002038.wav,3,1,1,1,0,0,0,0,1,0,0,0,0,1,0,0,0,0,0,0,0,0,0,0
data/audio_wav/002/002039.wav,3,1,1,1,0,0,0,0,1,0,0,0,0,1,0,0,0,0,0,0,0,0,0,0
data/audio_wav/002/002040.wav,3,1,1,1,0,0,0,0,1,0,0,0,0,1,0,0,0,0,0,0,0,0,0,0
data/audio_wav/002/002041.wav,3,1,1,1,0,0,0,0,1,0,0,0,0,1,0,0,0,0,0,0,0,0,0,0
data/audio_wav/002/002042.wav,3,1,1,1,0,0,0,0,1,0,0,0,0,1,0,0,0,0,0,0,0,0,0,0
data/audio_wav/002/002043.wav,3,1,1,1,0,0,0,0,1,0,0,0,0,1,0,0,0,0,0,0,0,0,0,0
data/audio_wav/002/002044.wav,3,1,1,1,0,0,0,0,1,0,0,0,0,1,0,0,0,0,0,0,0,0,0,0
data/audio_wav/002/002045.wav,3,1,1,1,0,0,0,0,1,0,0,0,0,1,0,0,0,0,0,0,0,0,0,0
data/audio_wav/002/002046.wav,3,1,1,1,0,0,0,0,1,0,0,0,0,1,0,0,0,0,0,0,0,0,0,0
data/audio_wav/002/002047.wav,3,1,1,1,0,0,0,0,1,0,0,0,0,1,0,0,0,0,0,0,0,0,0,0
data/audio_wav/002/002048.wav,3,1,1,1,0,0,0,0,1,0,0,0,0,1,0,0,0,0,0,0,0,0,0,0
data/audio_wav/002/002049.wav,3,1,1,1,0,0,0,0,1,0,0,0,0,1,0,0,0,0,0,0,0,0,0,0
data/audio_wav/003/003000.wav,4,1,2,1,0,0,0,0,1,0,0,0,0,0,1,0,0,0,0,0,0,0,0,0
data/audio_wav/003/003001.wav,4,1,2,1,0,0,0,0,1,0,0,0,0,0,1,0,0,0,0,0,0,0,0,0
data/audio_wav/003/003002.wav,4,1,2,1,0,0,0,0,1,0,0,0,0,0,1,0,0,0,0,0,0,0,0,0
data/audio_wav/003/003003.wav,4,1,2,1,0,0,0,0,1,0,0,0,0,0,1,0,0,0,0,0,0,0,0,0
data/audio_wav/003/003004.wav,4,1,2,1,0,0,0,0,1,0,0,0,0,0,1,0,0,0,0,0,0,0,0,0
data/audio_wav/003/003005.wav,4,1,2,1,0,0,0,0,1,0,0,0,0,0,1,0,0,0,0,0,0,0,0,0
data/audio_wav/003/003006.wav,4,1,2,1,0,0,0,0,1,0,0,0,0,0,1,0,0,0,0,0,0,0,0,0
data/audio_wav/003/003007.wav,4,1,2,1,0,0,0,0,1,0,0,0,0,0,1,0,0,0,0,0,0,0,0,0
data/audio_wav/003/003008.wav,4,1,2,1,0,0,0,0,1,0,0,0,0,0,1,0,0,0,0,0,0,0,0,0
data/audio_wav/003/003009.wav,4,1,2,1,0,0,0,0,1,0,0,0,0,0,1,0,0,0,0,0,0,0,0,0
data/audio_wav/003/003010.wav,4,1,2,1,0,0,0,0,1,0,0,0,0,0,1,0,0,0,0,0,0,0,0,0
data/audio_wav/003/003011.wav,4,1,2,1,0,0,0,0,1,0,0,0,0,0,1,0,0,0,0,0,0,0,0,0
data/audio_wav/003/003012.wav,4,1,2,1,0,0,0,0,1,0,0,0,0,0,1,0,0,0,0,0,0,0,0,0
data/audio_wav/003/003013.wav,4,1,2,1,0,0,0,0,1,0,0,0,0,0,1,0,0,0,0,0,0,0,0,0
data/audio_wav/003/003014.wav,4,1,2,1,0,0,0,0,1,0,0,0,0,0,1,0,0,0,0,0,0,0,0,0
data/audio_wav/003/003015.wav,4,1,2,1,0,0,0,0,1,0,0,0,0,0,1,0,0,0,0,0,0,0,0,0
data/audio_wav/003/003016.wav,4,1,2,1,0,0,0,0,1,0,0,0,0,0,1,0,0,0,0,0,0,0,0,0
data/audio_wav/003/003017.wav,4,1,2,1,0,0,0,0,1,0,0,0,0,0,1,0,0,0,0,0,0,0,0,0
data/audio_wav/003/003018.wav,4,1,2,1,0,0,0,0,1,0,0,0,0,0,1,0,0,0,0,0,0,0,0,0
data/audio_wav/003/003019.wav,4,1,2,1,0,0,0,0,1,0,0,0,0,0,1,0,0,0,0,0,0,0,0,0
data/audio_wav/003/003020.wav,4,1,2,1,0,0,0,0,1,0,0,0,0,0,1,0,0,0,0,0,0,0,0,0
data/audio_wav/003/003021.wav,4,1,2,1,0,0,0,0,1,0,0,0,0,0,1,0,0,0,0,0,0,0,0,0
data/audio_wav/003/003022.wav,4,1,2,1,0,0,0,0,1,0,0,0,0,0,1,0,0,0,0,0,0,0,0,0
data/audio_wav/003/003023.wav,4,1,2,1,0,0,0,0,1,0,0,0,0,0,1,0,0,0,0,0,0,0,0,0
data/audio_wav/003/003024.wav,4,1,2,1,0,0,0,0,1,0,0,0,0,0,1,0,0,0,0,0,0,0,0,0
data/audio_wav/003/003025.wav,4,1,2,1,0,0,0,0,1,0,0,0,0,0,1,0,0,0,0,0,0,0,0,0
data/audio_wav/003/003026.wav,4,1,2,1,0,0,0,0,1,0,0,0,0,0,1,0,0,0,0,0,0,0,0,0
data/audio_wav/003/003027.wav,4,1,2,1,0,0,0,0,1,0,0,0,0,0,1,0,0,0,0,0,0,0,0,0
data/audio_wav/003/003028.wav,4,1,2,1,0,0,0,0,1,0,0,0,0,0,1,0,0,0,0,0,0,0,0,0
data/audio_wav/003/003029.wav,4,1,2,1,0,0,0,0,1,0,0,0,0,0,1,0,0,0,0,0,0,0,0,0
data/audio_wav/003/003030.wav,4,1,2,1,0,0,0,0,1,0,0,0,0,0,1,0,0,0,0,0,0,0,0,0
data/audio_wav/003/003031.wav,4,1,2,1,0,0,0,0,1,0,0,0,0,0,1,0,0,0,0,0,0,0,0,0
data/audio_wav/003/003032.wav,4,1,2,1,0,0,0,0,1,0,0,0,0,0,1,0,0,0,0,0,0,0,0,0
data/audio_wav/003/003033.wav,4,1,2,1,0,0,0,0,1,0,0,0,0,0,1,0,0,0,0,0,0,0,0,0
data/audio_wav/003/003034.wav,4,1,2,1,0,0,0,0,1,0,0,0,0,0,1,0,0,0,0,0,0,0,0,0
data/audio_wav/003/003035.wav,4,1,2,1,0,0,0,0,1,0,0,0,0,0,1,0,0,0,0,0,0,0,0,0
data/audio_wav/003/003036.wav,4,1,2,1,0,0,0,0,1,0,0,0,0,0,1,0,0,0,0,0,0,0,0,0
data/audio_wav/003/003037.wav,4,1,2,1,0,0,0,0,1,0,0,0,0,0,1,0,0,0,0,0,0,0,0,0
data/audio_wav/003/003038.wav,4,1,2,1,0,0,0,0,1,0,0,0,0,0,1,0,0,0,0,0,0,0,0,0
data/audio_wav/003/003039.wav,4,1,2,1,0,0,0,0,1,0,0,0,0,0,1,0,0,0,0,0,0,0,0,0
data/audio_wav/003/003040.wav,4,1,2,1,0,0,0,0,1,0,0,0,0,0,1,0,0,0,0,0,0,0,0,0
data/audio_wav/003/003041.wav,4,1,2,1,0,0,0,0,1,0,0,0,0,0,1,0,0,0,0,0,0,0,0,0
data/audio_wav/003/003042.wav,4,1,2,1,0,0,0,0,1,0,0,0,0,0,1,0,0,0,0,0,0,0,0,0
data/audio_wav/003/003043.wav,4,1,2,1,0,0,0,0,1,0,0,0,0,0,1,0,0,0,0,0,0,0,0,0
data/audio_wav/003/003044.wav,4,1,2,1,0,0,0,0,1,0,0,0,0,0,1,0,0,0,0,0,0,0,0,0
data/audio_wav/003/003045.wav,4,1,2,1,0,0,0,0,1,0,0,0,0,0,1,0,0,0,0,0,0,0,0,0
data/audio_wav/003/003046.wav,4,1,2,1,0,0,0,0,1,0,0,0,0,0,1,0,0,0,0,0,0,0,0,0
data/audio_wav/003/003047.wav,4,1,2,1,0,0,0,0,1,0,0,0,0,0,1,0,0,0,0,0,0,0,0,0
data/audio_wav/003/003048.wav,4,1,2,1,0,0,0,0,1,0,0,0,0,0,1,0,0,0,0,0,0,0,0,0
data/audio_wav/003/003049.wav,4,1,2,1,0,0,0,0,1,0,0,0,0,0,1,0,0,0,0,0,0,0,0,0
data/audio_wav/004/004000.wav,5,1,2,1,0,0,0,0,1,0,0,0,0,0,0,1,0,0,0,0,0,0,0,0
data/audio_wav/004/004001.wav,5,1,2,1,0,0,0,0,1,0,0,0,0,0,0,1,0,0,0,0,0,0,0,0
data/audio_wav/004/004002.wav,5,1,2,1,0,0,0,0,1,0,0,0,0,0,0,1,0,0,0,0,0,0,0,0
data/audio_wav/004/004003.wav,5,1,2,1,0,0,0,0,1,0,0,0,0,0,0,1,0,0,0,0,0,0,0,0
data/audio_wav/004/004004.wav,5,1,2,1,0,0,0,0,1,0,0,0,0,0,0,1,0,0,0,0,0,0,0,0
data/audio_wav/004/004005.wav,5,1,2,1,0,0,0,0,1,0,0,0,0,0,0,1,0,0,0,0,0,0,0,0
data/audio_wav/004/004006.wav,5,1,2,1,0,0,0,0,1,0,0,0,0,0,0,1,0,0,0,0,0,0,0,0
data/audio_wav/004/004007.wav,5,1,2,1,0,0,0,0,1,0,0,0,0,0,0,1,0,0,0,0,0,0,0,0
data/audio_wav/004/004008.wav,5,1,2,1,0,0,0,0,1,0,0,0,0,0,0,1,0,0,0,0,0,0,0,0
data/audio_wav/004/004009.wav,5,1,2,1,0,0,0,0,1,0,0,0,0,0,0,1,0,0,0,0,0,0,0,0
data/audio_wav/004/004010.wav,5,1,2,1,0,0,0,0,1,0,0,0,0,0,0,1,0,0,0,0,0,0,0,0
data/audio_wav/004/004011.wav,5,1,2,1,0,0,0,0,1,0,0,0,0,0,0,1,0,0,0,0,0,0,0,0
data/audio_wav/004/004012.wav,5,1,2,1,0,0,0,0,1,0,0,0,0,0,0,1,0,0,0,0,0,0,0,0
data/audio_wav/004/004013.wav,5,1,2,1,0,0,0,0,1,0,0,0,0,0,0,1,0,0,0,0,0,0,0,0
data/audio_wav/004/004014.wav,5,1,2,1,0,0,0,0,1,0,0,0,0,0,0,1,0,0,0,0,0,0,0,0
data/audio_wav/004/004015.wav,5,1,2,1,0,0,0,0,1,0,0,0,0,0,0,1,0,0,0,0,0,0,0,0
data/audio_wav/004/004016.wav,5,1,2,1,0,0,0,0,1,0,0,0,0,0,0,1,0,0,0,0,0,0,0,0
data/audio_wav/004/004017.wav,5,1,2,1,0,0,0,0,1,0,0,0,0,0,0,1,0,0,0,0,0,0,0,0
data/audio_wav/004/004018.wav,5,1,2,1,0,0,0,0,1,0,0,0,0,0,0,1,0,0,0,0,0,0,0,0
data/audio_wav/004/004019.wav,5,1,2,1,0,0,0,0,1,0,0,0,0,0,0,1,0,0,0,0,0,0,0,0
data/audio_wav/004/004020.wav,5,1,2,1,0,0,0,0,1,0,0,0,0,0,0,1,0,0,0,0,0,0,0,0
data/audio_wav/004/004021.wav,5,1,2,1,0,0,0,0,1,0,0,0,0,0,0,1,0,0,0,0,0,0,0,0
data/audio_wav/004/004022.wav,5,1,2,1,0,0,0,0,1,0,0,0,0,0,0,1,0,0,0,0,0,0,0,0
data/audio_wav/004/004023.wav,5,1,2,1,0,0,0,0,1,0,0,0,0,0,0,1,0,0,0,0,0,0,0,0
data/audio_wav/004/004024.wav,5,1,2,1,0,0,0,0,1,0,0,0,0,0,0,1,0,0,0,0,0,0,0,0
data/audio_wav/004/004025.wav,5,1,2,1,0,0,0,0,1,0,0,0,0,0,0,1,0,0,0,0,0,0,0,0
data/audio_wav/004/004026.wav,5,1,2,1,0,0,0,0,1,0,0,0,0,0,0,1,0,0,0,0,0,0,0,0
data/audio_wav/004/004027.wav,5,1,2,1,0,0,0,0,1,0,0,0,0,0,0,1,0,0,0,0,0,0,0,0
data/audio_wav/004/004028.wav,5,1,2,1,0,0,0,0,1,0,0,0,0,0,0,1,0,0,0,0,0,0,0,0
data/audio_wav/004/004029.wav,5,1,2,1,0,0,0,0,1,0,0,0,0,0,0,1,0,0,0,0,0,0,0,0
data/audio_wav/004/004030.wav,5,1,2,1,0,0,0,0,1,0,0,0,0,0,0,1,0,0,0,0,0,0,0,0
data/audio_wav/004/004031.wav,5,1,2,1,0,0,0,0,1,0,0,0,0,0,0,1,0,0,0,0,0,0,0,0
data/audio_wav/004/004032.wav,5,1,2,1,0,0,0,0,1,0,0,0,0,0,0,1,0,0,0,0,0,0,0,0
data/audio_wav/004/004033.wav,5,1,2,1,0,0,0,0,1,0,0,0,0,0,0,1,0,0,0,0,0,0,0,0
data/audio_wav/004/004034.wav,5,1,2,1,0,0,0,0,1,0,0,0,0,0,0,1,0,0,0,0,0,0,0,0
data/audio_wav/004/004035.wav,5,1,2,1,0,0,0,0,1,0,0,0,0,0,0,1,0,0,0,0,0,0,0,0
data/audio_wav/004/004036.wav,5,1,2,1,0,0,0,0,1,0,0,0,0,0,0,1,0,0,0,0,0,0,0,0
data/audio_wav/004/004037.wav,5,1,2,1,0,0,0,0,1,0,0,0,0,0,0,1,0,0,0,0,0,0,0,0
data/audio_wav/004/004038.wav,5,1,2,1,0,0,0,0,1,0,0,0,0,0,0,1,0,0,0,0,0,0,0,0
data/audio_wav/004/004039.wav,5,1,2,1,0,0,0,0,1,0,0,0,0,0,0,1,0,0,0,0,0,0,0,0
data/audio_wav/004/004040.wav,5,1,2,1,0,0,0,0,1,0,0,0,0,0,0,1,0,0,0,0,0,0,0,0
data/audio_wav/004/004041.wav,5,1,2,1,0,0,0,0,1,0,0,0,0,0,0,1,0,0,0,0,0,0,0,0
data/audio_wav/004/004042.wav,5,1,2,1,0,0,0,0,1,0,0,0,0,0,0,1,0,0,0,0,0,0,0,0
data/audio_wav/004/004043.wav,5,1,2,1,0,0,0,0,1,0,0,0,0,0,0,1,0,0,0,0,0,0,0,0
data/audio_wav/004/004044.wav,5,1,2,1,0,0,0,0,1,0,0,0,0,0,0,1,0,0,0,0,0,0,0,0
data/audio_wav/004/004045.wav,5,1,2,1,0,0,0,0,1,0,0,0,0,0,0,1,0,0,0,0,0,0,0,0
data/audio_wav/004/004046.wav,5,1,2,1,0,0,0,0,1,0,0,0,0,0,0,1,0,0,0,0,0,0,0,0
data/audio_wav/004/004047.wav,5,1,2,1,0,0,0,0,1,0,0,0,0,0,0,1,0,0,0,0,0,0,0,0
data/audio_wav/004/004048.wav,5,1,2,1,0,0,0,0,1,0,0,0,0,0,0,1,0,0,0,0,0,0,0,0
data/audio_wav/004/004049.wav,5,1,2,1,0,0,0,0,1,0,0,0,0,0,0,1,0,0,0,0,0,0,0,0
data/audio_wav/005/005000.wav,6,1,1,1,0,0,0,0,1,0,0,0,0,0,0,0,1,0,0,0,0,0,0,0
data/audio_wav/005/005001.wav,6,1,1,1,0,0,0,0,1,0,0,0,0,0,0,0,1,0,0,0,0,0,0,0
data/audio_wav/005/005002.wav,6,1,1,1,0,0,0,0,1,0,0,0,0,0,0,0,1,0,0,0,0,0,0,0
data/audio_wav/005/005003.wav,6,1,1,1,0,0,0,0,1,0,0,0,0,0,0,0,1,0,0,0,0,0,0,0
data/audio_wav/005/005004.wav,6,1,1,1,0,0,0,0,1,0,0,0,0,0,0,0,1,0,0,0,0,0,0,0
data/audio_wav/005/005005.wav,6,1,1,1,0,0,0,0,1,0,0,0,0,0,0,0,1,0,0,0,0,0,0,0
data/audio_wav/005/005006.wav,6,1,1,1,0,0,0,0,1,0,0,0,0,0,0,0,1,0,0,0,0,0,0,0
data/audio_wav/005/005007.wav,6,1,1,1,0,0,0,0,1,0,0,0,0,0,0,0,1,0,0,0,0,0,0,0
data/audio_wav/005/005008.wav,6,1,1,1,0,0,0,0,1,0,0,0,0,0,0,0,1,0,0,0,0,0,0,0
data/audio_wav/005/005009.wav,6,1,1,1,0,0,0,0,1,0,0,0,0,0,0,0,1,0,0,0,0,0,0,0
data/audio_wav/005/005010.wav,6,1,1,1,0,0,0,0,1,0,0,0,0,0,0,0,1,0,0,0,0,0,0,0
data/audio_wav/005/005011.wav,6,1,1,1,0,0,0,0,1,0,0,0,0,0,0,0,1,0,0,0,0,0,0,0
data/audio_wav/005/005012.wav,6,1,1,1,0,0,0,0,1,0,0,0,0,0,0,0,1,0,0,0,0,0,0,0
data/audio_wav/005/005013.wav,6,1,1,1,0,0,0,0,1,0,0,0,0,0,0,0,1,0,0,0,0,0,0,0
data/audio_wav/005/005014.wav,6,1,1,1,0,0,0,0,1,0,0,0,0,0,0,0,1,0,0,0,0,0,0,0
data/audio_wav/005/005015.wav,6,1,1,1,0,0,0,0,1,0,0,0,0,0,0,0,1,0,0,0,0,0,0,0
data/audio_wav/005/005016.wav,6,1,1,1,0,0,0,0,1,0,0,0,0,0,0,0,1,0,0,0,0,0,0,0
data/audio_wav/005/005017.wav,6,1,1,1,0,0,0,0,1,0,0,0,0,0,0,0,1,0,0,0,0,0,0,0
data/audio_wav/005/005018.wav,6,1,1,1,0,0,0,0,1,0,0,0,0,0,0,0,1,0,0,0,0,0,0,0
data/audio_wav/005/005019.wav,6,1,1,1,0,0,0,0,1,0,0,0,0,0,0,0,1,0,0,0,0,0,0,0
data/audio_wav/005/005020.wav,6,1,1,1,0,0,0,0,1,0,0,0,0,0,0,0,1,0,0,0,0,0,0,0
data/audio_wav/005/005021.wav,6,1,1,1,0,0,0,0,1,0,0,0,0,0,0,0,1,0,0,0,0,0,0,0
data/audio_wav/005/005022.wav,6,1,1,1,0,0,0,0,1,0,0,0,0,0,0,0,1,0,0,0,0,0,0,0
data/audio_wav/005/005023.wav,6,1,1,1,0,0,0,0,1,0,0,0,0,0,0,0,1,0,0,0,0,0,0,0
data/audio_wav/005/005024.wav,6,1,1,1,0,0,0,0,1,0,0,0,0,0,0,0,1,0,0,0,0,0,0,0
data/audio_wav/005/005025.wav,6,1,1,1,0,0,0,0,1,0,0,0,0,0,0,0,1,0,0,0,0,0,0,0
data/audio_wav/005/005026.wav,6,1,1,1,0,0,0,0,1,0,0,0,0,0,0,0,1,0,0,0,0,0,0,0
data/audio_wav/005/005027.wav,6,1,1,1,0,0,0,0,1,0,0,0,0,0,0,0,1,0,0,0,0,0,0,0
data/audio_wav/005/005028.wav,6,1,1,1,0,0,0,0,1,0,0,0,0,0,0,0,1,0,0,0,0,0,0,0
data/audio_wav/005/005029.wav,6,1,1,1,0,0,0,0,1,0,0,0,0,0,0,0,1,0,0,0,0,0,0,0
data/audio_wav/005/005030.wav,6,1,1,1,0,0,0,0,1,0,0,0,0,0,0,0,1,0,0,0,0,0,0,0
data/audio_wav/005/005031.wav,6,1,1,1,0,0,0,0,1,0,0,0,0,0,0,0,1,0,0,0,0,0,0,0
data/audio_wav/005/005032.wav,6,1,1,1,0,0,0,0,1,0,0,0,0,0,0,0,1,0,0,0,0,0,0,0
data/audio_wav/005/005033.wav,6,1,1,1,0,0,0,0,1,0,0,0,0,0,0,0,1,0,0,0,0,0,0,0
data/audio_wav/005/005034.wav,6,1,1,1,0,0,0,0,1,0,0,0,0,0,0,0,1,0,0,0,0,0,0,0
data/audio_wav/005/005035.wav,6,1,1,1,0,0,0,0,1,0,0,0,0,0,0,0,1,0,0,0,0,0,0,0
data/audio_wav/005/005036.wav,6,1,1,1,0,0,0,0,1,0,0,0,0,0,0,0,1,0,0,0,0,0,0,0
data/audio_wav/005/005037.wav,6,1,1,1,0,0,0,0,1,0,0,0,0,0,0,0,1,0,0,0,0,0,0,0
data/audio_wav/005/005038.wav,6,1,1,1,0,0,0,0,1,0,0,0,0,0,0,0,1,0,0,0,0,0,0,0
data/audio_wav/005/005039.wav,6,1,1,1,0,0,0,0,1,0,0,0,0,0,0,0,1,0,0,0,0,0,0,0
data/audio_wav/005/005040.wav,6,1,1,1,0,0,0,0,1,0,0,0,0,0,0,0,1,0,0,0,0,0,0,0
data/audio_wav/005/005041.wav,6,1,1,1,0,0,0,0,1,0,0,0,0,0,0,0,1,0,0,0,0,0,0,0
data/audio_wav/005/005042.wav,6,1,1,1,0,0,0,0,1,0,0,0,0,0,0,0,1,0,0,0,0,0,0,0
data/audio_wav/005/005043.wav,6,1,1,1,0,0,0,0,1,0,0,0,0,0,0,0,1,0,0,0,0,0,0,0
data/audio_wav/005/005044.wav,6,1,1,1,0,0,0,0,1,0,0,0,0,0,0,0,1,0,0,0,0,0,0,0
data/audio_wav/005/005045.wav,6,1,1,1,0,0,0,0,1,0,0,0,0,0,0,0,1,0,0,0,0,0,0,0
data/audio_wav/005/005046.wav,6,1,1,1,0,0,0,0,1,0,0,0,0,0,0,0,1,0,0,0,0,0,0,0
data/audio_wav/005/005047.wav,6,1,1,1,0,0,0,0,1,0,0,0,0,0,0,0,1,0,0,0,0,0,0,0
data/audio_wav/005/005048.wav,6,1,1,1,0,0,0,0,1,0,0,0,0,0,0,0,1,0,0,0,0,0,0,0
data/audio_wav/005/005049.wav,6,1,1,1,0,0,0,0,1,0,0,0,0,0,0,0,1,0,0,0,0,0,0,0
data/audio_wav/006/006000.wav,7,0,0,1,0,0,0,0,1,0,0,0,0,0,0,0,0,1,0,0,0,0,0,0
data/audio_wav/006/006001.wav,7,0,0,1,0,0,0,0,1,0,0,0,0,0,0,0,0,1,0,0,0,0,0,0
data/audio_wav/006/006002.wav,7,0,0,1,0,0,0,0,1,0,0,0,0,0,0,0,0,1,0,0,0,0,0,0
data/audio_wav/006/006003.wav,7,0,0,1,0,0,0,0,1,0,0,0,0,0,0,0,0,1,0,0,0,0,0,0
data/audio_wav/006/006004.wav,7,0,0,1,0,0,0,0,1,0,0,0,0,0,0,0,0,1,0,0,0,0,0,0
data/audio_wav/006/006005.wav,7,0,0,1,0,0,0,0,1,0,0,0,0,0,0,0,0,1,0,0,0,0,0,0
data/audio_wav/006/006006.wav,7,0,0,1,0,0,0,0,1,0,0,0,0,0,0,0,0,1,0,0,0,0,0,0
data/audio_wav/006/006007.wav,7,0,0,1,0,0,0,0,1,0,0,0,0,0,0,0,0,1,0,0,0,0,0,0
data/audio_wav/006/006008.wav,7,0,0,1,0,0,0,0,1,0,0,0,0,0,0,0,0,1,0,0,0,0,0,0
data/audio_wav/006/006009.wav,7,0,0,1,0,0,0,0,1,0,0,0,0,0,0,0,0,1,0,0,0,0,0,0
data/audio_wav/006/006010.wav,7,0,0,1,0,0,0,0,1,0,0,0,0,0,0,0,0,1,0,0,0,0,0,0
data/audio_wav/006/006011.wav,7,0,0,1,0,0,0,0,1,0,0,0,0,0,0,0,0,1,0,0,0,0,0,0
data/audio_wav/006/006012.wav,7,0,0,1,0,0,0,0,1,0,0,0,0,0,0,0,0,1,0,0,0,0,0,0
data/audio_wav/006/006013.wav,7,0,0,1,0,0,0,0,1,0,0,0,0,0,0,0,0,1,0,0,0,0,0,0
data/audio_wav/006/006014.wav,7,0,0,1,0,0,0,0,1,0,0,0,0,0,0,0,0,1,0,0,0,0,0,0
data/audio_wav/006/006015.wav,7,0,0,1,0,0,0,0,1,0,0,0,0,0,0,0,0,1,0,0,0,0,0,0
data/audio_wav/006/006016.wav,7,0,0,1,0,0,0,0,1,0,0,0,0,0,0,0,0,1,0,0,0,0,0,0
data/audio_wav/006/006017.wav,7,0,0,1,0,0,0,0,1,0,0,0,0,0,0,0,0,1,0,0,0,0,0,0
data/audio_wav/006/006018.wav,7,0,0,1,0,0,0,0,1,0,0,0,0,0,0,0,0,1,0,0,0,0,0,0
data/audio_wav/006/006019.wav,7,0,0,1,0,0,0,0,1,0,0,0,0,0,0,0,0,1,0,0,0,0,0,0
data/audio_wav/006/006020.wav,7,0,0,1,0,0,0,0,1,0,0,0,0,0,0,0,0,1,0,0,0,0,0,0
data/audio_wav/006/006021.wav,7,0,0,1,0,0,0,0,1,0,0,0,0,0,0,0,0,1,0,0,0,0,0,0
data/audio_wav/006/006022.wav,7,0,0,1,0,0,0,0,1,0,0,0,0,0,0,0,0,1,0,0,0,0,0,0
data/audio_wav/006/006023.wav,7,0,0,1,0,0,0,0,1,0,0,0,0,0,0,0,0,1,0,0,0,0,0,0
data/audio_wav/006/006024.wav,7,0,0,1,0,0,0,0,1,0,0,0,0,0,0,0,0,1,0,0,0,0,0,0
data/audio_wav/006/006025.wav,7,0,0,1,0,0,0,0,1,0,0,0,0,0,0,0,0,1,0,0,0,0,0,0
data/audio_wav/006/006026.wav,7,0,0,1,0,0,0,0,1,0,0,0,0,0,0,0,0,1,0,0,0,0,0,0
data/audio_wav/006/006027.wav,7,0,0,1,0,0,0,0,1,0,0,0,0,0,0,0,0,1,0,0,0,0,0,0
data/audio_wav/006/006028.wav,7,0,0,1,0,0,0,0,1,0,0,0,0,0,0,0,0,1,0,0,0,0,0,0
data/audio_wav/006/006029.wav,7,0,0,1,0,0,0,0,1,0,0,0,0,0,0,0,0,1,0,0,0,0,0,0
data/audio_wav/006/006030.wav,7,0,0,1,0,0,0,0,1,0,0,0,0,0,0,0,0,1,0,0,0,0,0,0
data/audio_wav/006/006031.wav,7,0,0,1,0,0,0,0,1,0,0,0,0,0,0,0,0,1,0,0,0,0,0,0
data/audio_wav/006/006032.wav,7,0,0,1,0,0,0,0,1,0,0,0,0,0,0,0,0,1,0,0,0,0,0,0
data/audio_wav/006/006033.wav,7,0,0,1,0,0,0,0,1,0,0,0,0,0,0,0,0,1,0,0,0,0,0,0
data/audio_wav/006/006034.wav,7,0,0,1,0,0,0,0,1,0,0,0,0,0,0,0,0,1,0,0,0,0,0,0
data/audio_wav/006/006035.wav,7,0,0,1,0,0,0,0,1,0,0,0,0,0,0,0,0,1,0,0,0,0,0,0
data/audio_wav/006/006036.wav,7,0,0,1,0,0,0,0,1,0,0,0,0,0,0,0,0,1,0,0,0,0,0,0
data/audio_wav/006/006037.wav,7,0,0,1,0,0,0,0,1,0,0,0,0,0,0,0,0,1,0,0,0,0,0,0
data/audio_wav/006/006038.wav,7,0,0,1,0,0,0,0,1,0,0,0,0,0,0,0,0,1,0,0,0,0,0,0
data/audio_wav/006/006039.wav,7,0,0,1,0,0,0,0,1,0,0,0,0,0,0,0,0,1,0,0,0,0,0,0
data/audio_wav/006/006040.wav,7,0,0,1,0,0,0,0,1,0,0,0,0,0,0,0,0,1,0,0,0,0,0,0
data/audio_wav/006/006041.wav,7,0,0,1,0,0,0,0,1,0,0,0,0,0,0,0,0,1,0,0,0,0,0,0
data/audio_wav/006/006042.wav,7,0,0,1,0,0,0,0,1,0,0,0,0,0,0,0,0,1,0,0,0,0,0,0
data/audio_wav/006/006043.wav,7,0,0,1,0,0,0,0,1,0,0,0,0,0,0,0,0,1,0,0,0,0,0,0
data/audio_wav/006/006044.wav,7,0,0,1,0,0,0,0,1,0,0,0,0,0,0,0,0,1,0,0,0,0,0,0
data/audio_wav/006/006045.wav,7,0,0,1,0,0,0,0,1,0,0,0,0,0,0,0,0,1,0,0,0,0,0,0
data/audio_wav/006/006046.wav,7,0,0,1,0,0,0,0,1,0,0,0,0,0,0,0,0,1,0,0,0,0,0,0
data/audio_wav/006/006047.wav,7,0,0,1,0,0,0,0,1,0,0,0,0,0,0,0,0,1,0,0,0,0,0,0
data/audio_wav/006/006048.wav,7,0,0,1,0,0,0,0,1,0,0,0,0,0,0,0,0,1,0,0,0,0,0,0
data/audio_wav/006/006049.wav,7,0,0,1,0,0,0,0,1,0,0,0,0,0,0,0,0,1,0,0,0,0,0,0
data/audio_wav/007/007000.wav,8,1,1,1,0,0,0,0,1,0,0,0,0,0,0,0,0,0,1,0,0,0,0,0
data/audio_wav/007/007001.wav,8,1,1,1,0,0,0,0,1,0,0,0,0,0,0,0,0,0,1,0,0,0,0,0
data/audio_wav/007/007002.wav,8,1,1,1,0,0,0,0,1,0,0,0,0,0,0,0,0,0,1,0,0,0,0,0
data/audio_wav/007/007003.wav,8,1,1,1,0,0,0,0,1,0,0,0,0,0,0,0,0,0,1,0,0,0,0,0
data/audio_wav/007/007004.wav,8,1,1,1,0,0,0,0,1,0,0,0,0,0,0,0,0,0,1,0,0,0,0,0
data/audio_wav/007/007005.wav,8,1,1,1,0,0,0,0,1,0,0,0,0,0,0,0,0,0,1,0,0,0,0,0
data/audio_wav/007/007006.wav,8,1,1,1,0,0,0,0,1,0,0,0,0,0,0,0,0,0,1,0,0,0,0,0
data/audio_wav/007/007007.wav,8,1,1,1,0,0,0,0,1,0,0,0,0,0,0,0,0,0,1,0,0,0,0,0
data/audio_wav/007/007008.wav,8,1,1,1,0,0,0,0,1,0,0,0,0,0,0,0,0,0,1,0,0,0,0,0
data/audio_wav/007/007009.wav,8,1,1,1,0,0,0,0,1,0,0,0,0,0,0,0,0,0,1,0,0,0,0,0
data/audio_wav/007/007010.wav,8,1,1,1,0,0,0,0,1,0,0,0,0,0,0,0,0,0,1,0,0,0,0,0
data/audio_wav/007/007011.wav,8,1,1,1,0,0,0,0,1,0,0,0,0,0,0,0,0,0,1,0,0,0,0,0
data/audio_wav/007/007012.wav,8,1,1,1,0,0,0,0,1,0,0,0,0,0,0,0,0,0,1,0,0,0,0,0
data/audio_wav/007/007013.wav,8,1,1,1,0,0,0,0,1,0,0,0,0,0,0,0,0,0,1,0,0,0,0,0
data/audio_wav/007/007014.wav,8,1,1,1,0,0,0,0,1,0,0,0,0,0,0,0,0,0,1,0,0,0,0,0
data/audio_wav/007/007015.wav,8,1,1,1,0,0,0,0,1,0,0,0,0,0,0,0,0,0,1,0,0,0,0,0
data/audio_wav/007/007016.wav,8,1,1,1,0,0,0,0,1,0,0,0,0,0,0,0,0,0,1,0,0,0,0,0
data/audio_wav/007/007017.wav,8,1,1,1,0,0,0,0,1,0,0,0,0,0,0,0,0,0,1,0,0,0,0,0
data/audio_wav/007/007018.wav,8,1,1,1,0,0,0,0,1,0,0,0,0,0,0,0,0,0,1,0,0,0,0,0
data/audio_wav/007/007019.wav,8,1,1,1,0,0,0,0,1,0,0,0,0,0,0,0,0,0,1,0,0,0,0,0
data/audio_wav/007/007020.wav,8,1,1,1,0,0,0,0,1,0,0,0,0,0,0,0,0,0,1,0,0,0,0,0
data/audio_wav/007/007021.wav,8,1,1,1,0,0,0,0,1,0,0,0,0,0,0,0,0,0,1,0,0,0,0,0
data/audio_wav/007/007022.wav,8,1,1,1,0,0,0,0,1,0,0,0,0,0,0,0,0,0,1,0,0,0,0,0
data/audio_wav/007/007023.wav,8,1,1,1,0,0,0,0,1,0,0,0,0,0,0,0,0,0,1,0,0,0,0,0
data/audio_wav/007/007024.wav,8,1,1,1,0,0,0,0,1,0,0,0,0,0,0,0,0,0,1,0,0,0,0,0
data/audio_wav/007/007025.wav,8,1,1,1,0,0,0,0,1,0,0,0,0,0,0,0,0,0,1,0,0,0,0,0
data/audio_wav/007/007026.wav,8,1,1,1,0,0,0,0,1,0,0,0,0,0,0,0,0,0,1,0,0,0,0,0
data/audio_wav/007/007027.wav,8,1,1,1,0,0,0,0,1,0,0,0,0,0,0,0,0,0,1,0,0,0,0,0
data/audio_wav/007/007028.wav,8,1,1,1,0,0,0,0,1,0,0,0,0,0,0,0,0,0,1,0,0,0,0,0
data/audio_wav/007/007029.wav,8,1,1,1,0,0,0,0,1,0,0,0,0,0,0,0,0,0,1,0,0,0,0,0
data/audio_wav/007/007030.wav,8,1,1,1,0,0,0,0,1,0,0,0,0,0,0,0,0,0,1,0,0,0,0,0
data/audio_wav/007/007031.wav,8,1,1,1,0,0,0,0,1,0,0,0,0,0,0,0,0,0,1,0,0,0,0,0
data/audio_wav/007/007032.wav,8,1,1,1,0,0,0,0,1,0,0,0,0,0,0,0,0,0,1,0,0,0,0,0
data/audio_wav/007/007033.wav,8,1,1,1,0,0,0,0,1,0,0,0,0,0,0,0,0,0,1,0,0,0,0,0
data/audio_wav/007/007034.wav,8,1,1,1,0,0,0,0,1,0,0,0,0,0,0,0,0,0,1,0,0,0,0,0
data/audio_wav/007/007035.wav,8,1,1,1,0,0,0,0,1,0,0,0,0,0,0,0,0,0,1,0,0,0,0,0
data/audio_wav/007/007036.wav,8,1,1,1,0,0,0,0,1,0,0,0,0,0,0,0,0,0,1,0,0,0,0,0
data/audio_wav/007/007037.wav,8,1,1,1,0,0,0,0,1,0,0,0,0,0,0,0,0,0,1,0,0,0,0,0
data/audio_wav/007/007038.wav,8,1,1,1,0,0,0,0,1,0,0,0,0,0,0,0,0,0,1,0,0,0,0,0
data/audio_wav/007/007039.wav,8,1,1,1,0,0,0,0,1,0,0,0,0,0,0,0,0,0,1,0,0,0,0,0
data/audio_wav/007/007040.wav,8,1,1,1,0,0,0,0,1,0,0,0,0,0,0,0,0,0,1,0,0,0,0,0
data/audio_wav/007/007041.wav,8,1,1,1,0,0,0,0,1,0,0,0,0,0,0,0,0,0,1,0,0,0,0,0
data/audio_wav/007/007042.wav,8,1,1,1,0,0,0,0,1,0,0,0,0,0,0,0,0,0,1,0,0,0,0,0
data/audio_wav/007/007043.wav,8,1,1,1,0,0,0,0,1,0,0,0,0,0,0,0,0,0,1,0,0,0,0,0
data/audio_wav/007/007044.wav,8,1,1,1,0,0,0,0,1,0,0,0,0,0,0,0,0,0,1,0,0,0,0,0
data/audio_wav/007/007045.wav,8,1,1,1,0,0,0,0,1,0,0,0,0,0,0,0,0,0,1,0,0,0,0,0
data/audio_wav/007/007046.wav,8,1,1,1,0,0,0,0,1,0,0,0,0,0,0,0,0,0,1,0,0,0,0,0
data/audio_wav/007/007047.wav,8,1,1,1,0,0,0,0,1,0,0,0,0,0,0,0,0,0,1,0,0,0,0,0
data/audio_wav/007/007048.wav,8,1,1,1,0,0,0,0,1,0,0,0,0,0,0,0,0,0,1,0,0,0,0,0
data/audio_wav/007/007049.wav,8,1,1,1,0,0,0,0,1,0,0,0,0,0,0,0,0,0,1,0,0,0,0,0
data/audio_wav/008/008000.wav,9,0,0,1,0,0,0,0,1,0,0,0,0,0,0,0,0,0,0,1,0,0,0,0
data/audio_wav/008/008001.wav,9,0,0,1,0,0,0,0,1,0,0,0,0,0,0,0,0,0,0,1,0,0,0,0
data/audio_wav/008/008002.wav,9,0,0,1,0,0,0,0,1,0,0,0,0,0,0,0,0,0,0,1,0,0,0,0
data/audio_wav/008/008003.wav,9,0,0,1,0,0,0,0,1,0,0,0,0,0,0,0,0,0,0,1,0,0,0,0
data/audio_wav/008/008004.wav,9,0,0,1,0,0,0,0,1,0,0,0,0,0,0,0,0,0,0,1,0,0,0,0
data/audio_wav/008/008005.wav,9,0,0,1,0,0,0,0,1,0,0,0,0,0,0,0,0,0,0,1,0,0,0,0
data/audio_wav/008/008006.wav,9,0,0,1,0,0,0,0,1,0,0,0,0,0,0,0,0,0,0,1,0,0,0,0
data/audio_wav/008/008007.wav,9,0,0,1,0,0,0,0,1,0,0,0,0,0,0,0,0,0,0,1,0,0,0,0
data/audio_wav/008/008008.wav,9,0,0,1,0,0,0,0,1,0,0,0,0,0,0,0,0,0,0,1,0,0,0,0
data/audio_wav/008/008009.wav,9,0,0,1,0,0,0,0,1,0,0,0,0,0,0,0,0,0,0,1,0,0,0,0
data/audio_wav/008/008010.wav,9,0,0,1,0,0,0,0,1,0,0,0,0,0,0,0,0,0,0,1,0,0,0,0
data/audio_wav/008/008011.wav,9,0,0,1,0,0,0,0,1,0,0,0,0,0,0,0,0,0,0,1,0,0,0,0
data/audio_wav/008/008012.wav,9,0,0,1,0,0,0,0,1,0,0,0,0,0,0,0,0,0,0,1,0,0,0,0
data/audio_wav/008/008013.wav,9,0,0,1,0,0,0,0,1,0,0,0,0,0,0,0,0,0,0,1,0,0,0,0
data/audio_wav/008/008014.wav,9,0,0,1,0,0,0,0,1,0,0,0,0,0,0,0,0,0,0,1,0,0,0,0
data/audio_wav/008/008015.wav,9,0,0,1,0,0,0,0,1,0,0,0,0,0,0,0,0,0,0,1,0,0,0,0
data/audio_wav/008/008016.wav,9,0,0,1,0,0,0,0,1,0,0,0,0,0,0,0,0,0,0,1,0,0,0,0
data/audio_wav/008/008017.wav,9,0,0,1,0,0,0,0,1,0,0,0,0,0,0,0,0,0,0,1,0,0,0,0
data/audio_wav/008/008018.wav,9,0,0,1,0,0,0,0,1,0,0,0,0,0,0,0,0,0,0,1,0,0,0,0
data/audio_wav/008/008019.wav,9,0,0,1,0,0,0,0,1,0,0,0,0,0,0,0,0,0,0,1,0,0,0,0
data/audio_wav/008/008020.wav,9,0,0,1,0,0,0,0,1,0,0,0,0,0,0,0,0,0,0,1,0,0,0,0
data/audio_wav/008/008021.wav,9,0,0,1,0,0,0,0,1,0,0,0,0,0,0,0,0,0,0,1,0,0,0,0
data/audio_wav/008/008022.wav,9,0,0,1,0,0,0,0,1,0,0,0,0,0,0,0,0,0,0,1,0,0,0,0
data/audio_wav/008/008023.wav,9,0,0,1,0,0,0,0,1,0,0,0,0,0,0,0,0,0,0,1,0,0,0,0
data/audio_wav/008/008024.wav,9,0,0,1,0,0,0,0,1,0,0,0,0,0,0,0,0,0,0,1,0,0,0,0
data/audio_wav/008/008025.wav,9,0,0,1,0,0,0,0,1,0,0,0,0,0,0,0,0,0,0,1,0,0,0,0
data/audio_wav/008/008026.wav,9,0,0,1,0,0,0,0,1,0,0,0,0,0,0,0,0,0,0,1,0,0,0,0
data/audio_wav/008/008027.wav,9,0,0,1,0,0,0,0,1,0,0,0,0,0,0,0,0,0,0,1,0,0,0,0
data/audio_wav/008/008028.wav,9,0,0,1,0,0,0,0,1,0,0,0,0,0,0,0,0,0,0,1,0,0,0,0
data/audio_wav/008/008029.wav,9,0,0,1,0,0,0,0,1,0,0,0,0,0,0,0,0,0,0,1,0,0,0,0
data/audio_wav/008/008030.wav,9,0,0,1,0,0,0,0,1,0,0,0,0,0,0,0,0,0,0,1,0,0,0,0
data/audio_wav/008/008031.wav,9,0,0,1,0,0,0,0,1,0,0,0,0,0,0,0,0,0,0,1,0,0,0,0
data/audio_wav/008/008032.wav,9,0,0,1,0,0,0,0,1,0,0,0,0,0,0,0,0,0,0,1,0,0,0,0
data/audio_wav/008/008033.wav,9,0,0,1,0,0,0,0,1,0,0,0,0,0,0,0,0,0,0,1,0,0,0,0
data/audio_wav/008/008034.wav,9,0,0,1,0,0,0,0,1,0,0,0,0,0,0,0,0,0,0,1,0,0,0,0
data/audio_wav/008/008035.wav,9,0,0,1,0,0,0,0,1,0,0,0,0,0,0,0,0,0,0,1,0,0,0,0
data/audio_wav/008/008036.wav,9,0,0,1,0,0,0,0,1,0,0,0,0,0,0,0,0,0,0,1,0,0,0,0
data/audio_wav/008/008037.wav,9,0,0,1,0,0,0,0,1,0,0,0,0,0,0,0,0,0,0,1,0,0,0,0
data/audio_wav/008/008038.wav,9,0,0,1,0,0,0,0,1,0,0,0,0,0,0,0,0,0,0,1,0,0,0,0
data/audio_wav/008/008039.wav,9,0,0,1,0,0,0,0,1,0,0,0,0,0,0,0,0,0,0,1,0,0,0,0
data/audio_wav/008/008040.wav,9,0,0,1,0,0,0,0,1,0,0,0,0,0,0,0,0,0,0,1,0,0,0,0
data/audio_wav/008/008041.wav,9,0,0,1,0,0,0,0,1,0,0,0,0,0,0,0,0,0,0,1,0,0,0,0
data/audio_wav/008/008042.wav,9,0,0,1,0,0,0,0,1,0,0,0,0,0,0,0,0,0,0,1,0,0,0,0
data/audio_wav/008/008043.wav,9,0,0,1,0,0,0,0,1,0,0,0,0,0,0,0,0,0,0,1,0,0,0,0
data/audio_wav/008/008044.wav,9,0,0,1,0,0,0,0,1,0,0,0,0,0,0,0,0,0,0,1,0,0,0,0
data/audio_wav/008/008045.wav,9,0,0,1,0,0,0,0,1,0,0,0,0,0,0,0,0,0,0,1,0,0,0,0
data/audio_wav/008/008046.wav,9,0,0,1,0,0,0,0,1,0,0,0,0,0,0,0,0,0,0,1,0,0,0,0
data/audio_wav/008/008047.wav,9,0,0,1,0,0,0,0,1,0,0,0,0,0,0,0,0,0,0,1,0,0,0,0
data/audio_wav/008/008048.wav,9,0,0,1,0,0,0,0,1,0,0,0,0,0,0,0,0,0,0,1,0,0,0,0
data/audio_wav/008/008049.wav,9,0,0,1,0,0,0,0,1,0,0,0,0,0,0,0,0,0,0,1,0,0,0,0
data/audio_wav/009/009000.wav,10,1,1,1,0,0,0,0,1,0,0,0,0,0,0,0,0,0,0,0,1,0,0,0
data/audio_wav/009/009001.wav,10,1,1,1,0,0,0,0,1,0,0,0,0,0,0,0,0,0,0,0,1,0,0,0
data/audio_wav/009/009002.wav,10,1,1,1,0,0,0,0,1,0,0,0,0,0,0,0,0,0,0,0,1,0,0,0
data/audio_wav/009/009003.wav,10,1,1,1,0,0,0,0,1,0,0,0,0,0,0,0,0,0,0,0,1,0,0,0
data/audio_wav/009/009004.wav,10,1,1,1,0,0,0,0,1,0,0,0,0,0,0,0,0,0,0,0,1,0,0,0
data/audio_wav/009/009005.wav,10,1,1,1,0,0,0,0,1,0,0,0,0,0,0,0,0,0,0,0,1,0,0,0
data/audio_wav/009/009006.wav,10,1,1,1,0,0,0,0,1,0,0,0,0,0,0,0,0,0,0,0,1,0,0,0
data/audio_wav/009/009007.wav,10,1,1,1,0,0,0,0,1,0,0,0,0,0,0,0,0,0,0,0,1,0,0,0
data/audio_wav/009/009008.wav,10,1,1,1,0,0,0,0,1,0,0,0,0,0,0,0,0,0,0,0,1,0,0,0
data/audio_wav/009/009009.wav,10,1,1,1,0,0,0,0,1,0,0,0,0,0,0,0,0,0,0,0,1,0,0,0
data/audio_wav/009/009010.wav,10,1,1,1,0,0,0,0,1,0,0,0,0,0,0,0,0,0,0,0,1,0,0,0
data/audio_wav/009/009011.wav,10,1,1,1,0,0,0,0,1,0,0,0,0,0,0,0,0,0,0,0,1,0,0,0
data/audio_wav/009/009012.wav,10,1,1,1,0,0,0,0,1,0,0,0,0,0,0,0,0,0,0,0,1,0,0,0
data/audio_wav/009/009013.wav,10,1,1,1,0,0,0,0,1,0,0,0,0,0,0,0,0,0,0,0,1,0,0,0
data/audio_wav/009/009014.wav,10,1,1,1,0,0,0,0,1,0,0,0,0,0,0,0,0,0,0,0,1,0,0,0
data/audio_wav/009/009015.wav,10,1,1,1,0,0,0,0,1,0,0,0,0,0,0,0,0,0,0,0,1,0,0,0
data/audio_wav/009/009016.wav,10,1,1,1,0,0,0,0,1,0,0,0,0,0,0,0,0,0,0,0,1,0,0,0
data/audio_wav/009/009017.wav,10,1,1,1,0,0,0,0,1,0,0,0,0,0,0,0,0,0,0,0,1,0,0,0
data/audio_wav/009/009018.wav,10,1,1,1,0,0,0,0,1,0,0,0,0,0,0,0,0,0,0,0,1,0,0,0
data/audio_wav/009/009019.wav,10,1,1,1,0,0,0,0,1,0,0,0,0,0,0,0,0,0,0,0,1,0,0,0
data/audio_wav/009/009020.wav,10,1,1,1,0,0,0,0,1,0,0,0,0,0,0,0,0,0,0,0,1,0,0,0
data/audio_wav/009/009021.wav,10,1,1,1,0,0,0,0,1,0,0,0,0,0,0,0,0,0,0,0,1,0,0,0
data/audio_wav/009/009022.wav,10,1,1,1,0,0,0,0,1,0,0,0,0,0,0,0,0,0,0,0,1,0,0,0
data/audio_wav/009/009023.wav,10,1,1,1,0,0,0,0,1,0,0,0,0,0,0,0,0,0,0,0,1,0,0,0
data/audio_wav/009/009024.wav,10,1,1,1,0,0,0,0,1,0,0,0,0,0,0,0,0,0,0,0,1,0,0,0
data/audio_wav/009/009025.wav,10,1,1,1,0,0,0,0,1,0,0,0,0,0,0,0,0,0,0,0,1,0,0,0
data/audio_wav/009/009026.wav,10,1,1,1,0,0,0,0,1,0,0,0,0,0,0,0,0,0,0,0,1,0,0,0
data/audio_wav/009/009027.wav,10,1,1,1,0,0,0,0,1,0,0,0,0,0,0,0,0,0,0,0,1,0,0,0
data/audio_wav/009/009028.wav,10,1,1,1,0,0,0,0,1,0,0,0,0,0,0,0,0,0,0,0,1,0,0,0
data/audio_wav/009/009029.wav,10,1,1,1,0,0,0,0,1,0,0,0,0,0,0,0,0,0,0,0,1,0,0,0
data/audio_wav/009/009030.wav,10,1,1,1,0,0,0,0,1,0,0,0,0,0,0,0,0,0,0,0,1,0,0,0
data/audio_wav/009/009031.wav,10,1,1,1,0,0,0,0,1,0,0,0,0,0,0,0,0,0,0,0,1,0,0,0
data/audio_wav/009/009032.wav,10,1,1,1,0,0,0,0,1,0,0,0,0,0,0,0,0,0,0,0,1,0,0,0
data/audio_wav/009/009033.wav,10,1,1,1,0,0,0,0,1,0,0,0,0,0,0,0,0,0,0,0,1,0,0,0
data/audio_wav/009/009034.wav,10,1,1,1,0,0,0,0,1,0,0,0,0,0,0,0,0,0,0,0,1,0,0,0
data/audio_wav/009/009035.wav,10,1,1,1,0,0,0,0,1,0,0,0,0,0,0,0,0,0,0,0,1,0,0,0
data/audio_wav/009/009036.wav,10,1,1,1,0,0,0,0,1,0,0,0,0,0,0,0,0,0,0,0,1,0,0,0
data/audio_wav/009/009037.wav,10,1,1,1,0,0,0,0,1,0,0,0,0,0,0,0,0,0,0,0,1,0,0,0
data/audio_wav/009/009038.wav,10,1,1,1,0,0,0,0,1,0,0,0,0,0,0,0,0,0,0,0,1,0,0,0
data/audio_wav/009/009039.wav,10,1,1,1,0,0,0,0,1,0,0,0,0,0,0,0,0,0,0,0,1,0,0,0
data/audio_wav/009/009040.wav,10,1,1,1,0,0,0,0,1,0,0,0,0,0,0,0,0,0,0,0,1,0,0,0
data/audio_wav/009/009041.wav,10,1,1,1,0,0,0,0,1,0,0,0,0,0,0,0,0,0,0,0,1,0,0,0
data/audio_wav/009/009042.wav,10,1,1,1,0,0,0,0,1,0,0,0,0,0,0,0,0,0,0,0,1,0,0,0
data/audio_wav/009/009043.wav,10,1,1,1,0,0,0,0,1,0,0,0,0,0,0,0,0,0,0,0,1,0,0,0
data/audio_wav/009/009044.wav,10,1,1,1,0,0,0,0,1,0,0,0,0,0,0,0,0,0,0,0,1,0,0,0
data/audio_wav/009/009045.wav,10,1,1,1,0,0,0,0,1,0,0,0,0,0,0,0,0,0,0,0,1,0,0,0
data/audio_wav/009/009046.wav,10,1,1,1,0,0,0,0,1,0,0,0,0,0,0,0,0,0,0,0,1,0,0,0
data/audio_wav/009/009047.wav,10,1,1,1,0,0,0,0,1,0,0,0,0,0,0,0,0,0,0,0,1,0,0,0
data/audio_wav/009/009048.wav,10,1,1,1,0,0,0,0,1,0,0,0,0,0,0,0,0,0,0,0,1,0,0,0
data/audio_wav/009/009049.wav,10,1,1,1,0,0,0,0,1,0,0,0,0,0,0,0,0,0,0,0,1,0,0,0
data/audio_wav/010/010000.wav,11,0,0,1,0,0,0,0,1,0,0,0,0,0,0,0,0,0,0,0,0,1,0,0
data/audio_wav/010/010001.wav,11,0,0,1,0,0,0,0,1,0,0,0,0,0,0,0,0,0,0,0,0,1,0,0
data/audio_wav/010/010002.wav,11,0,0,1,0,0,0,0,1,0,0,0,0,0,0,0,0,0,0,0,0,1,0,0
data/audio_wav/010/010003.wav,11,0,0,1,0,0,0,0,1,0,0,0,0,0,0,0,0,0,0,0,0,1,0,0
data/audio_wav/010/010004.wav,11,0,0,1,0,0,0,0,1,0,0,0,0,0,0,0,0,0,0,0,0,1,0,0
data/audio_wav/010/010005.wav,11,0,0,1,0,0,0,0,1,0,0,0,0,0,0,0,0,0,0,0,0,1,0,0
data/audio_wav/010/010006.wav,11,0,0,1,0,0,0,0,1,0,0,0,0,0,0,0,0,0,0,0,0,1,0,0
data/audio_wav/010/010007.wav,11,0,0,1,0,0,0,0,1,0,0,0,0,0,0,0,0,0,0,0,0,1,0,0
data/audio_wav/010/010008.wav,11,0,0,1,0,0,0,0,1,0,0,0,0,0,0,0,0,0,0,0,0,1,0,0
data/audio_wav/010/010009.wav,11,0,0,1,0,0,0,0,1,0,0,0,0,0,0,0,0,0,0,0,0,1,0,0
data/audio_wav/010/010010.wav,11,0,0,1,0,0,0,0,1,0,0,0,0,0,0,0,0,0,0,0,0,1,0,0
data/audio_wav/010/010011.wav,11,0,0,1,0,0,0,0,1,0,0,0,0,0,0,0,0,0,0,0,0,1,0,0
data/audio_wav/010/010012.wav,11,0,0,1,0,0,0,0,1,0,0,0,0,0,0,0,0,0,0,0,0,1,0,0
data/audio_wav/010/010013.wav,11,0,0,1,0,0,0,0,1,0,0,0,0,0,0,0,0,0,0,0,0,1,0,0
data/audio_wav/010/010014.wav,11,0,0,1,0,0,0,0,1,0,0,0,0,0,0,0,0,0,0,0,0,1,0,0
data/audio_wav/010/010015.wav,11,0,0,1,0,0,0,0,1,0,0,0,0,0,0,0,0,0,0,0,0,1,0,0
data/audio_wav/010/010016.wav,11,0,0,1,0,0,0,0,1,0,0,0,0,0,0,0,0,0,0,0,0,1,0,0
data/audio_wav/010/010017.wav,11,0,0,1,0,0,0,0,1,0,0,0,0,0,0,0,0,0,0,0,0,1,0,0
data/audio_wav/010/010018.wav,11,0,0,1,0,0,0,0,1,0,0,0,0,0,0,0,0,0,0,0,0,1,0,0
data/audio_wav/010/010019.wav,11,0,0,1,0,0,0,0,1,0,0,0,0,0,0,0,0,0,0,0,0,1,0,0
data/audio_wav/010/010020.wav,11,0,0,1,0,0,0,0,1,0,0,0,0,0,0,0,0,0,0,0,0,1,0,0
data/audio_wav/010/010021.wav,11,0,0,1,0,0,0,0,1,0,0,0,0,0,0,0,0,0,0,0,0,1,0,0
data/audio_wav/010/010022.wav,11,0,0,1,0,0,0,0,1,0,0,0,0,0,0,0,0,0,0,0,0,1,0,0
data/audio_wav/010/010023.wav,11,0,0,1,0,0,0,0,1,0,0,0,0,0,0,0,0,0,0,0,0,1,0,0
data/audio_wav/010/010024.wav,11,0,0,1,0,0,0,0,1,0,0,0,0,0,0,0,0,0,0,0,0,1,0,0
data/audio_wav/010/010025.wav,11,0,0,1,0,0,0,0,1,0,0,0,0,0,0,0,0,0,0,0,0,1,0,0
data/audio_wav/010/010026.wav,11,0,0,1,0,0,0,0,1,0,0,0,0,0,0,0,0,0,0,0,0,1,0,0
data/audio_wav/010/010027.wav,11,0,0,1,0,0,0,0,1,0,0,0,0,0,0,0,0,0,0,0,0,1,0,0
data/audio_wav/010/010028.wav,11,0,0,1,0,0,0,0,1,0,0,0,0,0,0,0,0,0,0,0,0,1,0,0
data/audio_wav/010/010029.wav,11,0,0,1,0,0,0,0,1,0,0,0,0,0,0,0,0,0,0,0,0,1,0,0
data/audio_wav/010/010030.wav,11,0,0,1,0,0,0,0,1,0,0,0,0,0,0,0,0,0,0,0,0,1,0,0
data/audio_wav/010/010031.wav,11,0,0,1,0,0,0,0,1,0,0,0,0,0,0,0,0,0,0,0,0,1,0,0
data/audio_wav/010/010032.wav,11,0,0,1,0,0,0,0,1,0,0,0,0,0,0,0,0,0,0,0,0,1,0,0
data/audio_wav/010/010033.wav,11,0,0,1,0,0,0,0,1,0,0,0,0,0,0,0,0,0,0,0,0,1,0,0
data/audio_wav/010/010034.wav,11,0,0,1,0,0,0,0,1,0,0,0,0,0,0,0,0,0,0,0,0,1,0,0
data/audio_wav/010/010035.wav,11,0,0,1,0,0,0,0,1,0,0,0,0,0,0,0,0,0,0,0,0,1,0,0
data/audio_wav/010/010036.wav,11,0,0,1,0,0,0,0,1,0,0,0,0,0,0,0,0,0,0,0,0,1,0,0
data/audio_wav/010/010037.wav,11,0,0,1,0,0,0,0,1,0,0,0,0,0,0,0,0,0,0,0,0,1,0,0
data/audio_wav/010/010038.wav,11,0,0,1,0,0,0,0,1,0,0,0,0,0,0,0,0,0,0,0,0,1,0,0
data/audio_wav/010/010039.wav,11,0,0,1,0,0,0,0,1,0,0,0,0,0,0,0,0,0,0,0,0,1,0,0
data/audio_wav/010/010040.wav,11,0,0,1,0,0,0,0,1,0,0,0,0,0,0,0,0,0,0,0,0,1,0,0
data/audio_wav/010/010041.wav,11,0,0,1,0,0,0,0,1,0,0,0,0,0,0,0,0,0,0,0,0,1,0,0
data/audio_wav/010/010042.wav,11,0,0,1,0,0,0,0,1,0,0,0,0,0,0,0,0,0,0,0,0,1,0,0
data/audio_wav/010/010043.wav,11,0,0,1,0,0,0,0,1,0,0,0,0,0,0,0,0,0,0,0,0,1,0,0
data/audio_wav/010/010044.wav,11,0,0,1,0,0,0,0,1,0,0,0,0,0,0,0,0,0,0,0,0,1,0,0
data/audio_wav/010/010045.wav,11,0,0,1,0,0,0,0,1,0,0,0,0,0,0,0,0,0,0,0,0,1,0,0
data/audio_wav/010/010046.wav,11,0,0,1,0,0,0,0,1,0,0,0,0,0,0,0,0,0,0,0,0,1,0,0
data/audio_wav/010/010047.wav,11,0,0,1,0,0,0,0,1,0,0,0,0,0,0,0,0,0,0,0,0,1,0,0
data/audio_wav/010/010048.wav,11,0,0,1,0,0,0,0,1,0,0,0,0,0,0,0,0,0,0,0,0,1,0,0
data/audio_wav/010/010049.wav,11,0,0,1,0,0,0,0,1,0,0,0,0,0,0,0,0,0,0,0,0,1,0,0
data/audio_wav/011/011000.wav,12,1,1,1,0,0,0,0,1,0,0,0,0,0,0,0,0,0,0,0,0,0,1,0
data/audio_wav/011/011001.wav,12,1,1,1,0,0,0,0,1,0,0,0,0,0,0,0,0,0,0,0,0,0,1,0
data/audio_wav/011/011002.wav,12,1,1,1,0,0,0,0,1,0,0,0,0,0,0,0,0,0,0,0,0,0,1,0
data/audio_wav/011/011003.wav,12,1,1,1,0,0,0,0,1,0,0,0,0,0,0,0,0,0,0,0,0,0,1,0
data/audio_wav/011/011004.wav,12,1,1,1,0,0,0,0,1,0,0,0,0,0,0,0,0,0,0,0,0,0,1,0
data/audio_wav/011/011005.wav,12,1,1,1,0,0,0,0,1,0,0,0,0,0,0,0,0,0,0,0,0,0,1,0
data/audio_wav/011/011006.wav,12,1,1,1,0,0,0,0,1,0,0,0,0,0,0,0,0,0,0,0,0,0,1,0
data/audio_wav/011/011007.wav,12,1,1,1,0,0,0,0,1,0,0,0,0,0,0,0,0,0,0,0,0,0,1,0
data/audio_wav/011/011008.wav,12,1,1,1,0,0,0,0,1,0,0,0,0,0,0,0,0,0,0,0,0,0,1,0
data/audio_wav/011/011009.wav,12,1,1,1,0,0,0,0,1,0,0,0,0,0,0,0,0,0,0,0,0,0,1,0
data/audio_wav/011/011010.wav,12,1,1,1,0,0,0,0,1,0,0,0,0,0,0,0,0,0,0,0,0,0,1,0
data/audio_wav/011/011011.wav,12,1,1,1,0,0,0,0,1,0,0,0,0,0,0,0,0,0,0,0,0,0,1,0
data/audio_wav/011/011012.wav,12,1,1,1,0,0,0,0,1,0,0,0,0,0,0,0,0,0,0,0,0,0,1,0
data/audio_wav/011/011013.wav,12,1,1,1,0,0,0,0,1,0,0,0,0,0,0,0,0,0,0,0,0,0,1,0
data/audio_wav/011/011014.wav,12,1,1,1,0,0,0,0,1,0,0,0,0,0,0,0,0,0,0,0,0,0,1,0
data/audio_wav/011/011015.wav,12,1,1,1,0,0,0,0,1,0,0,0,0,0,0,0,0,0,0,0,0,0,1,0
data/audio_wav/011/011016.wav,12,1,1,1,0,0,0,0,1,0,0,0,0,0,0,0,0,0,0,0,0,0,1,0
data/audio_wav/011/011017.wav,12,1,1,1,0,0,0,0,1,0,0,0,0,0,0,0,0,0,0,0,0,0,1,0
data/audio_wav/011/011018.wav,12,1,1,1,0,0,0,0,1,0,0,0,0,0,0,0,0,0,0,0,0,0,1,0
data/audio_wav/011/011019.wav,12,1,1,1,0,0,0,0,1,0,0,0,0,0,0,0,0,0,0,0,0,0,1,0
data/audio_wav/011/011020.wav,12,1,1,1,0,0,0,0,1,0,0,0,0,0,0,0,0,0,0,0,0,0,1,0
data/audio_wav/011/011021.wav,12,1,1,1,0,0,0,0,1,0,0,0,0,0,0,0,0,0,0,0,0,0,1,0
data/audio_wav/011/011022.wav,12,1,1,1,0,0,0,0,1,0,0,0,0,0,0,0,0,0,0,0,0,0,1,0
data/audio_wav/011/011023.wav,12,1,1,1,0,0,0,0,1,0,0,0,0,0,0,0,0,0,0,0,0,0,1,0
data/audio_wav/011/011024.wav,12,1,1,1,0,0,0,0,1,0,0,0,0,0,0,0,0,0,0,0,0,0,1,0
data/audio_wav/011/011025.wav,12,1,1,1,0,0,0,0,1,0,0,0,0,0,0,0,0,0,0,0,0,0,1,0
data/audio_wav/011/011026.wav,12,1,1,1,0,0,0,0,1,0,0,0,0,0,0,0,0,0,0,0,0,0,1,0
data/audio_wav/011/011027.wav,12,1,1,1,0,0,0,0,1,0,0,0,0,0,0,0,0,0,0,0,0,0,1,0
data/audio_wav/011/011028.wav,12,1,1,1,0,0,0,0,1,0,0,0,0,0,0,0,0,0,0,0,0,0,1,0
data/audio_wav/011/011029.wav,12,1,1,1,0,0,0,0,1,0,0,0,0,0,0,0,0,0,0,0,0,0,1,0
data/audio_wav/011/011030.wav,12,1,1,1,0,0,0,0,1,0,0,0,0,0,0,0,0,0,0,0,0,0,1,0
data/audio_wav/011/011031.wav,12,1,1,1,0,0,0,0,1,0,0,0,0,0,0,0,0,0,0,0,0,0,1,0
data/audio_wav/011/011032.wav,12,1,1,1,0,0,0,0,1,0,0,0,0,0,0,0,0,0,0,0,0,0,1,0
data/audio_wav/011/011033.wav,12,1,1,1,0,0,0,0,1,0,0,0,0,0,0,0,0,0,0,0,0,0,1,0
data/audio_wav/011/011034.wav,12,1,1,1,0,0,0,0,1,0,0,0,0,0,0,0,0,0,0,0,0,0,1,0
data/audio_wav/011/011035.wav,12,1,1,1,0,0,0,0,1,0,0,0,0,0,0,0,0,0,0,0,0,0,1,0
data/audio_wav/011/011036.wav,12,1,1,1,0,0,0,0,1,0,0,0,0,0,0,0,0,0,0,0,0,0,1,0
data/audio_wav/011/011037.wav,12,1,1,1,0,0,0,0,1,0,0,0,0,0,0,0,0,0,0,0,0,0,1,0
data/audio_wav/011/011038.wav,12,1,1,1,0,0,0,0,1,0,0,0,0,0,0,0,0,0,0,0,0,0,1,0
data/audio_wav/011/011039.wav,12,1,1,1,0,0,0,0,1,0,0,0,0,0,0,0,0,0,0,0,0,0,1,0
data/audio_wav/011/011040.wav,12,1,1,1,0,0,0,0,1,0,0,0,0,0,0,0,0,0,0,0,0,0,1,0
data/audio_wav/011/011041.wav,12,1,1,1,0,0,0,0,1,0,0,0,0,0,0,0,0,0,0,0,0,0,1,0
data/audio_wav/011/011042.wav,12,1,1,1,0,0,0,0,1,0,0,0,0,0,0,0,0,0,0,0,0,0,1,0
data/audio_wav/011/011043.wav,12,1,1,1,0,0,0,0,1,0,0,0,0,0,0,0,0,0,0,0,0,0,1,0
data/audio_wav/011/011044.wav,12,1,1,1,0,0,0,0,1,0,0,0,0,0,0,0,0,0,0,0,0,0,1,0
data/audio_wav/011/011045.wav,12,1,1,1,0,0,0,0,1,0,0,0,0,0,0,0,0,0,0,0,0,0,1,0
data/audio_wav/011/011046.wav,12,1,1,1,0,0,0,0,1,0,0,0,0,0,0,0,0,0,0,0,0,0,1,0
data/audio_wav/011/011047.wav,12,1,1,1,0,0,0,0,1,0,0,0,0,0,0,0,0,0,0,0,0,0,1,0
data/audio_wav/011/011048.wav,12,1,1,1,0,0,0,0,1,0,0,0,0,0,0,0,0,0,0,0,0,0,1,0
data/audio_wav/011/011049.wav,12,1,1,1,0,0,0,0,1,0,0,0,0,0,0,0,0,0,0,0,0,0,1,0
data/audio_wav/012/012000.wav,13,1,2,1,0,0,0,0,1,0,0,0,0,0,0,0,0,0,0,0,0,0,0,1
data/audio_wav/012/012001.wav,13,1,2,1,0,0,0,0,1,0,0,0,0,0,0,0,0,0,0,0,0,0,0,1
data/audio_wav/012/012002.wav,13,1,2,1,0,0,0,0,1,0,0,0,0,0,0,0,0,0,0,0,0,0,0,1
data/audio_wav/012/012003.wav,13,1,2,1,0,0,0,0,1,0,0,0,0,0,0,0,0,0,0,0,0,0,0,1
data/audio_wav/012/012004.wav,13,1,2,1,0,0,0,0,1,0,0,0,0,0,0,0,0,0,0,0,0,0,0,1
data/audio_wav/012/012005.wav,13,1,2,1,0,0,0,0,1,0,0,0,0,0,0,0,0,0,0,0,0,0,0,1
data/audio_wav/012/012006.wav,13,1,2,1,0,0,0,0,1,0,0,0,0,0,0,0,0,0,0,0,0,0,0,1
data/audio_wav/012/012007.wav,13,1,2,1,0,0,0,0,1,0,0,0,0,0,0,0,0,0,0,0,0,0,0,1
data/audio_wav/012/012008.wav,13,1,2,1,0,0,0,0,1,0,0,0,0,0,0,0,0,0,0,0,0,0,0,1
data/audio_wav/012/012009.wav,13,1,2,1,0,0,0,0,1,0,0,0,0,0,0,0,0,0,0,0,0,0,0,1
data/audio_wav/012/012010.wav,13,1,2,1,0,0,0,0,1,0,0,0,0,0,0,0,0,0,0,0,0,0,0,1
data/audio_wav/012/012011.wav,13,1,2,1,0,0,0,0,1,0,0,0,0,0,0,0,0,0,0,0,0,0,0,1
data/audio_wav/012/012012.wav,13,1,2,1,0,0,0,0,1,0,0,0,0,0,0,0,0,0,0,0,0,0,0,1
data/audio_wav/012/012013.wav,13,1,2,1,0,0,0,0,1,0,0,0,0,0,0,0,0,0,0,0,0,0,0,1
data/audio_wav/012/012014.wav,13,1,2,1,0,0,0,0,1,0,0,0,0,0,0,0,0,0,0,0,0,0,0,1
data/audio_wav/012/012015.wav,13,1,2,1,0,0,0,0,1,0,0,0,0,0,0,0,0,0,0,0,0,0,0,1
data/audio_wav/012/012016.wav,13,1,2,1,0,0,0,0,1,0,0,0,0,0,0,0,0,0,0,0,0,0,0,1
data/audio_wav/012/012017.wav,13,1,2,1,0,0,0,0,1,0,0,0,0,0,0,0,0,0,0,0,0,0,0,1
data/audio_wav/012/012018.wav,13,1,2,1,0,0,0,0,1,0,0,0,0,0,0,0,0,0,0,0,0,0,0,1
data/audio_wav/012/012019.wav,13,1,2,1,0,0,0,0,1,0,0,0,0,0,0,0,0,0,0,0,0,0,0,1
data/audio_wav/012/012020.wav,13,1,2,1,0,0,0,0,1,0,0,0,0,0,0,0,0,0,0,0,0,0,0,1
data/audio_wav/012/012021.wav,13,1,2,1,0,0,0,0,1,0,0,0,0,0,0,0,0,0,0,0,0,0,0,1
data/audio_wav/012/012022.wav,13,1,2,1,0,0,0,0,1,0,0,0,0,0,0,0,0,0,0,0,0,0,0,1
data/audio_wav/012/012023.wav,13,1,2,1,0,0,0,0,1,0,0,0,0,0,0,0,0,0,0,0,0,0,0,1
data/audio_wav/012/012024.wav,13,1,2,1,0,0,0,0,1,0,0,0,0,0,0,0,0,0,0,0,0,0,0,1
data/audio_wav/012/012025.wav,13,1,2,1,0,0,0,0,1,0,0,0,0,0,0,0,0,0,0,0,0,0,0,1
data/audio_wav/012/012026.wav,13,1,2,1,0,0,0,0,1,0,0,0,0,0,0,0,0,0,0,0,0,0,0,1
data/audio_wav/012/012027.wav,13,1,2,1,0,0,0,0,1,0,0,0,0,0,0,0,0,0,0,0,0,0,0,1
data/audio_wav/012/012028.wav,13,1,2,1,0,0,0,0,1,0,0,0,0,0,0,0,0,0,0,0,0,0,0,1
data/audio_wav/012/012029.wav,13,1,2,1,0,0,0,0,1,0,0,0,0,0,0,0,0,0,0,0,0,0,0,1
data/audio_wav/012/012030.wav,13,1,2,1,0,0,0,0,1,0,0,0,0,0,0,0,0,0,0,0,0,0,0,1
data/audio_wav/012/012031.wav,13,1,2,1,0,0,0,0,1,0,0,0,0,0,0,0,0,0,0,0,0,0,0,1
data/audio_wav/012/012032.wav,13,1,2,1,0,0,0,0,1,0,0,0,0,0,0,0,0,0,0,0,0,0,0,1
data/audio_wav/012/012033.wav,13,1,2,1,0,0,0,0,1,0,0,0,0,0,0,0,0,0,0,0,0,0,0,1
data/audio_wav/012/012034.wav,13,1,2,1,0,0,0,0,1,0,0,0,0,0,0,0,0,0,0,0,0,0,0,1
data/audio_wav/012/012035.wav,13,1,2,1,0,0,0,0,1,0,0,0,0,0,0,0,0,0,0,0,0,0,0,1
data/audio_wav/012/012036.wav,13,1,2,1,0,0,0,0,1,0,0,0,0,0,0,0,0,0,0,0,0,0,0,1
data/audio_wav/012/012037.wav,13,1,2,1,0,0,0,0,1,0,0,0,0,0,0,0,0,0,0,0,0,0,0,1
data/audio_wav/012/012038.wav,13,1,2,1,0,0,0,0,1,0,0,0,0,0,0,0,0,0,0,0,0,0,0,1
data/audio_wav/012/012039.wav,13,1,2,1,0,0,0,0,1,0,0,0,0,0,0,0,0,0,0,0,0,0,0,1
data/audio_wav/012/012040.wav,13,1,2,1,0,0,0,0,1,0,0,0,0,0,0,0,0,0,0,0,0,0,0,1
data/audio_wav/012/012041.wav,13,1,2,1,0,0,0,0,1,0,0,0,0,0,0,0,0,0,0,0,0,0,0,1
data/audio_wav/012/012042.wav,13,1,2,1,0,0,0,0,1,0,0,0,0,0,0,0,0,0,0,0,0,0,0,1
data/audio_wav/012/012043.wav,13,1,2,1,0,0,0,0,1,0,0,0,0,0,0,0,0,0,0,0,0,0,0,1
data/audio_wav/012/012044.wav,13,1,2,1,0,0,0,0,1,0,0,0,0,0,0,0,0,0,0,0,0,0,0,1
data/audio_wav/012/012045.wav,13,1,2,1,0,0,0,0,1,0,0,0,0,0,0,0,0,0,0,0,0,0,0,1
data/audio_wav/012/012046.wav,13,1,2,1,0,0,0,0,1,0,0,0,0,0,0,0,0,0,0,0,0,0,0,1
data/audio_wav/012/012047.wav,13,1,2,1,0,0,0,0,1,0,0,0,0,0,0,0,0,0,0,0,0,0,0,1
data/audio_wav/012/012048.wav,13,1,2,1,0,0,0,0,1,0,0,0,0,0,0,0,0,0,0,0,0,0,0,1
data/audio_wav/012/012049.wav,13,1,2,1,0,0,0,0,1,0,0,0,0,0,0,0,0,0,0,0,0,0,0,1
data/audio_wav/013/013000.wav,14,0,0,1,0,0,0,0,0,1,0,1,0,0,0,0,0,0,0,0,0,0,0,0
data/audio_wav/013/013001.wav,14,0,0,1,0,0,0,0,0,1,0,1,0,0,0,0,0,0,0,0,0,0,0,0
data/audio_wav/013/013002.wav,14,0,0,1,0,0,0,0,0,1,0,1,0,0,0,0,0,0,0,0,0,0,0,0
data/audio_wav/013/013003.wav,14,0,0,1,0,0,0,0,0,1,0,1,0,0,0,0,0,0,0,0,0,0,0,0
data/audio_wav/013/013004.wav,14,0,0,1,0,0,0,0,0,1,0,1,0,0,0,0,0,0,0,0,0,0,0,0
data/audio_wav/013/013005.wav,14,0,0,1,0,0,0,0,0,1,0,1,0,0,0,0,0,0,0,0,0,0,0,0
data/audio_wav/013/013006.wav,14,0,0,1,0,0,0,0,0,1,0,1,0,0,0,0,0,0,0,0,0,0,0,0
data/audio_wav/013/013007.wav,14,0,0,1,0,0,0,0,0,1,0,1,0,0,0,0,0,0,0,0,0,0,0,0
data/audio_wav/013/013008.wav,14,0,0,1,0,0,0,0,0,1,0,1,0,0,0,0,0,0,0,0,0,0,0,0
data/audio_wav/013/013009.wav,14,0,0,1,0,0,0,0,0,1,0,1,0,0,0,0,0,0,0,0,0,0,0,0
data/audio_wav/013/013010.wav,14,0,0,1,0,0,0,0,0,1,0,1,0,0,0,0,0,0,0,0,0,0,0,0
data/audio_wav/013/013011.wav,14,0,0,1,0,0,0,0,0,1,0,1,0,0,0,0,0,0,0,0,0,0,0,0
data/audio_wav/013/013012.wav,14,0,0,1,0,0,0,0,0,1,0,1,0,0,0,0,0,0,0,0,0,0,0,0
data/audio_wav/013/013013.wav,14,0,0,1,0,0,0,0,0,1,0,1,0,0,0,0,0,0,0,0,0,0,0,0
data/audio_wav/013/013014.wav,14,0,0,1,0,0,0,0,0,1,0,1,0,0,0,0,0,0,0,0,0,0,0,0
data/audio_wav/013/013015.wav,14,0,0,1,0,0,0,0,0,1,0,1,0,0,0,0,0,0,0,0,0,0,0,0
data/audio_wav/013/013016.wav,14,0,0,1,0,0,0,0,0,1,0,1,0,0,0,0,0,0,0,0,0,0,0,0
data/audio_wav/013/013017.wav,14,0,0,1,0,0,0,0,0,1,0,1,0,0,0,0,0,0,0,0,0,0,0,0
data/audio_wav/013/013018.wav,14,0,0,1,0,0,0,0,0,1,0,1,0,0,0,0,0,0,0,0,0,0,0,0
data/audio_wav/013/013019.wav,14,0,0,1,0,0,0,0,0,1,0,1,0,0,0,0,0,0,0,0,0,0,0,0
data/audio_wav/013/013020.wav,14,0,0,1,0,0,0,0,0,1,0,1,0,0,0,0,0,0,0,0,0,0,0,0
data/audio_wav/013/013021.wav,14,0,0,1,0,0,0,0,0,1,0,1,0,0,0,0,0,0,0,0,0,0,0,0
data/audio_wav/013/013022.wav,14,0,0,1,0,0,0,0,0,1,0,1,0,0,0,0,0,0,0,0,0,0,0,0
data/audio_wav/013/013023.wav,14,0,0,1,0,0,0,0,0,1,0,1,0,0,0,0,0,0,0,0,0,0,0,0
data/audio_wav/013/013024.wav,14,0,0,1,0,0,0,0,0,1,0,1,0,0,0,0,0,0,0,0,0,0,0,0
data/audio_wav/013/013025.wav,14,0,0,1,0,0,0,0,0,1,0,1,0,0,0,0,0,0,0,0,0,0,0,0
data/audio_wav/013/013026.wav,14,0,0,1,0,0,0,0,0,1,0,1,0,0,0,0,0,0,0,0,0,0,0,0
data/audio_wav/013/013027.wav,14,0,0,1,0,0,0,0,0,1,0,1,0,0,0,0,0,0,0,0,0,0,0,0
data/audio_wav/013/013028.wav,14,0,0,1,0,0,0,0,0,1,0,1,0,0,0,0,0,0,0,0,0,0,0,0
data/audio_wav/013/013029.wav,14,0,0,1,0,0,0,0,0,1,0,1,0,0,0,0,0,0,0,0,0,0,0,0
data/audio_wav/013/013030.wav,14,0,0,1,0,0,0,0,0,1,0,1,0,0,0,0,0,0,0,0,0,0,0,0
data/audio_wav/013/013031.wav,14,0,0,1,0,0,0,0,0,1,0,1,0,0,0,0,0,0,0,0,0,0,0,0
data/audio_wav/013/013032.wav,14,0,0,1,0,0,0,0,0,1,0,1,0,0,0,0,0,0,0,0,0,0,0,0
data/audio_wav/013/013033.wav,14,0,0,1,0,0,0,0,0,1,0,1,0,0,0,0,0,0,0,0,0,0,0,0
data/audio_wav/013/013034.wav,14,0,0,1,0,0,0,0,0,1,0,1,0,0,0,0,0,0,0,0,0,0,0,0
data/audio_wav/013/013035.wav,14,0,0,1,0,0,0,0,0,1,0,1,0,0,0,0,0,0,0,0,0,0,0,0
data/audio_wav/013/013036.wav,14,0,0,1,0,0,0,0,0,1,0,1,0,0,0,0,0,0,0,0,0,0,0,0
data/audio_wav/013/013037.wav,14,0,0,1,0,0,0,0,0,1,0,1,0,0,0,0,0,0,0,0,0,0,0,0
data/audio_wav/013/013038.wav,14,0,0,1,0,0,0,0,0,1,0,1,0,0,0,0,0,0,0,0,0,0,0,0
data/audio_wav/013/013039.wav,14,0,0,1,0,0,0,0,0,1,0,1,0,0,0,0,0,0,0,0,0,0,0,0
data/audio_wav/013/013040.wav,14,0,0,1,0,0,0,0,0,1,0,1,0,0,0,0,0,0,0,0,0,0,0,0
data/audio_wav/013/013041.wav,14,0,0,1,0,0,0,0,0,1,0,1,0,0,0,0,0,0,0,0,0,0,0,0
data/audio_wav/013/013042.wav,14,0,0,1,0,0,0,0,0,1,0,1,0,0,0,0,0,0,0,0,0,0,0,0
data/audio_wav/013/013043.wav,14,0,0,1,0,0,0,0,0,1,0,1,0,0,0,0,0,0,0,0,0,0,0,0
data/audio_wav/013/013044.wav,14,0,0,1,0,0,0,0,0,1,0,1,0,0,0,0,0,0,0,0,0,0,0,0
data/audio_wav/013/013045.wav,14,0,0,1,0,0,0,0,0,1,0,1,0,0,0,0,0,0,0,0,0,0,0,0
data/audio_wav/013/013046.wav,14,0,0,1,0,0,0,0,0,1,0,1,0,0,0,0,0,0,0,0,0,0,0,0
data/audio_wav/013/013047.wav,14,0,0,1,0,0,0,0,0,1,0,1,0,0,0,0,0,0,0,0,0,0,0,0
data/audio_wav/013/013048.wav,14,0,0,1,0,0,0,0,0,1,0,1,0,0,0,0,0,0,0,0,0,0,0,0
data/audio_wav/013/013049.wav,14,0,0,1,0,0,0,0,0,1,0,1,0,0,0,0,0,0,0,0,0,0,0,0
data/audio_wav/014/014000.wav,15,1,1,1,0,0,0,0,0,1,0,0,1,0,0,0,0,0,0,0,0,0,0,0
data/audio_wav/014/014001.wav,15,1,1,1,0,0,0,0,0,1,0,0,1,0,0,0,0,0,0,0,0,0,0,0
data/audio_wav/014/014002.wav,15,1,1,1,0,0,0,0,0,1,0,0,1,0,0,0,0,0,0,0,0,0,0,0
data/audio_wav/014/014003.wav,15,1,1,1,0,0,0,0,0,1,0,0,1,0,0,0,0,0,0,0,0,0,0,0
data/audio_wav/014/014004.wav,15,1,1,1,0,0,0,0,0,1,0,0,1,0,0,0,0,0,0,0,0,0,0,0
data/audio_wav/014/014005.wav,15,1,1,1,0,0,0,0,0,1,0,0,1,0,0,0,0,0,0,0,0,0,0,0
data/audio_wav/014/014006.wav,15,1,1,1,0,0,0,0,0,1,0,0,1,0,0,0,0,0,0,0,0,0,0,0
data/audio_wav/014/014007.wav,15,1,1,1,0,0,0,0,0,1,0,0,1,0,0,0,0,0,0,0,0,0,0,0
data/audio_wav/014/014008.wav,15,1,1,1,0,0,0,0,0,1,0,0,1,0,0,0,0,0,0,0,0,0,0,0
data/audio_wav/014/014009.wav,15,1,1,1,0,0,0,0,0,1,0,0,1,0,0,0,0,0,0,0,0,0,0,0
data/audio_wav/014/014010.wav,15,1,1,1,0,0,0,0,0,1,0,0,1,0,0,0,0,0,0,0,0,0,0,0
data/audio_wav/014/014011.wav,15,1,1,1,0,0,0,0,0,1,0,0,1,0,0,0,0,0,0,0,0,0,0,0
data/audio_wav/014/014012.wav,15,1,1,1,0,0,0,0,0,1,0,0,1,0,0,0,0,0,0,0,0,0,0,0
data/audio_wav/014/014013.wav,15,1,1,1,0,0,0,0,0,1,0,0,1,0,0,0,0,0,0,0,0,0,0,0
data/audio_wav/014/014014.wav,15,1,1,1,0,0,0,0,0,1,0,0,1,0,0,0,0,0,0,0,0,0,0,0
data/audio_wav/014/014015.wav,15,1,1,1,0,0,0,0,0,1,0,0,1,0,0,0,0,0,0,0,0,0,0,0
data/audio_wav/014/014016.wav,15,1,1,1,0,0,0,0,0,1,0,0,1,0,0,0,0,0,0,0,0,0,0,0
data/audio_wav/014/014017.wav,15,1,1,1,0,0,0,0,0,1,0,0,1,0,0,0,0,0,0,0,0,0,0,0
data/audio_wav/014/014018.wav,15,1,1,1,0,0,0,0,0,1,0,0,1,0,0,0,0,0,0,0,0,0,0,0
data/audio_wav/014/014019.wav,15,1,1,1,0,0,0,0,0,1,0,0,1,0,0,0,0,0,0,0,0,0,0,0
data/audio_wav/014/014020.wav,15,1,1,1,0,0,0,0,0,1,0,0,1,0,0,0,0,0,0,0,0,0,0,0
data/audio_wav/014/014021.wav,15,1,1,1,0,0,0,0,0,1,0,0,1,0,0,0,0,0,0,0,0,0,0,0
data/audio_wav/014/014022.wav,15,1,1,1,0,0,0,0,0,1,0,0,1,0,0,0,0,0,0,0,0,0,0,0
data/audio_wav/014/014023.wav,15,1,1,1,0,0,0,0,0,1,0,0,1,0,0,0,0,0,0,0,0,0,0,0
data/audio_wav/014/014024.wav,15,1,1,1,0,0,0,0,0,1,0,0,1,0,0,0,0,0,0,0,0,0,0,0
data/audio_wav/014/014025.wav,15,1,1,1,0,0,0,0,0,1,0,0,1,0,0,0,0,0,0,0,0,0,0,0
data/audio_wav/014/014026.wav,15,1,1,1,0,0,0,0,0,1,0,0,1,0,0,0,0,0,0,0,0,0,0,0
data/audio_wav/014/014027.wav,15,1,1,1,0,0,0,0,0,1,0,0,1,0,0,0,0,0,0,0,0,0,0,0
data/audio_wav/014/014028.wav,15,1,1,1,0,0,0,0,0,1,0,0,1,0,0,0,0,0,0,0,0,0,0,0
data/audio_wav/014/014029.wav,15,1,1,1,0,0,0,0,0,1,0,0,1,0,0,0,0,0,0,0,0,0,0,0
data/audio_wav/014/014030.wav,15,1,1,1,0,0,0,0,0,1,0,0,1,0,0,0,0,0,0,0,0,0,0,0
data/audio_wav/014/014031.wav,15,1,1,1,0,0,0,0,0,1,0,0,1,0,0,0,0,0,0,0,0,0,0,0
data/audio_wav/014/014032.wav,15,1,1,1,0,0,0,0,0,1,0,0,1,0,0,0,0,0,0,0,0,0,0,0
data/audio_wav/014/014033.wav,15,1,1,1,0,0,0,0,0,1,0,0,1,0,0,0,0,0,0,0,0,0,0,0
data/audio_wav/014/014034.wav,15,1,1,1,0,0,0,0,0,1,0,0,1,0,0,0,0,0,0,0,0,0,0,0
data/audio_wav/014/014035.wav,15,1,1,1,0,0,0,0,0,1,0,0,1,0,0,0,0,0,0,0,0,0,0,0
data/audio_wav/014/014036.wav,15,1,1,1,0,0,0,0,0,1,0,0,1,0,0,0,0,0,0,0,0,0,0,0
data/audio_wav/014/014037.wav,15,1,1,1,0,0,0,0,0,1,0,0,1,0,0,0,0,0,0,0,0,0,0,0
data/audio_wav/014/014038.wav,15,1,1,1,0,0,0,0,0,1,0,0,1,0,0,0,0,0,0,0,0,0,0,0
data/audio_wav/014/014039.wav,15,1,1,1,0,0,0,0,0,1,0,0,1,0,0,0,0,0,0,0,0,0,0,0
data/audio_wav/014/014040.wav,15,1,1,1,0,0,0,0,0,1,0,0,1,0,0,0,0,0,0,0,0,0,0,0
data/audio_wav/014/014041.wav,15,1,1,1,0,0,0,0,0,1,0,0,1,0,0,0,0,0,0,0,0,0,0,0
data/audio_wav/014/014042.wav,15,1,1,1,0,0,0,0,0,1,0,0,1,0,0,0,0,0,0,0,0,0,0,0
data/audio_wav/014/014043.wav,15,1,1,1,0,0,0,0,0,1,0,0,1,0,0,0,0,0,0,0,0,0,0,0
data/audio_wav/014/014044.wav,15,1,1,1,0,0,0,0,0,1,0,0,1,0,0,0,0,0,0,0,0,0,0,0
data/audio_wav/014/014045.wav,15,1,1,1,0,0,0,0,0,1,0,0,1,0,0,0,0,0,0,0,0,0,0,0
data/audio_wav/014/014046.wav,15,1,1,1,0,0,0,0,0,1,0,0,1,0,0,0,0,0,0,0,0,0,0,0
data/audio_wav/014/014047.wav,15,1,1,1,0,0,0,0,0,1,0,0,1,0,0,0,0,0,0,0,0,0,0,0
data/audio_wav/014/014048.wav,15,1,1,1,0,0,0,0,0,1,0,0,1,0,0,0,0,0,0,0,0,0,0,0
data/audio_wav/014/014049.wav,15,1,1,1,0,0,0,0,0,1,0,0,1,0,0,0,0,0,0,0,0,0,0,0
data/audio_wav/015/015000.wav,16,1,1,1,0,0,0,0,0,1,0,0,0,1,0,0,0,0,0,0,0,0,0,0
data/audio_wav/015/015001.wav,16,1,1,1,0,0,0,0,0,1,0,0,0,1,0,0,0,0,0,0,0,0,0,0
data/audio_wav/015/015002.wav,16,1,1,1,0,0,0,0,0,1,0,0,0,1,0,0,0,0,0,0,0,0,0,0
data/audio_wav/015/015003.wav,16,1,1,1,0,0,0,0,0,1,0,0,0,1,0,0,0,0,0,0,0,0,0,0
data/audio_wav/015/015004.wav,16,1,1,1,0,0,0,0,0,1,0,0,0,1,0,0,0,0,0,0,0,0,0,0
data/audio_wav/015/015005.wav,16,1,1,1,0,0,0,0,0,1,0,0,0,1,0,0,0,0,0,0,0,0,0,0
data/audio_wav/015/015006.wav,16,1,1,1,0,0,0,0,0,1,0,0,0,1,0,0,0,0,0,0,0,0,0,0
data/audio_wav/015/015007.wav,16,1,1,1,0,0,0,0,0,1,0,0,0,1,0,0,0,0,0,0,0,0,0,0
data/audio_wav/015/015008.wav,16,1,1,1,0,0,0,0,0,1,0,0,0,1,0,0,0,0,0,0,0,0,0,0
data/audio_wav/015/015009.wav,16,1,1,1,0,0,0,0,0,1,0,0,0,1,0,0,0,0,0,0,0,0,0,0
data/audio_wav/015/015010.wav,16,1,1,1,0,0,0,0,0,1,0,0,0,1,0,0,0,0,0,0,0,0,0,0
data/audio_wav/015/015011.wav,16,1,1,1,0,0,0,0,0,1,0,0,0,1,0,0,0,0,0,0,0,0,0,0
data/audio_wav/015/015012.wav,16,1,1,1,0,0,0,0,0,1,0,0,0,1,0,0,0,0,0,0,0,0,0,0
data/audio_wav/015/015013.wav,16,1,1,1,0,0,0,0,0,1,0,0,0,1,0,0,0,0,0,0,0,0,0,0
data/audio_wav/015/015014.wav,16,1,1,1,0,0,0,0,0,1,0,0,0,1,0,0,0,0,0,0,0,0,0,0
data/audio_wav/015/015015.wav,16,1,1,1,0,0,0,0,0,1,0,0,0,1,0,0,0,0,0,0,0,0,0,0
data/audio_wav/015/015016.wav,16,1,1,1,0,0,0,0,0,1,0,0,0,1,0,0,0,0,0,0,0,0,0,0
data/audio_wav/015/015017.wav,16,1,1,1,0,0,0,0,0,1,0,0,0,1,0,0,0,0,0,0,0,0,0,0
data/audio_wav/015/015018.wav,16,1,1,1,0,0,0,0,0,1,0,0,0,1,0,0,0,0,0,0,0,0,0,0
data/audio_wav/015/015019.wav,16,1,1,1,0,0,0,0,0,1,0,0,0,1,0,0,0,0,0,0,0,0,0,0
data/audio_wav/015/015020.wav,16,1,1,1,0,0,0,0,0,1,0,0,0,1,0,0,0,0,0,0,0,0,0,0
data/audio_wav/015/015021.wav,16,1,1,1,0,0,0,0,0,1,0,0,0,1,0,0,0,0,0,0,0,0,0,0
data/audio_wav/015/015022.wav,16,1,1,1,0,0,0,0,0,1,0,0,0,1,0,0,0,0,0,0,0,0,0,0
data/audio_wav/015/015023.wav,16,1,1,1,0,0,0,0,0,1,0,0,0,1,0,0,0,0,0,0,0,0,0,0
data/audio_wav/015/015024.wav,16,1,1,1,0,0,0,0,0,1,0,0,0,1,0,0,0,0,0,0,0,0,0,0
data/audio_wav/015/015025.wav,16,1,1,1,0,0,0,0,0,1,0,0,0,1,0,0,0,0,0,0,0,0,0,0
data/audio_wav/015/015026.wav,16,1,1,1,0,0,0,0,0,1,0,0,0,1,0,0,0,0,0,0,0,0,0,0
data/audio_wav/015/015027.wav,16,1,1,1,0,0,0,0,0,1,0,0,0,1,0,0,0,0,0,0,0,0,0,0
data/audio_wav/015/015028.wav,16,1,1,1,0,0,0,0,0,1,0,0,0,1,0,0,0,0,0,0,0,0,0,0
data/audio_wav/015/015029.wav,16,1,1,1,0,0,0,0,0,1,0,0,0,1,0,0,0,0,0,0,0,0,0,0
data/audio_wav/015/015030.wav,16,1,1,1,0,0,0,0,0,1,0,0,0,1,0,0,0,0,0,0,0,0,0,0
data/audio_wav/015/015031.wav,16,1,1,1,0,0,0,0,0,1,0,0,0,1,0,0,0,0,0,0,0,0,0,0
data/audio_wav/015/015032.wav,16,1,1,1,0,0,0,0,0,1,0,0,0,1,0,0,0,0,0,0,0,0,0,0
data/audio_wav/015/015033.wav,16,1,1,1,0,0,0,0,0,1,0,0,0,1,0,0,0,0,0,0,0,0,0,0
data/audio_wav/015/015034.wav,16,1,1,1,0,0,0,0,0,1,0,0,0,1,0,0,0,0,0,0,0,0,0,0
data/audio_wav/015/015035.wav,16,1,1,1,0,0,0,0,0,1,0,0,0,1,0,0,0,0,0,0,0,0,0,0
data/audio_wav/015/015036.wav,16,1,1,1,0,0,0,0,0,1,0,0,0,1,0,0,0,0,0,0,0,0,0,0
data/audio_wav/015/015037.wav,16,1,1,1,0,0,0,0,0,1,0,0,0,1,0,0,0,0,0,0,0,0,0,0
data/audio_wav/015/015038.wav,16,1,1,1,0,0,0,0,0,1,0,0,0,1,0,0,0,0,0,0,0,0,0,0
data/audio_wav/015/015039.wav,16,1,1,1,0,0,0,0,0,1,0,0,0,1,0,0,0,0,0,0,0,0,0,0
data/audio_wav/015/015040.wav,16,1,1,1,0,0,0,0,0,1,0,0,0,1,0,0,0,0,0,0,0,0,0,0
data/audio_wav/015/015041.wav,16,1,1,1,0,0,0,0,0,1,0,0,0,1,0,0,0,0,0,0,0,0,0,0
data/audio_wav/015/015042.wav,16,1,1,1,0,0,0,0,0,1,0,0,0,1,0,0,0,0,0,0,0,0,0,0
data/audio_wav/015/015043.wav,16,1,1,1,0,0,0,0,0,1,0,0,0,1,0,0,0,0,0,0,0,0,0,0
data/audio_wav/015/015044.wav,16,1,1,1,0,0,0,0,0,1,0,0,0,1,0,0,0,0,0,0,0,0,0,0
data/audio_wav/015/015045.wav,16,1,1,1,0,0,0,0,0,1,0,0,0,1,0,0,0,0,0,0,0,0,0,0
data/audio_wav/015/015046.wav,16,1,1,1,0,0,0,0,0,1,0,0,0,1,0,0,0,0,0,0,0,0,0,0
data/audio_wav/015/015047.wav,16,1,1,1,0,0,0,0,0,1,0,0,0,1,0,0,0,0,0,0,0,0,0,0
data/audio_wav/015/015048.wav,16,1,1,1,0,0,0,0,0,1,0,0,0,1,0,0,0,0,0,0,0,0,0,0
data/audio_wav/015/015049.wav,16,1,1,1,0,0,0,0,0,1,0,0,0,1,0,0,0,0,0,0,0,0,0,0
data/audio_wav/016/016000.wav,17,1,1,1,0,0,0,0,0,1,0,0,0,0,1,0,0,0,0,0,0,0,0,0
data/audio_wav/016/016001.wav,17,1,1,1,0,0,0,0,0,1,0,0,0,0,1,0,0,0,0,0,0,0,0,0
data/audio_wav/016/016002.wav,17,1,1,1,0,0,0,0,0,1,0,0,0,0,1,0,0,0,0,0,0,0,0,0
data/audio_wav/016/016003.wav,17,1,1,1,0,0,0,0,0,1,0,0,0,0,1,0,0,0,0,0,0,0,0,0
data/audio_wav/016/016004.wav,17,1,1,1,0,0,0,0,0,1,0,0,0,0,1,0,0,0,0,0,0,0,0,0
data/audio_wav/016/016005.wav,17,1,1,1,0,0,0,0,0,1,0,0,0,0,1,0,0,0,0,0,0,0,0,0
data/audio_wav/016/016006.wav,17,1,1,1,0,0,0,0,0,1,0,0,0,0,1,0,0,0,0,0,0,0,0,0
data/audio_wav/016/016007.wav,17,1,1,1,0,0,0,0,0,1,0,0,0,0,1,0,0,0,0,0,0,0,0,0
data/audio_wav/016/016008.wav,17,1,1,1,0,0,0,0,0,1,0,0,0,0,1,0,0,0,0,0,0,0,0,0
data/audio_wav/016/016009.wav,17,1,1,1,0,0,0,0,0,1,0,0,0,0,1,0,0,0,0,0,0,0,0,0
data/audio_wav/016/016010.wav,17,1,1,1,0,0,0,0,0,1,0,0,0,0,1,0,0,0,0,0,0,0,0,0
data/audio_wav/016/016011.wav,17,1,1,1,0,0,0,0,0,1,0,0,0,0,1,0,0,0,0,0,0,0,0,0
data/audio_wav/016/016012.wav,17,1,1,1,0,0,0,0,0,1,0,0,0,0,1,0,0,0,0,0,0,0,0,0
data/audio_wav/016/016013.wav,17,1,1,1,0,0,0,0,0,1,0,0,0,0,1,0,0,0,0,0,0,0,0,0
data/audio_wav/016/016014.wav,17,1,1,1,0,0,0,0,0,1,0,0,0,0,1,0,0,0,0,0,0,0,0,0
data/audio_wav/016/016015.wav,17,1,1,1,0,0,0,0,0,1,0,0,0,0,1,0,0,0,0,0,0,0,0,0
data/audio_wav/016/016016.wav,17,1,1,1,0,0,0,0,0,1,0,0,0,0,1,0,0,0,0,0,0,0,0,0
data/audio_wav/016/016017.wav,17,1,1,1,0,0,0,0,0,1,0,0,0,0,1,0,0,0,0,0,0,0,0,0
data/audio_wav/016/016018.wav,17,1,1,1,0,0,0,0,0,1,0,0,0,0,1,0,0,0,0,0,0,0,0,0
data/audio_wav/016/016019.wav,17,1,1,1,0,0,0,0,0,1,0,0,0,0,1,0,0,0,0,0,0,0,0,0
data/audio_wav/016/016020.wav,17,1,1,1,0,0,0,0,0,1,0,0,0,0,1,0,0,0,0,0,0,0,0,0
data/audio_wav/016/016021.wav,17,1,1,1,0,0,0,0,0,1,0,0,0,0,1,0,0,0,0,0,0,0,0,0
data/audio_wav/016/016022.wav,17,1,1,1,0,0,0,0,0,1,0,0,0,0,1,0,0,0,0,0,0,0,0,0
data/audio_wav/016/016023.wav,17,1,1,1,0,0,0,0,0,1,0,0,0,0,1,0,0,0,0,0,0,0,0,0
data/audio_wav/016/016024.wav,17,1,1,1,0,0,0,0,0,1,0,0,0,0,1,0,0,0,0,0,0,0,0,0
data/audio_wav/016/016025.wav,17,1,1,1,0,0,0,0,0,1,0,0,0,0,1,0,0,0,0,0,0,0,0,0
data/audio_wav/016/016026.wav,17,1,1,1,0,0,0,0,0,1,0,0,0,0,1,0,0,0,0,0,0,0,0,0
data/audio_wav/016/016027.wav,17,1,1,1,0,0,0,0,0,1,0,0,0,0,1,0,0,0,0,0,0,0,0,0
data/audio_wav/016/016028.wav,17,1,1,1,0,0,0,0,0,1,0,0,0,0,1,0,0,0,0,0,0,0,0,0
data/audio_wav/016/016029.wav,17,1,1,1,0,0,0,0,0,1,0,0,0,0,1,0,0,0,0,0,0,0,0,0
data/audio_wav/016/016030.wav,17,1,1,1,0,0,0,0,0,1,0,0,0,0,1,0,0,0,0,0,0,0,0,0
data/audio_wav/016/016031.wav,17,1,1,1,0,0,0,0,0,1,0,0,0,0,1,0,0,0,0,0,0,0,0,0
data/audio_wav/016/016032.wav,17,1,1,1,0,0,0,0,0,1,0,0,0,0,1,0,0,0,0,0,0,0,0,0
data/audio_wav/016/016033.wav,17,1,1,1,0,0,0,0,0,1,0,0,0,0,1,0,0,0,0,0,0,0,0,0
data/audio_wav/016/016034.wav,17,1,1,1,0,0,0,0,0,1,0,0,0,0,1,0,0,0,0,0,0,0,0,0
data/audio_wav/016/016035.wav,17,1,1,1,0,0,0,0,0,1,0,0,0,0,1,0,0,0,0,0,0,0,0,0
data/audio_wav/016/016036.wav,17,1,1,1,0,0,0,0,0,1,0,0,0,0,1,0,0,0,0,0,0,0,0,0
data/audio_wav/016/016037.wav,17,1,1,1,0,0,0,0,0,1,0,0,0,0,1,0,0,0,0,0,0,0,0,0
data/audio_wav/016/016038.wav,17,1,1,1,0,0,0,0,0,1,0,0,0,0,1,0,0,0,0,0,0,0,0,0
data/audio_wav/016/016039.wav,17,1,1,1,0,0,0,0,0,1,0,0,0,0,1,0,0,0,0,0,0,0,0,0
data/audio_wav/016/016040.wav,17,1,1,1,0,0,0,0,0,1,0,0,0,0,1,0,0,0,0,0,0,0,0,0
data/audio_wav/016/016041.wav,17,1,1,1,0,0,0,0,0,1,0,0,0,0,1,0,0,0,0,0,0,0,0,0
data/audio_wav/016/016042.wav,17,1,1,1,0,0,0,0,0,1,0,0,0,0,1,0,0,0,0,0,0,0,0,0
data/audio_wav/016/016043.wav,17,1,1,1,0,0,0,0,0,1,0,0,0,0,1,0,0,0,0,0,0,0,0,0
data/audio_wav/016/016044.wav,17,1,1,1,0,0,0,0,0,1,0,0,0,0,1,0,0,0,0,0,0,0,0,0
data/audio_wav/016/016045.wav,17,1,1,1,0,0,0,0,0,1,0,0,0,0,1,0,0,0,0,0,0,0,0,0
data/audio_wav/016/016046.wav,17,1,1,1,0,0,0,0,0,1,0,0,0,0,1,0,0,0,0,0,0,0,0,0
data/audio_wav/016/016047.wav,17,1,1,1,0,0,0,0,0,1,0,0,0,0,1,0,0,0,0,0,0,0,0,0
data/audio_wav/016/016048.wav,17,1,1,1,0,0,0,0,0,1,0,0,0,0,1,0,0,0,0,0,0,0,0,0
data/audio_wav/016/016049.wav,17,1,1,1,0,0,0,0,0,1,0,0,0,0,1,0,0,0,0,0,0,0,0,0
data/audio_wav/017/017000.wav,18,1,1,1,0,0,0,0,0,1,0,0,0,0,0,1,0,0,0,0,0,0,0,0
data/audio_wav/017/017001.wav,18,1,1,1,0,0,0,0,0,1,0,0,0,0,0,1,0,0,0,0,0,0,0,0
data/audio_wav/017/017002.wav,18,1,1,1,0,0,0,0,0,1,0,0,0,0,0,1,0,0,0,0,0,0,0,0
data/audio_wav/017/017003.wav,18,1,1,1,0,0,0,0,0,1,0,0,0,0,0,1,0,0,0,0,0,0,0,0
data/audio_wav/017/017004.wav,18,1,1,1,0,0,0,0,0,1,0,0,0,0,0,1,0,0,0,0,0,0,0,0
data/audio_wav/017/017005.wav,18,1,1,1,0,0,0,0,0,1,0,0,0,0,0,1,0,0,0,0,0,0,0,0
data/audio_wav/017/017006.wav,18,1,1,1,0,0,0,0,0,1,0,0,0,0,0,1,0,0,0,0,0,0,0,0
data/audio_wav/017/017007.wav,18,1,1,1,0,0,0,0,0,1,0,0,0,0,0,1,0,0,0,0,0,0,0,0
data/audio_wav/017/017008.wav,18,1,1,1,0,0,0,0,0,1,0,0,0,0,0,1,0,0,0,0,0,0,0,0
data/audio_wav/017/017009.wav,18,1,1,1,0,0,0,0,0,1,0,0,0,0,0,1,0,0,0,0,0,0,0,0
data/audio_wav/017/017010.wav,18,1,1,1,0,0,0,0,0,1,0,0,0,0,0,1,0,0,0,0,0,0,0,0
data/audio_wav/017/017011.wav,18,1,1,1,0,0,0,0,0,1,0,0,0,0,0,1,0,0,0,0,0,0,0,0
data/audio_wav/017/017012.wav,18,1,1,1,0,0,0,0,0,1,0,0,0,0,0,1,0,0,0,0,0,0,0,0
data/audio_wav/017/017013.wav,18,1,1,1,0,0,0,0,0,1,0,0,0,0,0,1,0,0,0,0,0,0,0,0
data/audio_wav/017/017014.wav,18,1,1,1,0,0,0,0,0,1,0,0,0,0,0,1,0,0,0,0,0,0,0,0
data/audio_wav/017/017015.wav,18,1,1,1,0,0,0,0,0,1,0,0,0,0,0,1,0,0,0,0,0,0,0,0
data/audio_wav/017/017016.wav,18,1,1,1,0,0,0,0,0,1,0,0,0,0,0,1,0,0,0,0,0,0,0,0
data/audio_wav/017/017017.wav,18,1,1,1,0,0,0,0,0,1,0,0,0,0,0,1,0,0,0,0,0,0,0,0
data/audio_wav/017/017018.wav,18,1,1,1,0,0,0,0,0,1,0,0,0,0,0,1,0,0,0,0,0,0,0,0
data/audio_wav/017/017019.wav,18,1,1,1,0,0,0,0,0,1,0,0,0,0,0,1,0,0,0,0,0,0,0,0
data/audio_wav/017/017020.wav,18,1,1,1,0,0,0,0,0,1,0,0,0,0,0,1,0,0,0,0,0,0,0,0
data/audio_wav/017/017021.wav,18,1,1,1,0,0,0,0,0,1,0,0,0,0,0,1,0,0,0,0,0,0,0,0
data/audio_wav/017/017022.wav,18,1,1,1,0,0,0,0,0,1,0,0,0,0,0,1,0,0,0,0,0,0,0,0
data/audio_wav/017/017023.wav,18,1,1,1,0,0,0,0,0,1,0,0,0,0,0,1,0,0,0,0,0,0,0,0
data/audio_wav/017/017024.wav,18,1,1,1,0,0,0,0,0,1,0,0,0,0,0,1,0,0,0,0,0,0,0,0
data/audio_wav/017/017025.wav,18,1,1,1,0,0,0,0,0,1,0,0,0,0,0,1,0,0,0,0,0,0,0,0
data/audio_wav/017/017026.wav,18,1,1,1,0,0,0,0,0,1,0,0,0,0,0,1,0,0,0,0,0,0,0,0
data/audio_wav/017/017027.wav,18,1,1,1,0,0,0,0,0,1,0,0,0,0,0,1,0,0,0,0,0,0,0,0
data/audio_wav/017/017028.wav,18,1,1,1,0,0,0,0,0,1,0,0,0,0,0,1,0,0,0,0,0,0,0,0
data/audio_wav/017/017029.wav,18,1,1,1,0,0,0,0,0,1,0,0,0,0,0,1,0,0,0,0,0,0,0,0
data/audio_wav/017/017030.wav,18,1,1,1,0,0,0,0,0,1,0,0,0,0,0,1,0,0,0,0,0,0,0,0
data/audio_wav/017/017031.wav,18,1,1,1,0,0,0,0,0,1,0,0,0,0,0,1,0,0,0,0,0,0,0,0
data/audio_wav/017/017032.wav,18,1,1,1,0,0,0,0,0,1,0,0,0,0,0,1,0,0,0,0,0,0,0,0
data/audio_wav/017/017033.wav,18,1,1,1,0,0,0,0,0,1,0,0,0,0,0,1,0,0,0,0,0,0,0,0
data/audio_wav/017/017034.wav,18,1,1,1,0,0,0,0,0,1,0,0,0,0,0,1,0,0,0,0,0,0,0,0
data/audio_wav/017/017035.wav,18,1,1,1,0,0,0,0,0,1,0,0,0,0,0,1,0,0,0,0,0,0,0,0
data/audio_wav/017/017036.wav,18,1,1,1,0,0,0,0,0,1,0,0,0,0,0,1,0,0,0,0,0,0,0,0
data/audio_wav/017/017037.wav,18,1,1,1,0,0,0,0,0,1,0,0,0,0,0,1,0,0,0,0,0,0,0,0
data/audio_wav/017/017038.wav,18,1,1,1,0,0,0,0,0,1,0,0,0,0,0,1,0,0,0,0,0,0,0,0
data/audio_wav/017/017039.wav,18,1,1,1,0,0,0,0,0,1,0,0,0,0,0,1,0,0,0,0,0,0,0,0
data/audio_wav/017/017040.wav,18,1,1,1,0,0,0,0,0,1,0,0,0,0,0,1,0,0,0,0,0,0,0,0
data/audio_wav/017/017041.wav,18,1,1,1,0,0,0,0,0,1,0,0,0,0,0,1,0,0,0,0,0,0,0,0
data/audio_wav/017/017042.wav,18,1,1,1,0,0,0,0,0,1,0,0,0,0,0,1,0,0,0,0,0,0,0,0
data/audio_wav/017/017043.wav,18,1,1,1,0,0,0,0,0,1,0,0,0,0,0,1,0,0,0,0,0,0,0,0
data/audio_wav/017/017044.wav,18,1,1,1,0,0,0,0,0,1,0,0,0,0,0,1,0,0,0,0,0,0,0,0
data/audio_wav/017/017045.wav,18,1,1,1,0,0,0,0,0,1,0,0,0,0,0,1,0,0,0,0,0,0,0,0
data/audio_wav/017/017046.wav,18,1,1,1,0,0,0,0,0,1,0,0,0,0,0,1,0,0,0,0,0,0,0,0
data/audio_wav/017/017047.wav,18,1,1,1,0,0,0,0,0,1,0,0,0,0,0,1,0,0,0,0,0,0,0,0
data/audio_wav/017/017048.wav,18,1,1,1,0,0,0,0,0,1,0,0,0,0,0,1,0,0,0,0,0,0,0,0
data/audio_wav/017/017049.wav,18,1,1,1,0,0,0,0,0,1,0,0,0,0,0,1,0,0,0,0,0,0,0,0
data/audio_wav/018/018000.wav,19,1,1,1,0,0,0,0,0,1,0,0,0,0,0,0,1,0,0,0,0,0,0,0
data/audio_wav/018/018001.wav,19,1,1,1,0,0,0,0,0,1,0,0,0,0,0,0,1,0,0,0,0,0,0,0
data/audio_wav/018/018002.wav,19,1,1,1,0,0,0,0,0,1,0,0,0,0,0,0,1,0,0,0,0,0,0,0
data/audio_wav/018/018003.wav,19,1,1,1,0,0,0,0,0,1,0,0,0,0,0,0,1,0,0,0,0,0,0,0
data/audio_wav/018/018004.wav,19,1,1,1,0,0,0,0,0,1,0,0,0,0,0,0,1,0,0,0,0,0,0,0
data/audio_wav/018/018005.wav,19,1,1,1,0,0,0,0,0,1,0,0,0,0,0,0,1,0,0,0,0,0,0,0
data/audio_wav/018/018006.wav,19,1,1,1,0,0,0,0,0,1,0,0,0,0,0,0,1,0,0,0,0,0,0,0
data/audio_wav/018/018007.wav,19,1,1,1,0,0,0,0,0,1,0,0,0,0,0,0,1,0,0,0,0,0,0,0
data/audio_wav/018/018008.wav,19,1,1,1,0,0,0,0,0,1,0,0,0,0,0,0,1,0,0,0,0,0,0,0
data/audio_wav/018/018009.wav,19,1,1,1,0,0,0,0,0,1,0,0,0,0,0,0,1,0,0,0,0,0,0,0
data/audio_wav/018/018010.wav,19,1,1,1,0,0,0,0,0,1,0,0,0,0,0,0,1,0,0,0,0,0,0,0
data/audio_wav/018/018011.wav,19,1,1,1,0,0,0,0,0,1,0,0,0,0,0,0,1,0,0,0,0,0,0,0
data/audio_wav/018/018012.wav,19,1,1,1,0,0,0,0,0,1,0,0,0,0,0,0,1,0,0,0,0,0,0,0
data/audio_wav/018/018013.wav,19,1,1,1,0,0,0,0,0,1,0,0,0,0,0,0,1,0,0,0,0,0,0,0
data/audio_wav/018/018014.wav,19,1,1,1,0,0,0,0,0,1,0,0,0,0,0,0,1,0,0,0,0,0,0,0
data/audio_wav/018/018015.wav,19,1,1,1,0,0,0,0,0,1,0,0,0,0,0,0,1,0,0,0,0,0,0,0
data/audio_wav/018/018016.wav,19,1,1,1,0,0,0,0,0,1,0,0,0,0,0,0,1,0,0,0,0,0,0,0
data/audio_wav/018/018017.wav,19,1,1,1,0,0,0,0,0,1,0,0,0,0,0,0,1,0,0,0,0,0,0,0
data/audio_wav/018/018018.wav,19,1,1,1,0,0,0,0,0,1,0,0,0,0,0,0,1,0,0,0,0,0,0,0
data/audio_wav/018/018019.wav,19,1,1,1,0,0,0,0,0,1,0,0,0,0,0,0,1,0,0,0,0,0,0,0
data/audio_wav/018/018020.wav,19,1,1,1,0,0,0,0,0,1,0,0,0,0,0,0,1,0,0,0,0,0,0,0
data/audio_wav/018/018021.wav,19,1,1,1,0,0,0,0,0,1,0,0,0,0,0,0,1,0,0,0,0,0,0,0
data/audio_wav/018/018022.wav,19,1,1,1,0,0,0,0,0,1,0,0,0,0,0,0,1,0,0,0,0,0,0,0
data/audio_wav/018/018023.wav,19,1,1,1,0,0,0,0,0,1,0,0,0,0,0,0,1,0,0,0,0,0,0,0
data/audio_wav/018/018024.wav,19,1,1,1,0,0,0,0,0,1,0,0,0,0,0,0,1,0,0,0,0,0,0,0
data/audio_wav/018/018025.wav,19,1,1,1,0,0,0,0,0,1,0,0,0,0,0,0,1,0,0,0,0,0,0,0
data/audio_wav/018/018026.wav,19,1,1,1,0,0,0,0,0,1,0,0,0,0,0,0,1,0,0,0,0,0,0,0
data/audio_wav/018/018027.wav,19,1,1,1,0,0,0,0,0,1,0,0,0,0,0,0,1,0,0,0,0,0,0,0
data/audio_wav/018/018028.wav,19,1,1,1,0,0,0,0,0,1,0,0,0,0,0,0,1,0,0,0,0,0,0,0
data/audio_wav/018/018029.wav,19,1,1,1,0,0,0,0,0,1,0,0,0,0,0,0,1,0,0,0,0,0,0,0
data/audio_wav/018/018030.wav,19,1,1,1,0,0,0,0,0,1,0,0,0,0,0,0,1,0,0,0,0,0,0,0
data/audio_wav/018/018031.wav,19,1,1,1,0,0,0,0,0,1,0,0,0,0,0,0,1,0,0,0,0,0,0,0
data/audio_wav/018/018032.wav,19,1,1,1,0,0,0,0,0,1,0,0,0,0,0,0,1,0,0,0,0,0,0,0
data/audio_wav/018/018033.wav,19,1,1,1,0,0,0,0,0,1,0,0,0,0,0,0,1,0,0,0,0,0,0,0
data/audio_wav/018/018034.wav,19,1,1,1,0,0,0,0,0,1,0,0,0,0,0,0,1,0,0,0,0,0,0,0
data/audio_wav/018/018035.wav,19,1,1,1,0,0,0,0,0,1,0,0,0,0,0,0,1,0,0,0,0,0,0,0
data/audio_wav/018/018036.wav,19,1,1,1,0,0,0,0,0,1,0,0,0,0,0,0,1,0,0,0,0,0,0,0
data/audio_wav/018/018037.wav,19,1,1,1,0,0,0,0,0,1,0,0,0,0,0,0,1,0,0,0,0,0,0,0
data/audio_wav/018/018038.wav,19,1,1,1,0,0,0,0,0,1,0,0,0,0,0,0,1,0,0,0,0,0,0,0
data/audio_wav/018/018039.wav,19,1,1,1,0,0,0,0,0,1,0,0,0,0,0,0,1,0,0,0,0,0,0,0
data/audio_wav/018/018040.wav,19,1,1,1,0,0,0,0,0,1,0,0,0,0,0,0,1,0,0,0,0,0,0,0
data/audio_wav/018/018041.wav,19,1,1,1,0,0,0,0,0,1,0,0,0,0,0,0,1,0,0,0,0,0,0,0
data/audio_wav/018/018042.wav,19,1,1,1,0,0,0,0,0,1,0,0,0,0,0,0,1,0,0,0,0,0,0,0
data/audio_wav/018/018043.wav,19,1,1,1,0,0,0,0,0,1,0,0,0,0,0,0,1,0,0,0,0,0,0,0
data/audio_wav/018/018044.wav,19,1,1,1,0,0,0,0,0,1,0,0,0,0,0,0,1,0,0,0,0,0,0,0
data/audio_wav/018/018045.wav,19,1,1,1,0,0,0,0,0,1,0,0,0,0,0,0,1,0,0,0,0,0,0,0
data/audio_wav/018/018046.wav,19,1,1,1,0,0,0,0,0,1,0,0,0,0,0,0,1,0,0,0,0,0,0,0
data/audio_wav/018/018047.wav,19,1,1,1,0,0,0,0,0,1,0,0,0,0,0,0,1,0,0,0,0,0,0,0
data/audio_wav/018/018048.wav,19,1,1,1,0,0,0,0,0,1,0,0,0,0,0,0,1,0,0,0,0,0,0,0
data/audio_wav/018/018049.wav,19,1,1,1,0,0,0,0,0,1,0,0,0,0,0,0,1,0,0,0,0,0,0,0
data/audio_wav/019/019000.wav,20,0,0,1,0,0,0,0,0,1,0,0,0,0,0,0,0,1,0,0,0,0,0,0
data/audio_wav/019/019001.wav,20,0,0,1,0,0,0,0,0,1,0,0,0,0,0,0,0,1,0,0,0,0,0,0
data/audio_wav/019/019002.wav,20,0,0,1,0,0,0,0,0,1,0,0,0,0,0,0,0,1,0,0,0,0,0,0
data/audio_wav/019/019003.wav,20,0,0,1,0,0,0,0,0,1,0,0,0,0,0,0,0,1,0,0,0,0,0,0
data/audio_wav/019/019004.wav,20,0,0,1,0,0,0,0,0,1,0,0,0,0,0,0,0,1,0,0,0,0,0,0
data/audio_wav/019/019005.wav,20,0,0,1,0,0,0,0,0,1,0,0,0,0,0,0,0,1,0,0,0,0,0,0
data/audio_wav/019/019006.wav,20,0,0,1,0,0,0,0,0,1,0,0,0,0,0,0,0,1,0,0,0,0,0,0
data/audio_wav/019/019007.wav,20,0,0,1,0,0,0,0,0,1,0,0,0,0,0,0,0,1,0,0,0,0,0,0
data/audio_wav/019/019008.wav,20,0,0,1,0,0,0,0,0,1,0,0,0,0,0,0,0,1,0,0,0,0,0,0
data/audio_wav/019/019009.wav,20,0,0,1,0,0,0,0,0,1,0,0,0,0,0,0,0,1,0,0,0,0,0,0
data/audio_wav/019/019010.wav,20,0,0,1,0,0,0,0,0,1,0,0,0,0,0,0,0,1,0,0,0,0,0,0
data/audio_wav/019/019011.wav,20,0,0,1,0,0,0,0,0,1,0,0,0,0,0,0,0,1,0,0,0,0,0,0
data/audio_wav/019/019012.wav,20,0,0,1,0,0,0,0,0,1,0,0,0,0,0,0,0,1,0,0,0,0,0,0
data/audio_wav/019/019013.wav,20,0,0,1,0,0,0,0,0,1,0,0,0,0,0,0,0,1,0,0,0,0,0,0
data/audio_wav/019/019014.wav,20,0,0,1,0,0,0,0,0,1,0,0,0,0,0,0,0,1,0,0,0,0,0,0
data/audio_wav/019/019015.wav,20,0,0,1,0,0,0,0,0,1,0,0,0,0,0,0,0,1,0,0,0,0,0,0
data/audio_wav/019/019016.wav,20,0,0,1,0,0,0,0,0,1,0,0,0,0,0,0,0,1,0,0,0,0,0,0
data/audio_wav/019/019017.wav,20,0,0,1,0,0,0,0,0,1,0,0,0,0,0,0,0,1,0,0,0,0,0,0
data/audio_wav/019/019018.wav,20,0,0,1,0,0,0,0,0,1,0,0,0,0,0,0,0,1,0,0,0,0,0,0
data/audio_wav/019/019019.wav,20,0,0,1,0,0,0,0,0,1,0,0,0,0,0,0,0,1,0,0,0,0,0,0
data/audio_wav/019/019020.wav,20,0,0,1,0,0,0,0,0,1,0,0,0,0,0,0,0,1,0,0,0,0,0,0
data/audio_wav/019/019021.wav,20,0,0,1,0,0,0,0,0,1,0,0,0,0,0,0,0,1,0,0,0,0,0,0
data/audio_wav/019/019022.wav,20,0,0,1,0,0,0,0,0,1,0,0,0,0,0,0,0,1,0,0,0,0,0,0
data/audio_wav/019/019023.wav,20,0,0,1,0,0,0,0,0,1,0,0,0,0,0,0,0,1,0,0,0,0,0,0
data/audio_wav/019/019024.wav,20,0,0,1,0,0,0,0,0,1,0,0,0,0,0,0,0,1,0,0,0,0,0,0
data/audio_wav/019/019025.wav,20,0,0,1,0,0,0,0,0,1,0,0,0,0,0,0,0,1,0,0,0,0,0,0
data/audio_wav/019/019026.wav,20,0,0,1,0,0,0,0,0,1,0,0,0,0,0,0,0,1,0,0,0,0,0,0
data/audio_wav/019/019027.wav,20,0,0,1,0,0,0,0,0,1,0,0,0,0,0,0,0,1,0,0,0,0,0,0
data/audio_wav/019/019028.wav,20,0,0,1,0,0,0,0,0,1,0,0,0,0,0,0,0,1,0,0,0,0,0,0
data/audio_wav/019/019029.wav,20,0,0,1,0,0,0,0,0,1,0,0,0,0,0,0,0,1,0,0,0,0,0,0
data/audio_wav/019/019030.wav,20,0,0,1,0,0,0,0,0,1,0,0,0,0,0,0,0,1,0,0,0,0,0,0
data/audio_wav/019/019031.wav,20,0,0,1,0,0,0,0,0,1,0,0,0,0,0,0,0,1,0,0,0,0,0,0
data/audio_wav/019/019032.wav,20,0,0,1,0,0,0,0,0,1,0,0,0,0,0,0,0,1,0,0,0,0,0,0
data/audio_wav/019/019033.wav,20,0,0,1,0,0,0,0,0,1,0,0,0,0,0,0,0,1,0,0,0,0,0,0
data/audio_wav/019/019034.wav,20,0,0,1,0,0,0,0,0,1,0,0,0,0,0,0,0,1,0,0,0,0,0,0
data/audio_wav/019/019035.wav,20,0,0,1,0,0,0,0,0,1,0,0,0,0,0,0,0,1,0,0,0,0,0,0
data/audio_wav/019/019036.wav,20,0,0,1,0,0,0,0,0,1,0,0,0,0,0,0,0,1,0,0,0,0,0,0
data/audio_wav/019/019037.wav,20,0,0,1,0,0,0,0,0,1,0,0,0,0,0,0,0,1,0,0,0,0,0,0
data/audio_wav/019/019038.wav,20,0,0,1,0,0,0,0,0,1,0,0,0,0,0,0,0,1,0,0,0,0,0,0
data/audio_wav/019/019039.wav,20,0,0,1,0,0,0,0,0,1,0,0,0,0,0,0,0,1,0,0,0,0,0,0
data/audio_wav/019/019040.wav,20,0,0,1,0,0,0,0,0,1,0,0,0,0,0,0,0,1,0,0,0,0,0,0
data/audio_wav/019/019041.wav,20,0,0,1,0,0,0,0,0,1,0,0,0,0,0,0,0,1,0,0,0,0,0,0
data/audio_wav/019/019042.wav,20,0,0,1,0,0,0,0,0,1,0,0,0,0,0,0,0,1,0,0,0,0,0,0
data/audio_wav/019/019043.wav,20,0,0,1,0,0,0,0,0,1,0,0,0,0,0,0,0,1,0,0,0,0,0,0
data/audio_wav/019/019044.wav,20,0,0,1,0,0,0,0,0,1,0,0,0,0,0,0,0,1,0,0,0,0,0,0
data/audio_wav/019/019045.wav,20,0,0,1,0,0,0,0,0,1,0,0,0,0,0,0,0,1,0,0,0,0,0,0
data/audio_wav/019/019046.wav,20,0,0,1,0,0,0,0,0,1,0,0,0,0,0,0,0,1,0,0,0,0,0,0
data/audio_wav/019/019047.wav,20,0,0,1,0,0,0,0,0,1,0,0,0,0,0,0,0,1,0,0,0,0,0,0
data/audio_wav/019/019048.wav,20,0,0,1,0,0,0,0,0,1,0,0,0,0,0,0,0,1,0,0,0,0,0,0
data/audio_wav/019/019049.wav,20,0,0,1,0,0,0,0,0,1,0,0,0,0,0,0,0,1,0,0,0,0,0,0
data/audio_wav/020/020000.wav,21,1,2,1,0,0,0,0,0,1,0,0,0,0,0,0,0,0,1,0,0,0,0,0
data/audio_wav/020/020001.wav,21,1,2,1,0,0,0,0,0,1,0,0,0,0,0,0,0,0,1,0,0,0,0,0
data/audio_wav/020/020002.wav,21,1,2,1,0,0,0,0,0,1,0,0,0,0,0,0,0,0,1,0,0,0,0,0
data/audio_wav/020/020003.wav,21,1,2,1,0,0,0,0,0,1,0,0,0,0,0,0,0,0,1,0,0,0,0,0
data/audio_wav/020/020004.wav,21,1,2,1,0,0,0,0,0,1,0,0,0,0,0,0,0,0,1,0,0,0,0,0
data/audio_wav/020/020005.wav,21,1,2,1,0,0,0,0,0,1,0,0,0,0,0,0,0,0,1,0,0,0,0,0
data/audio_wav/020/020006.wav,21,1,2,1,0,0,0,0,0,1,0,0,0,0,0,0,0,0,1,0,0,0,0,0
data/audio_wav/020/020007.wav,21,1,2,1,0,0,0,0,0,1,0,0,0,0,0,0,0,0,1,0,0,0,0,0
data/audio_wav/020/020008.wav,21,1,2,1,0,0,0,0,0,1,0,0,0,0,0,0,0,0,1,0,0,0,0,0
data/audio_wav/020/020009.wav,21,1,2,1,0,0,0,0,0,1,0,0,0,0,0,0,0,0,1,0,0,0,0,0
data/audio_wav/020/020010.wav,21,1,2,1,0,0,0,0,0,1,0,0,0,0,0,0,0,0,1,0,0,0,0,0
data/audio_wav/020/020011.wav,21,1,2,1,0,0,0,0,0,1,0,0,0,0,0,0,0,0,1,0,0,0,0,0
data/audio_wav/020/020012.wav,21,1,2,1,0,0,0,0,0,1,0,0,0,0,0,0,0,0,1,0,0,0,0,0
data/audio_wav/020/020013.wav,21,1,2,1,0,0,0,0,0,1,0,0,0,0,0,0,0,0,1,0,0,0,0,0
data/audio_wav/020/020014.wav,21,1,2,1,0,0,0,0,0,1,0,0,0,0,0,0,0,0,1,0,0,0,0,0
data/audio_wav/020/020015.wav,21,1,2,1,0,0,0,0,0,1,0,0,0,0,0,0,0,0,1,0,0,0,0,0
data/audio_wav/020/020016.wav,21,1,2,1,0,0,0,0,0,1,0,0,0,0,0,0,0,0,1,0,0,0,0,0
data/audio_wav/020/020017.wav,21,1,2,1,0,0,0,0,0,1,0,0,0,0,0,0,0,0,1,0,0,0,0,0
data/audio_wav/020/020018.wav,21,1,2,1,0,0,0,0,0,1,0,0,0,0,0,0,0,0,1,0,0,0,0,0
data/audio_wav/020/020019.wav,21,1,2,1,0,0,0,0,0,1,0,0,0,0,0,0,0,0,1,0,0,0,0,0
data/audio_wav/020/020020.wav,21,1,2,1,0,0,0,0,0,1,0,0,0,0,0,0,0,0,1,0,0,0,0,0
data/audio_wav/020/020021.wav,21,1,2,1,0,0,0,0,0,1,0,0,0,0,0,0,0,0,1,0,0,0,0,0
data/audio_wav/020/020022.wav,21,1,2,1,0,0,0,0,0,1,0,0,0,0,0,0,0,0,1,0,0,0,0,0
data/audio_wav/020/020023.wav,21,1,2,1,0,0,0,0,0,1,0,0,0,0,0,0,0,0,1,0,0,0,0,0
data/audio_wav/020/020024.wav,21,1,2,1,0,0,0,0,0,1,0,0,0,0,0,0,0,0,1,0,0,0,0,0
data/audio_wav/020/020025.wav,21,1,2,1,0,0,0,0,0,1,0,0,0,0,0,0,0,0,1,0,0,0,0,0
data/audio_wav/020/020026.wav,21,1,2,1,0,0,0,0,0,1,0,0,0,0,0,0,0,0,1,0,0,0,0,0
data/audio_wav/020/020027.wav,21,1,2,1,0,0,0,0,0,1,0,0,0,0,0,0,0,0,1,0,0,0,0,0
data/audio_wav/020/020028.wav,21,1,2,1,0,0,0,0,0,1,0,0,0,0,0,0,0,0,1,0,0,0,0,0
data/audio_wav/020/020029.wav,21,1,2,1,0,0,0,0,0,1,0,0,0,0,0,0,0,0,1,0,0,0,0,0
data/audio_wav/020/020030.wav,21,1,2,1,0,0,0,0,0,1,0,0,0,0,0,0,0,0,1,0,0,0,0,0
data/audio_wav/020/020031.wav,21,1,2,1,0,0,0,0,0,1,0,0,0,0,0,0,0,0,1,0,0,0,0,0
data/audio_wav/020/020032.wav,21,1,2,1,0,0,0,0,0,1,0,0,0,0,0,0,0,0,1,0,0,0,0,0
data/audio_wav/020/020033.wav,21,1,2,1,0,0,0,0,0,1,0,0,0,0,0,0,0,0,1,0,0,0,0,0
data/audio_wav/020/020034.wav,21,1,2,1,0,0,0,0,0,1,0,0,0,0,0,0,0,0,1,0,0,0,0,0
data/audio_wav/020/020035.wav,21,1,2,1,0,0,0,0,0,1,0,0,0,0,0,0,0,0,1,0,0,0,0,0
data/audio_wav/020/020036.wav,21,1,2,1,0,0,0,0,0,1,0,0,0,0,0,0,0,0,1,0,0,0,0,0
data/audio_wav/020/020037.wav,21,1,2,1,0,0,0,0,0,1,0,0,0,0,0,0,0,0,1,0,0,0,0,0
data/audio_wav/020/020038.wav,21,1,2,1,0,0,0,0,0,1,0,0,0,0,0,0,0,0,1,0,0,0,0,0
data/audio_wav/020/020039.wav,21,1,2,1,0,0,0,0,0,1,0,0,0,0,0,0,0,0,1,0,0,0,0,0
data/audio_wav/020/020040.wav,21,1,2,1,0,0,0,0,0,1,0,0,0,0,0,0,0,0,1,0,0,0,0,0
data/audio_wav/020/020041.wav,21,1,2,1,0,0,0,0,0,1,0,0,0,0,0,0,0,0,1,0,0,0,0,0
data/audio_wav/020/020042.wav,21,1,2,1,0,0,0,0,0,1,0,0,0,0,0,0,0,0,1,0,0,0,0,0
data/audio_wav/020/020043.wav,21,1,2,1,0,0,0,0,0,1,0,0,0,0,0,0,0,0,1,0,0,0,0,0
data/audio_wav/020/020044.wav,21,1,2,1,0,0,0,0,0,1,0,0,0,0,0,0,0,0,1,0,0,0,0,0
data/audio_wav/020/020045.wav,21,1,2,1,0,0,0,0,0,1,0,0,0,0,0,0,0,0,1,0,0,0,0,0
data/audio_wav/020/020046.wav,21,1,2,1,0,0,0,0,0,1,0,0,0,0,0,0,0,0,1,0,0,0,0,0
data/audio_wav/020/020047.wav,21,1,2,1,0,0,0,0,0,1,0,0,0,0,0,0,0,0,1,0,0,0,0,0
data/audio_wav/020/020048.wav,21,1,2,1,0,0,0,0,0,1,0,0,0,0,0,0,0,0,1,0,0,0,0,0
data/audio_wav/020/020049.wav,21,1,2,1,0,0,0,0,0,1,0,0,0,0,0,0,0,0,1,0,0,0,0,0
data/audio_wav/021/021000.wav,22,1,1,1,0,0,0,0,0,1,0,0,0,0,0,0,0,0,0,1,0,0,0,0
data/audio_wav/021/021001.wav,22,1,1,1,0,0,0,0,0,1,0,0,0,0,0,0,0,0,0,1,0,0,0,0
data/audio_wav/021/021002.wav,22,1,1,1,0,0,0,0,0,1,0,0,0,0,0,0,0,0,0,1,0,0,0,0
data/audio_wav/021/021003.wav,22,1,1,1,0,0,0,0,0,1,0,0,0,0,0,0,0,0,0,1,0,0,0,0
data/audio_wav/021/021004.wav,22,1,1,1,0,0,0,0,0,1,0,0,0,0,0,0,0,0,0,1,0,0,0,0
data/audio_wav/021/021005.wav,22,1,1,1,0,0,0,0,0,1,0,0,0,0,0,0,0,0,0,1,0,0,0,0
data/audio_wav/021/021006.wav,22,1,1,1,0,0,0,0,0,1,0,0,0,0,0,0,0,0,0,1,0,0,0,0
data/audio_wav/021/021007.wav,22,1,1,1,0,0,0,0,0,1,0,0,0,0,0,0,0,0,0,1,0,0,0,0
data/audio_wav/021/021008.wav,22,1,1,1,0,0,0,0,0,1,0,0,0,0,0,0,0,0,0,1,0,0,0,0
data/audio_wav/021/021009.wav,22,1,1,1,0,0,0,0,0,1,0,0,0,0,0,0,0,0,0,1,0,0,0,0
data/audio_wav/021/021010.wav,22,1,1,1,0,0,0,0,0,1,0,0,0,0,0,0,0,0,0,1,0,0,0,0
data/audio_wav/021/021011.wav,22,1,1,1,0,0,0,0,0,1,0,0,0,0,0,0,0,0,0,1,0,0,0,0
data/audio_wav/021/021012.wav,22,1,1,1,0,0,0,0,0,1,0,0,0,0,0,0,0,0,0,1,0,0,0,0
data/audio_wav/021/021013.wav,22,1,1,1,0,0,0,0,0,1,0,0,0,0,0,0,0,0,0,1,0,0,0,0
data/audio_wav/021/021014.wav,22,1,1,1,0,0,0,0,0,1,0,0,0,0,0,0,0,0,0,1,0,0,0,0
data/audio_wav/021/021015.wav,22,1,1,1,0,0,0,0,0,1,0,0,0,0,0,0,0,0,0,1,0,0,0,0
data/audio_wav/021/021016.wav,22,1,1,1,0,0,0,0,0,1,0,0,0,0,0,0,0,0,0,1,0,0,0,0
data/audio_wav/021/021017.wav,22,1,1,1,0,0,0,0,0,1,0,0,0,0,0,0,0,0,0,1,0,0,0,0
data/audio_wav/021/021018.wav,22,1,1,1,0,0,0,0,0,1,0,0,0,0,0,0,0,0,0,1,0,0,0,0
data/audio_wav/021/021019.wav,22,1,1,1,0,0,0,0,0,1,0,0,0,0,0,0,0,0,0,1,0,0,0,0
data/audio_wav/021/021020.wav,22,1,1,1,0,0,0,0,0,1,0,0,0,0,0,0,0,0,0,1,0,0,0,0
data/audio_wav/021/021021.wav,22,1,1,1,0,0,0,0,0,1,0,0,0,0,0,0,0,0,0,1,0,0,0,0
data/audio_wav/021/021022.wav,22,1,1,1,0,0,0,0,0,1,0,0,0,0,0,0,0,0,0,1,0,0,0,0
data/audio_wav/021/021023.wav,22,1,1,1,0,0,0,0,0,1,0,0,0,0,0,0,0,0,0,1,0,0,0,0
data/audio_wav/021/021024.wav,22,1,1,1,0,0,0,0,0,1,0,0,0,0,0,0,0,0,0,1,0,0,0,0
data/audio_wav/021/021025.wav,22,1,1,1,0,0,0,0,0,1,0,0,0,0,0,0,0,0,0,1,0,0,0,0
data/audio_wav/021/021026.wav,22,1,1,1,0,0,0,0,0,1,0,0,0,0,0,0,0,0,0,1,0,0,0,0
data/audio_wav/021/021027.wav,22,1,1,1,0,0,0,0,0,1,0,0,0,0,0,0,0,0,0,1,0,0,0,0
data/audio_wav/021/021028.wav,22,1,1,1,0,0,0,0,0,1,0,0,0,0,0,0,0,0,0,1,0,0,0,0
data/audio_wav/021/021029.wav,22,1,1,1,0,0,0,0,0,1,0,0,0,0,0,0,0,0,0,1,0,0,0,0
data/audio_wav/021/021030.wav,22,1,1,1,0,0,0,0,0,1,0,0,0,0,0,0,0,0,0,1,0,0,0,0
data/audio_wav/021/021031.wav,22,1,1,1,0,0,0,0,0,1,0,0,0,0,0,0,0,0,0,1,0,0,0,0
data/audio_wav/021/021032.wav,22,1,1,1,0,0,0,0,0,1,0,0,0,0,0,0,0,0,0,1,0,0,0,0
data/audio_wav/021/021033.wav,22,1,1,1,0,0,0,0,0,1,0,0,0,0,0,0,0,0,0,1,0,0,0,0
data/audio_wav/021/021034.wav,22,1,1,1,0,0,0,0,0,1,0,0,0,0,0,0,0,0,0,1,0,0,0,0
data/audio_wav/021/021035.wav,22,1,1,1,0,0,0,0,0,1,0,0,0,0,0,0,0,0,0,1,0,0,0,0
data/audio_wav/021/021036.wav,22,1,1,1,0,0,0,0,0,1,0,0,0,0,0,0,0,0,0,1,0,0,0,0
data/audio_wav/021/021037.wav,22,1,1,1,0,0,0,0,0,1,0,0,0,0,0,0,0,0,0,1,0,0,0,0
data/audio_wav/021/021038.wav,22,1,1,1,0,0,0,0,0,1,0,0,0,0,0,0,0,0,0,1,0,0,0,0
data/audio_wav/021/021039.wav,22,1,1,1,0,0,0,0,0,1,0,0,0,0,0,0,0,0,0,1,0,0,0,0
data/audio_wav/021/021040.wav,22,1,1,1,0,0,0,0,0,1,0,0,0,0,0,0,0,0,0,1,0,0,0,0
data/audio_wav/021/021041.wav,22,1,1,1,0,0,0,0,0,1,0,0,0,0,0,0,0,0,0,1,0,0,0,0
data/audio_wav/021/021042.wav,22,1,1,1,0,0,0,0,0,1,0,0,0,0,0,0,0,0,0,1,0,0,0,0
data/audio_wav/021/021043.wav,22,1,1,1,0,0,0,0,0,1,0,0,0,0,0,0,0,0,0,1,0,0,0,0
data/audio_wav/021/021044.wav,22,1,1,1,0,0,0,0,0,1,0,0,0,0,0,0,0,0,0,1,0,0,0,0
data/audio_wav/021/021045.wav,22,1,1,1,0,0,0,0,0,1,0,0,0,0,0,0,0,0,0,1,0,0,0,0
data/audio_wav/021/021046.wav,22,1,1,1,0,0,0,0,0,1,0,0,0,0,0,0,0,0,0,1,0,0,0,0
data/audio_wav/021/021047.wav,22,1,1,1,0,0,0,0,0,1,0,0,0,0,0,0,0,0,0,1,0,0,0,0
data/audio_wav/021/021048.wav,22,1,1,1,0,0,0,0,0,1,0,0,0,0,0,0,0,0,0,1,0,0,0,0
data/audio_wav/021/021049.wav,22,1,1,1,0,0,0,0,0,1,0,0,0,0,0,0,0,0,0,1,0,0,0,0
data/audio_wav/022/022000.wav,23,1,2,1,0,0,0,0,0,1,0,0,0,0,0,0,0,0,0,0,1,0,0,0
data/audio_wav/022/022001.wav,23,1,2,1,0,0,0,0,0,1,0,0,0,0,0,0,0,0,0,0,1,0,0,0
data/audio_wav/022/022002.wav,23,1,2,1,0,0,0,0,0,1,0,0,0,0,0,0,0,0,0,0,1,0,0,0
data/audio_wav/022/022003.wav,23,1,2,1,0,0,0,0,0,1,0,0,0,0,0,0,0,0,0,0,1,0,0,0
data/audio_wav/022/022004.wav,23,1,2,1,0,0,0,0,0,1,0,0,0,0,0,0,0,0,0,0,1,0,0,0
data/audio_wav/022/022005.wav,23,1,2,1,0,0,0,0,0,1,0,0,0,0,0,0,0,0,0,0,1,0,0,0
data/audio_wav/022/022006.wav,23,1,2,1,0,0,0,0,0,1,0,0,0,0,0,0,0,0,0,0,1,0,0,0
data/audio_wav/022/022007.wav,23,1,2,1,0,0,0,0,0,1,0,0,0,0,0,0,0,0,0,0,1,0,0,0
data/audio_wav/022/022008.wav,23,1,2,1,0,0,0,0,0,1,0,0,0,0,0,0,0,0,0,0,1,0,0,0
data/audio_wav/022/022009.wav,23,1,2,1,0,0,0,0,0,1,0,0,0,0,0,0,0,0,0,0,1,0,0,0
data/audio_wav/022/022010.wav,23,1,2,1,0,0,0,0,0,1,0,0,0,0,0,0,0,0,0,0,1,0,0,0
data/audio_wav/022/022011.wav,23,1,2,1,0,0,0,0,0,1,0,0,0,0,0,0,0,0,0,0,1,0,0,0
data/audio_wav/022/022012.wav,23,1,2,1,0,0,0,0,0,1,0,0,0,0,0,0,0,0,0,0,1,0,0,0
data/audio_wav/022/022013.wav,23,1,2,1,0,0,0,0,0,1,0,0,0,0,0,0,0,0,0,0,1,0,0,0
data/audio_wav/022/022014.wav,23,1,2,1,0,0,0,0,0,1,0,0,0,0,0,0,0,0,0,0,1,0,0,0
data/audio_wav/022/022015.wav,23,1,2,1,0,0,0,0,0,1,0,0,0,0,0,0,0,0,0,0,1,0,0,0
data/audio_wav/022/022016.wav,23,1,2,1,0,0,0,0,0,1,0,0,0,0,0,0,0,0,0,0,1,0,0,0
data/audio_wav/022/022017.wav,23,1,2,1,0,0,0,0,0,1,0,0,0,0,0,0,0,0,0,0,1,0,0,0
data/audio_wav/022/022018.wav,23,1,2,1,0,0,0,0,0,1,0,0,0,0,0,0,0,0,0,0,1,0,0,0
data/audio_wav/022/022019.wav,23,1,2,1,0,0,0,0,0,1,0,0,0,0,0,0,0,0,0,0,1,0,0,0
data/audio_wav/022/022020.wav,23,1,2,1,0,0,0,0,0,1,0,0,0,0,0,0,0,0,0,0,1,0,0,0
data/audio_wav/022/022021.wav,23,1,2,1,0,0,0,0,0,1,0,0,0,0,0,0,0,0,0,0,1,0,0,0
data/audio_wav/022/022022.wav,23,1,2,1,0,0,0,0,0,1,0,0,0,0,0,0,0,0,0,0,1,0,0,0
data/audio_wav/022/022023.wav,23,1,2,1,0,0,0,0,0,1,0,0,0,0,0,0,0,0,0,0,1,0,0,0
data/audio_wav/022/022024.wav,23,1,2,1,0,0,0,0,0,1,0,0,0,0,0,0,0,0,0,0,1,0,0,0
data/audio_wav/022/022025.wav,23,1,2,1,0,0,0,0,0,1,0,0,0,0,0,0,0,0,0,0,1,0,0,0
data/audio_wav/022/022026.wav,23,1,2,1,0,0,0,0,0,1,0,0,0,0,0,0,0,0,0,0,1,0,0,0
data/audio_wav/022/022027.wav,23,1,2,1,0,0,0,0,0,1,0,0,0,0,0,0,0,0,0,0,1,0,0,0
data/audio_wav/022/022028.wav,23,1,2,1,0,0,0,0,0,1,0,0,0,0,0,0,0,0,0,0,1,0,0,0
data/audio_wav/022/022029.wav,23,1,2,1,0,0,0,0,0,1,0,0,0,0,0,0,0,0,0,0,1,0,0,0
data/audio_wav/022/022030.wav,23,1,2,1,0,0,0,0,0,1,0,0,0,0,0,0,0,0,0,0,1,0,0,0
data/audio_wav/022/022031.wav,23,1,2,1,0,0,0,0,0,1,0,0,0,0,0,0,0,0,0,0,1,0,0,0
data/audio_wav/022/022032.wav,23,1,2,1,0,0,0,0,0,1,0,0,0,0,0,0,0,0,0,0,1,0,0,0
data/audio_wav/022/022033.wav,23,1,2,1,0,0,0,0,0,1,0,0,0,0,0,0,0,0,0,0,1,0,0,0
data/audio_wav/022/022034.wav,23,1,2,1,0,0,0,0,0,1,0,0,0,0,0,0,0,0,0,0,1,0,0,0
data/audio_wav/022/022035.wav,23,1,2,1,0,0,0,0,0,1,0,0,0,0,0,0,0,0,0,0,1,0,0,0
data/audio_wav/022/022036.wav,23,1,2,1,0,0,0,0,0,1,0,0,0,0,0,0,0,0,0,0,1,0,0,0
data/audio_wav/022/022037.wav,23,1,2,1,0,0,0,0,0,1,0,0,0,0,0,0,0,0,0,0,1,0,0,0
data/audio_wav/022/022038.wav,23,1,2,1,0,0,0,0,0,1,0,0,0,0,0,0,0,0,0,0,1,0,0,0
data/audio_wav/022/022039.wav,23,1,2,1,0,0,0,0,0,1,0,0,0,0,0,0,0,0,0,0,1,0,0,0
data/audio_wav/022/022040.wav,23,1,2,1,0,0,0,0,0,1,0,0,0,0,0,0,0,0,0,0,1,0,0,0
data/audio_wav/022/022041.wav,23,1,2,1,0,0,0,0,0,1,0,0,0,0,0,0,0,0,0,0,1,0,0,0
data/audio_wav/022/022042.wav,23,1,2,1,0,0,0,0,0,1,0,0,0,0,0,0,0,0,0,0,1,0,0,0
data/audio_wav/022/022043.wav,23,1,2,1,0,0,0,0,0,1,0,0,0,0,0,0,0,0,0,0,1,0,0,0
data/audio_wav/022/022044.wav,23,1,2,1,0,0,0,0,0,1,0,0,0,0,0,0,0,0,0,0,1,0,0,0
data/audio_wav/022/022045.wav,23,1,2,1,0,0,0,0,0,1,0,0,0,0,0,0,0,0,0,0,1,0,0,0
data/audio_wav/022/022046.wav,23,1,2,1,0,0,0,0,0,1,0,0,0,0,0,0,0,0,0,0,1,0,0,0
data/audio_wav/022/022047.wav,23,1,2,1,0,0,0,0,0,1,0,0,0,0,0,0,0,0,0,0,1,0,0,0
data/audio_wav/022/022048.wav,23,1,2,1,0,0,0,0,0,1,0,0,0,0,0,0,0,0,0,0,1,0,0,0
data/audio_wav/022/022049.wav,23,1,2,1,0,0,0,0,0,1,0,0,0,0,0,0,0,0,0,0,1,0,0,0
data/audio_wav/023/023000.wav,24,1,1,1,0,0,0,0,0,1,0,0,0,0,0,0,0,0,0,0,0,1,0,0
data/audio_wav/023/023001.wav,24,1,1,1,0,0,0,0,0,1,0,0,0,0,0,0,0,0,0,0,0,1,0,0
data/audio_wav/023/023002.wav,24,1,1,1,0,0,0,0,0,1,0,0,0,0,0,0,0,0,0,0,0,1,0,0
data/audio_wav/023/023003.wav,24,1,1,1,0,0,0,0,0,1,0,0,0,0,0,0,0,0,0,0,0,1,0,0
data/audio_wav/023/023004.wav,24,1,1,1,0,0,0,0,0,1,0,0,0,0,0,0,0,0,0,0,0,1,0,0
data/audio_wav/023/023005.wav,24,1,1,1,0,0,0,0,0,1,0,0,0,0,0,0,0,0,0,0,0,1,0,0
data/audio_wav/023/023006.wav,24,1,1,1,0,0,0,0,0,1,0,0,0,0,0,0,0,0,0,0,0,1,0,0
data/audio_wav/023/023007.wav,24,1,1,1,0,0,0,0,0,1,0,0,0,0,0,0,0,0,0,0,0,1,0,0
data/audio_wav/023/023008.wav,24,1,1,1,0,0,0,0,0,1,0,0,0,0,0,0,0,0,0,0,0,1,0,0
data/audio_wav/023/023009.wav,24,1,1,1,0,0,0,0,0,1,0,0,0,0,0,0,0,0,0,0,0,1,0,0
data/audio_wav/023/023010.wav,24,1,1,1,0,0,0,0,0,1,0,0,0,0,0,0,0,0,0,0,0,1,0,0
data/audio_wav/023/023011.wav,24,1,1,1,0,0,0,0,0,1,0,0,0,0,0,0,0,0,0,0,0,1,0,0
data/audio_wav/023/023012.wav,24,1,1,1,0,0,0,0,0,1,0,0,0,0,0,0,0,0,0,0,0,1,0,0
data/audio_wav/023/023013.wav,24,1,1,1,0,0,0,0,0,1,0,0,0,0,0,0,0,0,0,0,0,1,0,0
data/audio_wav/023/023014.wav,24,1,1,1,0,0,0,0,0,1,0,0,0,0,0,0,0,0,0,0,0,1,0,0
data/audio_wav/023/023015.wav,24,1,1,1,0,0,0,0,0,1,0,0,0,0,0,0,0,0,0,0,0,1,0,0
data/audio_wav/023/023016.wav,24,1,1,1,0,0,0,0,0,1,0,0,0,0,0,0,0,0,0,0,0,1,0,0
data/audio_wav/023/023017.wav,24,1,1,1,0,0,0,0,0,1,0,0,0,0,0,0,0,0,0,0,0,1,0,0
data/audio_wav/023/023018.wav,24,1,1,1,0,0,0,0,0,1,0,0,0,0,0,0,0,0,0,0,0,1,0,0
data/audio_wav/023/023019.wav,24,1,1,1,0,0,0,0,0,1,0,0,0,0,0,0,0,0,0,0,0,1,0,0
data/audio_wav/023/023020.wav,24,1,1,1,0,0,0,0,0,1,0,0,0,0,0,0,0,0,0,0,0,1,0,0
data/audio_wav/023/023021.wav,24,1,1,1,0,0,0,0,0,1,0,0,0,0,0,0,0,0,0,0,0,1,0,0
data/audio_wav/023/023022.wav,24,1,1,1,0,0,0,0,0,1,0,0,0,0,0,0,0,0,0,0,0,1,0,0
data/audio_wav/023/023023.wav,24,1,1,1,0,0,0,0,0,1,0,0,0,0,0,0,0,0,0,0,0,1,0,0
data/audio_wav/023/023024.wav,24,1,1,1,0,0,0,0,0,1,0,0,0,0,0,0,0,0,0,0,0,1,0,0
data/audio_wav/023/023025.wav,24,1,1,1,0,0,0,0,0,1,0,0,0,0,0,0,0,0,0,0,0,1,0,0
data/audio_wav/023/023026.wav,24,1,1,1,0,0,0,0,0,1,0,0,0,0,0,0,0,0,0,0,0,1,0,0
data/audio_wav/023/023027.wav,24,1,1,1,0,0,0,0,0,1,0,0,0,0,0,0,0,0,0,0,0,1,0,0
data/audio_wav/023/023028.wav,24,1,1,1,0,0,0,0,0,1,0,0,0,0,0,0,0,0,0,0,0,1,0,0
data/audio_wav/023/023029.wav,24,1,1,1,0,0,0,0,0,1,0,0,0,0,0,0,0,0,0,0,0,1,0,0
data/audio_wav/023/023030.wav,24,1,1,1,0,0,0,0,0,1,0,0,0,0,0,0,0,0,0,0,0,1,0,0
data/audio_wav/023/023031.wav,24,1,1,1,0,0,0,0,0,1,0,0,0,0,0,0,0,0,0,0,0,1,0,0
data/audio_wav/023/023032.wav,24,1,1,1,0,0,0,0,0,1,0,0,0,0,0,0,0,0,0,0,0,1,0,0
data/audio_wav/023/023033.wav,24,1,1,1,0,0,0,0,0,1,0,0,0,0,0,0,0,0,0,0,0,1,0,0
data/audio_wav/023/023034.wav,24,1,1,1,0,0,0,0,0,1,0,0,0,0,0,0,0,0,0,0,0,1,0,0
data/audio_wav/023/023035.wav,24,1,1,1,0,0,0,0,0,1,0,0,0,0,0,0,0,0,0,0,0,1,0,0
data/audio_wav/023/023036.wav,24,1,1,1,0,0,0,0,0,1,0,0,0,0,0,0,0,0,0,0,0,1,0,0
data/audio_wav/023/023037.wav,24,1,1,1,0,0,0,0,0,1,0,0,0,0,0,0,0,0,0,0,0,1,0,0
data/audio_wav/023/023038.wav,24,1,1,1,0,0,0,0,0,1,0,0,0,0,0,0,0,0,0,0,0,1,0,0
data/audio_wav/023/023039.wav,24,1,1,1,0,0,0,0,0,1,0,0,0,0,0,0,0,0,0,0,0,1,0,0
data/audio_wav/023/023040.wav,24,1,1,1,0,0,0,0,0,1,0,0,0,0,0,0,0,0,0,0,0,1,0,0
data/audio_wav/023/023041.wav,24,1,1,1,0,0,0,0,0,1,0,0,0,0,0,0,0,0,0,0,0,1,0,0
data/audio_wav/023/023042.wav,24,1,1,1,0,0,0,0,0,1,0,0,0,0,0,0,0,0,0,0,0,1,0,0
data/audio_wav/023/023043.wav,24,1,1,1,0,0,0,0,0,1,0,0,0,0,0,0,0,0,0,0,0,1,0,0
data/audio_wav/023/023044.wav,24,1,1,1,0,0,0,0,0,1,0,0,0,0,0,0,0,0,0,0,0,1,0,0
data/audio_wav/023/023045.wav,24,1,1,1,0,0,0,0,0,1,0,0,0,0,0,0,0,0,0,0,0,1,0,0
data/audio_wav/023/023046.wav,24,1,1,1,0,0,0,0,0,1,0,0,0,0,0,0,0,0,0,0,0,1,0,0
data/audio_wav/023/023047.wav,24,1,1,1,0,0,0,0,0,1,0,0,0,0,0,0,0,0,0,0,0,1,0,0
data/audio_wav/023/023048.wav,24,1,1,1,0,0,0,0,0,1,0,0,0,0,0,0,0,0,0,0,0,1,0,0
data/audio_wav/023/023049.wav,24,1,1,1,0,0,0,0,0,1,0,0,0,0,0,0,0,0,0,0,0,1,0,0
data/audio_wav/024/024000.wav,25,1,1,1,0,0,0,0,0,1,0,0,0,0,0,0,0,0,0,0,0,0,1,0
data/audio_wav/024/024001.wav,25,1,1,1,0,0,0,0,0,1,0,0,0,0,0,0,0,0,0,0,0,0,1,0
data/audio_wav/024/024002.wav,25,1,1,1,0,0,0,0,0,1,0,0,0,0,0,0,0,0,0,0,0,0,1,0
data/audio_wav/024/024003.wav,25,1,1,1,0,0,0,0,0,1,0,0,0,0,0,0,0,0,0,0,0,0,1,0
data/audio_wav/024/024004.wav,25,1,1,1,0,0,0,0,0,1,0,0,0,0,0,0,0,0,0,0,0,0,1,0
data/audio_wav/024/024005.wav,25,1,1,1,0,0,0,0,0,1,0,0,0,0,0,0,0,0,0,0,0,0,1,0
data/audio_wav/024/024006.wav,25,1,1,1,0,0,0,0,0,1,0,0,0,0,0,0,0,0,0,0,0,0,1,0
data/audio_wav/024/024007.wav,25,1,1,1,0,0,0,0,0,1,0,0,0,0,0,0,0,0,0,0,0,0,1,0
data/audio_wav/024/024008.wav,25,1,1,1,0,0,0,0,0,1,0,0,0,0,0,0,0,0,0,0,0,0,1,0
data/audio_wav/024/024009.wav,25,1,1,1,0,0,0,0,0,1,0,0,0,0,0,0,0,0,0,0,0,0,1,0
data/audio_wav/024/024010.wav,25,1,1,1,0,0,0,0,0,1,0,0,0,0,0,0,0,0,0,0,0,0,1,0
data/audio_wav/024/024011.wav,25,1,1,1,0,0,0,0,0,1,0,0,0,0,0,0,0,0,0,0,0,0,1,0
data/audio_wav/024/024012.wav,25,1,1,1,0,0,0,0,0,1,0,0,0,0,0,0,0,0,0,0,0,0,1,0
data/audio_wav/024/024013.wav,25,1,1,1,0,0,0,0,0,1,0,0,0,0,0,0,0,0,0,0,0,0,1,0
data/audio_wav/024/024014.wav,25,1,1,1,0,0,0,0,0,1,0,0,0,0,0,0,0,0,0,0,0,0,1,0
data/audio_wav/024/024015.wav,25,1,1,1,0,0,0,0,0,1,0,0,0,0,0,0,0,0,0,0,0,0,1,0
data/audio_wav/024/024016.wav,25,1,1,1,0,0,0,0,0,1,0,0,0,0,0,0,0,0,0,0,0,0,1,0
data/audio_wav/024/024017.wav,25,1,1,1,0,0,0,0,0,1,0,0,0,0,0,0,0,0,0,0,0,0,1,0
data/audio_wav/024/024018.wav,25,1,1,1,0,0,0,0,0,1,0,0,0,0,0,0,0,0,0,0,0,0,1,0
data/audio_wav/024/024019.wav,25,1,1,1,0,0,0,0,0,1,0,0,0,0,0,0,0,0,0,0,0,0,1,0
data/audio_wav/024/024020.wav,25,1,1,1,0,0,0,0,0,1,0,0,0,0,0,0,0,0,0,0,0,0,1,0
data/audio_wav/024/024021.wav,25,1,1,1,0,0,0,0,0,1,0,0,0,0,0,0,0,0,0,0,0,0,1,0
data/audio_wav/024/024022.wav,25,1,1,1,0,0,0,0,0,1,0,0,0,0,0,0,0,0,0,0,0,0,1,0
data/audio_wav/024/024023.wav,25,1,1,1,0,0,0,0,0,1,0,0,0,0,0,0,0,0,0,0,0,0,1,0
data/audio_wav/024/024024.wav,25,1,1,1,0,0,0,0,0,1,0,0,0,0,0,0,0,0,0,0,0,0,1,0
data/audio_wav/024/024025.wav,25,1,1,1,0,0,0,0,0,1,0,0,0,0,0,0,0,0,0,0,0,0,1,0
data/audio_wav/024/024026.wav,25,1,1,1,0,0,0,0,0,1,0,0,0,0,0,0,0,0,0,0,0,0,1,0
data/audio_wav/024/024027.wav,25,1,1,1,0,0,0,0,0,1,0,0,0,0,0,0,0,0,0,0,0,0,1,0
data/audio_wav/024/024028.wav,25,1,1,1,0,0,0,0,0,1,0,0,0,0,0,0,0,0,0,0,0,0,1,0
data/audio_wav/024/024029.wav,25,1,1,1,0,0,0,0,0,1,0,0,0,0,0,0,0,0,0,0,0,0,1,0
data/audio_wav/024/024030.wav,25,1,1,1,0,0,0,0,0,1,0,0,0,0,0,0,0,0,0,0,0,0,1,0
data/audio_wav/024/024031.wav,25,1,1,1,0,0,0,0,0,1,0,0,0,0,0,0,0,0,0,0,0,0,1,0
data/audio_wav/024/024032.wav,25,1,1,1,0,0,0,0,0,1,0,0,0,0,0,0,0,0,0,0,0,0,1,0
data/audio_wav/024/024033.wav,25,1,1,1,0,0,0,0,0,1,0,0,0,0,0,0,0,0,0,0,0,0,1,0
data/audio_wav/024/024034.wav,25,1,1,1,0,0,0,0,0,1,0,0,0,0,0,0,0,0,0,0,0,0,1,0
data/audio_wav/024/024035.wav,25,1,1,1,0,0,0,0,0,1,0,0,0,0,0,0,0,0,0,0,0,0,1,0
data/audio_wav/024/024036.wav,25,1,1,1,0,0,0,0,0,1,0,0,0,0,0,0,0,0,0,0,0,0,1,0
data/audio_wav/024/024037.wav,25,1,1,1,0,0,0,0,0,1,0,0,0,0,0,0,0,0,0,0,0,0,1,0
data/audio_wav/024/024038.wav,25,1,1,1,0,0,0,0,0,1,0,0,0,0,0,0,0,0,0,0,0,0,1,0
data/audio_wav/024/024039.wav,25,1,1,1,0,0,0,0,0,1,0,0,0,0,0,0,0,0,0,0,0,0,1,0
data/audio_wav/024/024040.wav,25,1,1,1,0,0,0,0,0,1,0,0,0,0,0,0,0,0,0,0,0,0,1,0
data/audio_wav/024/024041.wav,25,1,1,1,0,0,0,0,0,1,0,0,0,0,0,0,0,0,0,0,0,0,1,0
data/audio_wav/024/024042.wav,25,1,1,1,0,0,0,0,0,1,0,0,0,0,0,0,0,0,0,0,0,0,1,0
data/audio_wav/024/024043.wav,25,1,1,1,0,0,0,0,0,1,0,0,0,0,0,0,0,0,0,0,0,0,1,0
data/audio_wav/024/024044.wav,25,1,1,1,0,0,0,0,0,1,0,0,0,0,0,0,0,0,0,0,0,0,1,0
data/audio_wav/024/024045.wav,25,1,1,1,0,0,0,0,0,1,0,0,0,0,0,0,0,0,0,0,0,0,1,0
data/audio_wav/024/024046.wav,25,1,1,1,0,0,0,0,0,1,0,0,0,0,0,0,0,0,0,0,0,0,1,0
data/audio_wav/024/024047.wav,25,1,1,1,0,0,0,0,0,1,0,0,0,0,0,0,0,0,0,0,0,0,1,0
data/audio_wav/024/024048.wav,25,1,1,1,0,0,0,0,0,1,0,0,0,0,0,0,0,0,0,0,0,0,1,0
data/audio_wav/024/024049.wav,25,1,1,1,0,0,0,0,0,1,0,0,0,0,0,0,0,0,0,0,0,0,1,0
data/audio_wav/025/025000.wav,26,1,1,1,0,0,0,0,0,1,0,0,0,0,0,0,0,0,0,0,0,0,0,1
data/audio_wav/025/025001.wav,26,1,1,1,0,0,0,0,0,1,0,0,0,0,0,0,0,0,0,0,0,0,0,1
data/audio_wav/025/025002.wav,26,1,1,1,0,0,0,0,0,1,0,0,0,0,0,0,0,0,0,0,0,0,0,1
data/audio_wav/025/025003.wav,26,1,1,1,0,0,0,0,0,1,0,0,0,0,0,0,0,0,0,0,0,0,0,1
data/audio_wav/025/025004.wav,26,1,1,1,0,0,0,0,0,1,0,0,0,0,0,0,0,0,0,0,0,0,0,1
data/audio_wav/025/025005.wav,26,1,1,1,0,0,0,0,0,1,0,0,0,0,0,0,0,0,0,0,0,0,0,1
data/audio_wav/025/025006.wav,26,1,1,1,0,0,0,0,0,1,0,0,0,0,0,0,0,0,0,0,0,0,0,1
data/audio_wav/025/025007.wav,26,1,1,1,0,0,0,0,0,1,0,0,0,0,0,0,0,0,0,0,0,0,0,1
data/audio_wav/025/025008.wav,26,1,1,1,0,0,0,0,0,1,0,0,0,0,0,0,0,0,0,0,0,0,0,1
data/audio_wav/025/025009.wav,26,1,1,1,0,0,0,0,0,1,0,0,0,0,0,0,0,0,0,0,0,0,0,1
data/audio_wav/025/025010.wav,26,1,1,1,0,0,0,0,0,1,0,0,0,0,0,0,0,0,0,0,0,0,0,1
data/audio_wav/025/025011.wav,26,1,1,1,0,0,0,0,0,1,0,0,0,0,0,0,0,0,0,0,0,0,0,1
data/audio_wav/025/025012.wav,26,1,1,1,0,0,0,0,0,1,0,0,0,0,0,0,0,0,0,0,0,0,0,1
data/audio_wav/025/025013.wav,26,1,1,1,0,0,0,0,0,1,0,0,0,0,0,0,0,0,0,0,0,0,0,1
data/audio_wav/025/025014.wav,26,1,1,1,0,0,0,0,0,1,0,0,0,0,0,0,0,0,0,0,0,0,0,1
data/audio_wav/025/025015.wav,26,1,1,1,0,0,0,0,0,1,0,0,0,0,0,0,0,0,0,0,0,0,0,1
data/audio_wav/025/025016.wav,26,1,1,1,0,0,0,0,0,1,0,0,0,0,0,0,0,0,0,0,0,0,0,1
data/audio_wav/025/025017.wav,26,1,1,1,0,0,0,0,0,1,0,0,0,0,0,0,0,0,0,0,0,0,0,1
data/audio_wav/025/025018.wav,26,1,1,1,0,0,0,0,0,1,0,0,0,0,0,0,0,0,0,0,0,0,0,1
data/audio_wav/025/025019.wav,26,1,1,1,0,0,0,0,0,1,0,0,0,0,0,0,0,0,0,0,0,0,0,1
data/audio_wav/025/025020.wav,26,1,1,1,0,0,0,0,0,1,0,0,0,0,0,0,0,0,0,0,0,0,0,1
data/audio_wav/025/025021.wav,26,1,1,1,0,0,0,0,0,1,0,0,0,0,0,0,0,0,0,0,0,0,0,1
data/audio_wav/025/025022.wav,26,1,1,1,0,0,0,0,0,1,0,0,0,0,0,0,0,0,0,0,0,0,0,1
data/audio_wav/025/025023.wav,26,1,1,1,0,0,0,0,0,1,0,0,0,0,0,0,0,0,0,0,0,0,0,1
data/audio_wav/025/025024.wav,26,1,1,1,0,0,0,0,0,1,0,0,0,0,0,0,0,0,0,0,0,0,0,1
data/audio_wav/025/025025.wav,26,1,1,1,0,0,0,0,0,1,0,0,0,0,0,0,0,0,0,0,0,0,0,1
data/audio_wav/025/025026.wav,26,1,1,1,0,0,0,0,0,1,0,0,0,0,0,0,0,0,0,0,0,0,0,1
data/audio_wav/025/025027.wav,26,1,1,1,0,0,0,0,0,1,0,0,0,0,0,0,0,0,0,0,0,0,0,1
data/audio_wav/025/025028.wav,26,1,1,1,0,0,0,0,0,1,0,0,0,0,0,0,0,0,0,0,0,0,0,1
data/audio_wav/025/025029.wav,26,1,1,1,0,0,0,0,0,1,0,0,0,0,0,0,0,0,0,0,0,0,0,1
data/audio_wav/025/025030.wav,26,1,1,1,0,0,0,0,0,1,0,0,0,0,0,0,0,0,0,0,0,0,0,1
data/audio_wav/025/025031.wav,26,1,1,1,0,0,0,0,0,1,0,0,0,0,0,0,0,0,0,0,0,0,0,1
data/audio_wav/025/025032.wav,26,1,1,1,0,0,0,0,0,1,0,0,0,0,0,0,0,0,0,0,0,0,0,1
data/audio_wav/025/025033.wav,26,1,1,1,0,0,0,0,0,1,0,0,0,0,0,0,0,0,0,0,0,0,0,1
data/audio_wav/025/025034.wav,26,1,1,1,0,0,0,0,0,1,0,0,0,0,0,0,0,0,0,0,0,0,0,1
data/audio_wav/025/025035.wav,26,1,1,1,0,0,0,0,0,1,0,0,0,0,0,0,0,0,0,0,0,0,0,1
data/audio_wav/025/025036.wav,26,1,1,1,0,0,0,0,0,1,0,0,0,0,0,0,0,0,0,0,0,0,0,1
data/audio_wav/025/025037.wav,26,1,1,1,0,0,0,0,0,1,0,0,0,0,0,0,0,0,0,0,0,0,0,1
data/audio_wav/025/025038.wav,26,1,1,1,0,0,0,0,0,1,0,0,0,0,0,0,0,0,0,0,0,0,0,1
data/audio_wav/025/025039.wav,26,1,1,1,0,0,0,0,0,1,0,0,0,0,0,0,0,0,0,0,0,0,0,1
data/audio_wav/025/025040.wav,26,1,1,1,0,0,0,0,0,1,0,0,0,0,0,0,0,0,0,0,0,0,0,1
data/audio_wav/025/025041.wav,26,1,1,1,0,0,0,0,0,1,0,0,0,0,0,0,0,0,0,0,0,0,0,1
data/audio_wav/025/025042.wav,26,1,1,1,0,0,0,0,0,1,0,0,0,0,0,0,0,0,0,0,0,0,0,1
data/audio_wav/025/025043.wav,26,1,1,1,0,0,0,0,0,1,0,0,0,0,0,0,0,0,0,0,0,0,0,1
data/audio_wav/025/025044.wav,26,1,1,1,0,0,0,0,0,1,0,0,0,0,0,0,0,0,0,0,0,0,0,1
data/audio_wav/025/025045.wav,26,1,1,1,0,0,0,0,0,1,0,0,0,0,0,0,0,0,0,0,0,0,0,1
data/audio_wav/025/025046.wav,26,1,1,1,0,0,0,0,0,1,0,0,0,0,0,0,0,0,0,0,0,0,0,1
data/audio_wav/025/025047.wav,26,1,1,1,0,0,0,0,0,1,0,0,0,0,0,0,0,0,0,0,0,0,0,1
data/audio_wav/025/025048.wav,26,1,1,1,0,0,0,0,0,1,0,0,0,0,0,0,0,0,0,0,0,0,0,1
data/audio_wav/025/025049.wav,26,1,1,1,0,0,0,0,0,1,0,0,0,0,0,0,0,0,0,0,0,0,0,1
data/audio_wav/026/026000.wav,27,1,1,1,0,0,0,0,0,0,1,1,0,0,0,0,0,0,0,0,0,0,0,0
data/audio_wav/026/026001.wav,27,1,1,1,0,0,0,0,0,0,1,1,0,0,0,0,0,0,0,0,0,0,0,0
data/audio_wav/026/026002.wav,27,1,1,1,0,0,0,0,0,0,1,1,0,0,0,0,0,0,0,0,0,0,0,0
data/audio_wav/026/026003.wav,27,1,1,1,0,0,0,0,0,0,1,1,0,0,0,0,0,0,0,0,0,0,0,0
data/audio_wav/026/026004.wav,27,1,1,1,0,0,0,0,0,0,1,1,0,0,0,0,0,0,0,0,0,0,0,0
data/audio_wav/026/026005.wav,27,1,1,1,0,0,0,0,0,0,1,1,0,0,0,0,0,0,0,0,0,0,0,0
data/audio_wav/026/026006.wav,27,1,1,1,0,0,0,0,0,0,1,1,0,0,0,0,0,0,0,0,0,0,0,0
data/audio_wav/026/026007.wav,27,1,1,1,0,0,0,0,0,0,1,1,0,0,0,0,0,0,0,0,0,0,0,0
data/audio_wav/026/026008.wav,27,1,1,1,0,0,0,0,0,0,1,1,0,0,0,0,0,0,0,0,0,0,0,0
data/audio_wav/026/026009.wav,27,1,1,1,0,0,0,0,0,0,1,1,0,0,0,0,0,0,0,0,0,0,0,0
data/audio_wav/026/026010.wav,27,1,1,1,0,0,0,0,0,0,1,1,0,0,0,0,0,0,0,0,0,0,0,0
data/audio_wav/026/026011.wav,27,1,1,1,0,0,0,0,0,0,1,1,0,0,0,0,0,0,0,0,0,0,0,0
data/audio_wav/026/026012.wav,27,1,1,1,0,0,0,0,0,0,1,1,0,0,0,0,0,0,0,0,0,0,0,0
data/audio_wav/026/026013.wav,27,1,1,1,0,0,0,0,0,0,1,1,0,0,0,0,0,0,0,0,0,0,0,0
data/audio_wav/026/026014.wav,27,1,1,1,0,0,0,0,0,0,1,1,0,0,0,0,0,0,0,0,0,0,0,0
data/audio_wav/026/026015.wav,27,1,1,1,0,0,0,0,0,0,1,1,0,0,0,0,0,0,0,0,0,0,0,0
data/audio_wav/026/026016.wav,27,1,1,1,0,0,0,0,0,0,1,1,0,0,0,0,0,0,0,0,0,0,0,0
data/audio_wav/026/026017.wav,27,1,1,1,0,0,0,0,0,0,1,1,0,0,0,0,0,0,0,0,0,0,0,0
data/audio_wav/026/026018.wav,27,1,1,1,0,0,0,0,0,0,1,1,0,0,0,0,0,0,0,0,0,0,0,0
data/audio_wav/026/026019.wav,27,1,1,1,0,0,0,0,0,0,1,1,0,0,0,0,0,0,0,0,0,0,0,0
data/audio_wav/026/026020.wav,27,1,1,1,0,0,0,0,0,0,1,1,0,0,0,0,0,0,0,0,0,0,0,0
data/audio_wav/026/026021.wav,27,1,1,1,0,0,0,0,0,0,1,1,0,0,0,0,0,0,0,0,0,0,0,0
data/audio_wav/026/026022.wav,27,1,1,1,0,0,0,0,0,0,1,1,0,0,0,0,0,0,0,0,0,0,0,0
data/audio_wav/026/026023.wav,27,1,1,1,0,0,0,0,0,0,1,1,0,0,0,0,0,0,0,0,0,0,0,0
data/audio_wav/026/026024.wav,27,1,1,1,0,0,0,0,0,0,1,1,0,0,0,0,0,0,0,0,0,0,0,0
data/audio_wav/026/026025.wav,27,1,1,1,0,0,0,0,0,0,1,1,0,0,0,0,0,0,0,0,0,0,0,0
data/audio_wav/026/026026.wav,27,1,1,1,0,0,0,0,0,0,1,1,0,0,0,0,0,0,0,0,0,0,0,0
data/audio_wav/026/026027.wav,27,1,1,1,0,0,0,0,0,0,1,1,0,0,0,0,0,0,0,0,0,0,0,0
data/audio_wav/026/026028.wav,27,1,1,1,0,0,0,0,0,0,1,1,0,0,0,0,0,0,0,0,0,0,0,0
data/audio_wav/026/026029.wav,27,1,1,1,0,0,0,0,0,0,1,1,0,0,0,0,0,0,0,0,0,0,0,0
data/audio_wav/026/026030.wav,27,1,1,1,0,0,0,0,0,0,1,1,0,0,0,0,0,0,0,0,0,0,0,0
data/audio_wav/026/026031.wav,27,1,1,1,0,0,0,0,0,0,1,1,0,0,0,0,0,0,0,0,0,0,0,0
data/audio_wav/026/026032.wav,27,1,1,1,0,0,0,0,0,0,1,1,0,0,0,0,0,0,0,0,0,0,0,0
data/audio_wav/026/026033.wav,27,1,1,1,0,0,0,0,0,0,1,1,0,0,0,0,0,0,0,0,0,0,0,0
data/audio_wav/026/026034.wav,27,1,1,1,0,0,0,0,0,0,1,1,0,0,0,0,0,0,0,0,0,0,0,0
data/audio_wav/026/026035.wav,27,1,1,1,0,0,0,0,0,0,1,1,0,0,0,0,0,0,0,0,0,0,0,0
data/audio_wav/026/026036.wav,27,1,1,1,0,0,0,0,0,0,1,1,0,0,0,0,0,0,0,0,0,0,0,0
data/audio_wav/026/026037.wav,27,1,1,1,0,0,0,0,0,0,1,1,0,0,0,0,0,0,0,0,0,0,0,0
data/audio_wav/026/026038.wav,27,1,1,1,0,0,0,0,0,0,1,1,0,0,0,0,0,0,0,0,0,0,0,0
data/audio_wav/026/026039.wav,27,1,1,1,0,0,0,0,0,0,1,1,0,0,0,0,0,0,0,0,0,0,0,0
data/audio_wav/026/026040.wav,27,1,1,1,0,0,0,0,0,0,1,1,0,0,0,0,0,0,0,0,0,0,0,0
data/audio_wav/026/026041.wav,27,1,1,1,0,0,0,0,0,0,1,1,0,0,0,0,0,0,0,0,0,0,0,0
data/audio_wav/026/026042.wav,27,1,1,1,0,0,0,0,0,0,1,1,0,0,0,0,0,0,0,0,0,0,0,0
data/audio_wav/026/026043.wav,27,1,1,1,0,0,0,0,0,0,1,1,0,0,0,0,0,0,0,0,0,0,0,0
data/audio_wav/026/026044.wav,27,1,1,1,0,0,0,0,0,0,1,1,0,0,0,0,0,0,0,0,0,0,0,0
data/audio_wav/026/026045.wav,27,1,1,1,0,0,0,0,0,0,1,1,0,0,0,0,0,0,0,0,0,0,0,0
data/audio_wav/026/026046.wav,27,1,1,1,0,0,0,0,0,0,1,1,0,0,0,0,0,0,0,0,0,0,0,0
data/audio_wav/026/026047.wav,27,1,1,1,0,0,0,0,0,0,1,1,0,0,0,0,0,0,0,0,0,0,0,0
data/audio_wav/026/026048.wav,27,1,1,1,0,0,0,0,0,0,1,1,0,0,0,0,0,0,0,0,0,0,0,0
data/audio_wav/026/026049.wav,27,1,1,1,0,0,0,0,0,0,1,1,0,0,0,0,0,0,0,0,0,0,0,0
data/audio_wav/027/027000.wav,28,1,1,1,0,0,0,0,0,0,1,0,1,0,0,0,0,0,0,0,0,0,0,0
data/audio_wav/027/027001.wav,28,1,1,1,0,0,0,0,0,0,1,0,1,0,0,0,0,0,0,0,0,0,0,0
data/audio_wav/027/027002.wav,28,1,1,1,0,0,0,0,0,0,1,0,1,0,0,0,0,0,0,0,0,0,0,0
data/audio_wav/027/027003.wav,28,1,1,1,0,0,0,0,0,0,1,0,1,0,0,0,0,0,0,0,0,0,0,0
data/audio_wav/027/027004.wav,28,1,1,1,0,0,0,0,0,0,1,0,1,0,0,0,0,0,0,0,0,0,0,0
data/audio_wav/027/027005.wav,28,1,1,1,0,0,0,0,0,0,1,0,1,0,0,0,0,0,0,0,0,0,0,0
data/audio_wav/027/027006.wav,28,1,1,1,0,0,0,0,0,0,1,0,1,0,0,0,0,0,0,0,0,0,0,0
data/audio_wav/027/027007.wav,28,1,1,1,0,0,0,0,0,0,1,0,1,0,0,0,0,0,0,0,0,0,0,0
data/audio_wav/027/027008.wav,28,1,1,1,0,0,0,0,0,0,1,0,1,0,0,0,0,0,0,0,0,0,0,0
data/audio_wav/027/027009.wav,28,1,1,1,0,0,0,0,0,0,1,0,1,0,0,0,0,0,0,0,0,0,0,0
data/audio_wav/027/027010.wav,28,1,1,1,0,0,0,0,0,0,1,0,1,0,0,0,0,0,0,0,0,0,0,0
data/audio_wav/027/027011.wav,28,1,1,1,0,0,0,0,0,0,1,0,1,0,0,0,0,0,0,0,0,0,0,0
data/audio_wav/027/027012.wav,28,1,1,1,0,0,0,0,0,0,1,0,1,0,0,0,0,0,0,0,0,0,0,0
data/audio_wav/027/027013.wav,28,1,1,1,0,0,0,0,0,0,1,0,1,0,0,0,0,0,0,0,0,0,0,0
data/audio_wav/027/027014.wav,28,1,1,1,0,0,0,0,0,0,1,0,1,0,0,0,0,0,0,0,0,0,0,0
data/audio_wav/027/027015.wav,28,1,1,1,0,0,0,0,0,0,1,0,1,0,0,0,0,0,0,0,0,0,0,0
data/audio_wav/027/027016.wav,28,1,1,1,0,0,0,0,0,0,1,0,1,0,0,0,0,0,0,0,0,0,0,0
data/audio_wav/027/027017.wav,28,1,1,1,0,0,0,0,0,0,1,0,1,0,0,0,0,0,0,0,0,0,0,0
data/audio_wav/027/027018.wav,28,1,1,1,0,0,0,0,0,0,1,0,1,0,0,0,0,0,0,0,0,0,0,0
data/audio_wav/027/027019.wav,28,1,1,1,0,0,0,0,0,0,1,0,1,0,0,0,0,0,0,0,0,0,0,0
data/audio_wav/027/027020.wav,28,1,1,1,0,0,0,0,0,0,1,0,1,0,0,0,0,0,0,0,0,0,0,0
data/audio_wav/027/027021.wav,28,1,1,1,0,0,0,0,0,0,1,0,1,0,0,0,0,0,0,0,0,0,0,0
data/audio_wav/027/027022.wav,28,1,1,1,0,0,0,0,0,0,1,0,1,0,0,0,0,0,0,0,0,0,0,0
data/audio_wav/027/027023.wav,28,1,1,1,0,0,0,0,0,0,1,0,1,0,0,0,0,0,0,0,0,0,0,0
data/audio_wav/027/027024.wav,28,1,1,1,0,0,0,0,0,0,1,0,1,0,0,0,0,0,0,0,0,0,0,0
data/audio_wav/027/027025.wav,28,1,1,1,0,0,0,0,0,0,1,0,1,0,0,0,0,0,0,0,0,0,0,0
data/audio_wav/027/027026.wav,28,1,1,1,0,0,0,0,0,0,1,0,1,0,0,0,0,0,0,0,0,0,0,0
data/audio_wav/027/027027.wav,28,1,1,1,0,0,0,0,0,0,1,0,1,0,0,0,0,0,0,0,0,0,0,0
data/audio_wav/027/027028.wav,28,1,1,1,0,0,0,0,0,0,1,0,1,0,0,0,0,0,0,0,0,0,0,0
data/audio_wav/027/027029.wav,28,1,1,1,0,0,0,0,0,0,1,0,1,0,0,0,0,0,0,0,0,0,0,0
data/audio_wav/027/027030.wav,28,1,1,1,0,0,0,0,0,0,1,0,1,0,0,0,0,0,0,0,0,0,0,0
data/audio_wav/027/027031.wav,28,1,1,1,0,0,0,0,0,0,1,0,1,0,0,0,0,0,0,0,0,0,0,0
data/audio_wav/027/027032.wav,28,1,1,1,0,0,0,0,0,0,1,0,1,0,0,0,0,0,0,0,0,0,0,0
data/audio_wav/027/027033.wav,28,1,1,1,0,0,0,0,0,0,1,0,1,0,0,0,0,0,0,0,0,0,0,0
data/audio_wav/027/027034.wav,28,1,1,1,0,0,0,0,0,0,1,0,1,0,0,0,0,0,0,0,0,0,0,0
data/audio_wav/027/027035.wav,28,1,1,1,0,0,0,0,0,0,1,0,1,0,0,0,0,0,0,0,0,0,0,0
data/audio_wav/027/027036.wav,28,1,1,1,0,0,0,0,0,0,1,0,1,0,0,0,0,0,0,0,0,0,0,0
data/audio_wav/027/027037.wav,28,1,1,1,0,0,0,0,0,0,1,0,1,0,0,0,0,0,0,0,0,0,0,0
data/audio_wav/027/027038.wav,28,1,1,1,0,0,0,0,0,0,1,0,1,0,0,0,0,0,0,0,0,0,0,0
data/audio_wav/027/027039.wav,28,1,1,1,0,0,0,0,0,0,1,0,1,0,0,0,0,0,0,0,0,0,0,0
data/audio_wav/027/027040.wav,28,1,1,1,0,0,0,0,0,0,1,0,1,0,0,0,0,0,0,0,0,0,0,0
data/audio_wav/027/027041.wav,28,1,1,1,0,0,0,0,0,0,1,0,1,0,0,0,0,0,0,0,0,0,0,0
data/audio_wav/027/027042.wav,28,1,1,1,0,0,0,0,0,0,1,0,1,0,0,0,0,0,0,0,0,0,0,0
data/audio_wav/027/027043.wav,28,1,1,1,0,0,0,0,0,0,1,0,1,0,0,0,0,0,0,0,0,0,0,0
data/audio_wav/027/027044.wav,28,1,1,1,0,0,0,0,0,0,1,0,1,0,0,0,0,0,0,0,0,0,0,0
data/audio_wav/027/027045.wav,28,1,1,1,0,0,0,0,0,0,1,0,1,0,0,0,0,0,0,0,0,0,0,0
data/audio_wav/027/027046.wav,28,1,1,1,0,0,0,0,0,0,1,0,1,0,0,0,0,0,0,0,0,0,0,0
data/audio_wav/027/027047.wav,28,1,1,1,0,0,0,0,0,0,1,0,1,0,0,0,0,0,0,0,0,0,0,0
data/audio_wav/027/027048.wav,28,1,1,1,0,0,0,0,0,0,1,0,1,0,0,0,0,0,0,0,0,0,0,0
data/audio_wav/027/027049.wav,28,1,1,1,0,0,0,0,0,0,1,0,1,0,0,0,0,0,0,0,0,0,0,0
data/audio_wav/028/028000.wav,29,1,1,1,0,0,0,0,0,0,1,0,0,1,0,0,0,0,0,0,0,0,0,0
data/audio_wav/028/028001.wav,29,1,1,1,0,0,0,0,0,0,1,0,0,1,0,0,0,0,0,0,0,0,0,0
data/audio_wav/028/028002.wav,29,1,1,1,0,0,0,0,0,0,1,0,0,1,0,0,0,0,0,0,0,0,0,0
data/audio_wav/028/028003.wav,29,1,1,1,0,0,0,0,0,0,1,0,0,1,0,0,0,0,0,0,0,0,0,0
data/audio_wav/028/028004.wav,29,1,1,1,0,0,0,0,0,0,1,0,0,1,0,0,0,0,0,0,0,0,0,0
data/audio_wav/028/028005.wav,29,1,1,1,0,0,0,0,0,0,1,0,0,1,0,0,0,0,0,0,0,0,0,0
data/audio_wav/028/028006.wav,29,1,1,1,0,0,0,0,0,0,1,0,0,1,0,0,0,0,0,0,0,0,0,0
data/audio_wav/028/028007.wav,29,1,1,1,0,0,0,0,0,0,1,0,0,1,0,0,0,0,0,0,0,0,0,0
data/audio_wav/028/028008.wav,29,1,1,1,0,0,0,0,0,0,1,0,0,1,0,0,0,0,0,0,0,0,0,0
data/audio_wav/028/028009.wav,29,1,1,1,0,0,0,0,0,0,1,0,0,1,0,0,0,0,0,0,0,0,0,0
data/audio_wav/028/028010.wav,29,1,1,1,0,0,0,0,0,0,1,0,0,1,0,0,0,0,0,0,0,0,0,0
data/audio_wav/028/028011.wav,29,1,1,1,0,0,0,0,0,0,1,0,0,1,0,0,0,0,0,0,0,0,0,0
data/audio_wav/028/028012.wav,29,1,1,1,0,0,0,0,0,0,1,0,0,1,0,0,0,0,0,0,0,0,0,0
data/audio_wav/028/028013.wav,29,1,1,1,0,0,0,0,0,0,1,0,0,1,0,0,0,0,0,0,0,0,0,0
data/audio_wav/028/028014.wav,29,1,1,1,0,0,0,0,0,0,1,0,0,1,0,0,0,0,0,0,0,0,0,0
data/audio_wav/028/028015.wav,29,1,1,1,0,0,0,0,0,0,1,0,0,1,0,0,0,0,0,0,0,0,0,0
data/audio_wav/028/028016.wav,29,1,1,1,0,0,0,0,0,0,1,0,0,1,0,0,0,0,0,0,0,0,0,0
data/audio_wav/028/028017.wav,29,1,1,1,0,0,0,0,0,0,1,0,0,1,0,0,0,0,0,0,0,0,0,0
data/audio_wav/028/028018.wav,29,1,1,1,0,0,0,0,0,0,1,0,0,1,0,0,0,0,0,0,0,0,0,0
data/audio_wav/028/028019.wav,29,1,1,1,0,0,0,0,0,0,1,0,0,1,0,0,0,0,0,0,0,0,0,0
data/audio_wav/028/028020.wav,29,1,1,1,0,0,0,0,0,0,1,0,0,1,0,0,0,0,0,0,0,0,0,0
data/audio_wav/028/028021.wav,29,1,1,1,0,0,0,0,0,0,1,0,0,1,0,0,0,0,0,0,0,0,0,0
data/audio_wav/028/028022.wav,29,1,1,1,0,0,0,0,0,0,1,0,0,1,0,0,0,0,0,0,0,0,0,0
data/audio_wav/028/028023.wav,29,1,1,1,0,0,0,0,0,0,1,0,0,1,0,0,0,0,0,0,0,0,0,0
data/audio_wav/028/028024.wav,29,1,1,1,0,0,0,0,0,0,1,0,0,1,0,0,0,0,0,0,0,0,0,0
data/audio_wav/028/028025.wav,29,1,1,1,0,0,0,0,0,0,1,0,0,1,0,0,0,0,0,0,0,0,0,0
data/audio_wav/028/028026.wav,29,1,1,1,0,0,0,0,0,0,1,0,0,1,0,0,0,0,0,0,0,0,0,0
data/audio_wav/028/028027.wav,29,1,1,1,0,0,0,0,0,0,1,0,0,1,0,0,0,0,0,0,0,0,0,0
data/audio_wav/028/028028.wav,29,1,1,1,0,0,0,0,0,0,1,0,0,1,0,0,0,0,0,0,0,0,0,0
data/audio_wav/028/028029.wav,29,1,1,1,0,0,0,0,0,0,1,0,0,1,0,0,0,0,0,0,0,0,0,0
data/audio_wav/028/028030.wav,29,1,1,1,0,0,0,0,0,0,1,0,0,1,0,0,0,0,0,0,0,0,0,0
data/audio_wav/028/028031.wav,29,1,1,1,0,0,0,0,0,0,1,0,0,1,0,0,0,0,0,0,0,0,0,0
data/audio_wav/028/028032.wav,29,1,1,1,0,0,0,0,0,0,1,0,0,1,0,0,0,0,0,0,0,0,0,0
data/audio_wav/028/028033.wav,29,1,1,1,0,0,0,0,0,0,1,0,0,1,0,0,0,0,0,0,0,0,0,0
data/audio_wav/028/028034.wav,29,1,1,1,0,0,0,0,0,0,1,0,0,1,0,0,0,0,0,0,0,0,0,0
data/audio_wav/028/028035.wav,29,1,1,1,0,0,0,0,0,0,1,0,0,1,0,0,0,0,0,0,0,0,0,0
data/audio_wav/028/028036.wav,29,1,1,1,0,0,0,0,0,0,1,0,0,1,0,0,0,0,0,0,0,0,0,0
data/audio_wav/028/028037.wav,29,1,1,1,0,0,0,0,0,0,1,0,0,1,0,0,0,0,0,0,0,0,0,0
data/audio_wav/028/028038.wav,29,1,1,1,0,0,0,0,0,0,1,0,0,1,0,0,0,0,0,0,0,0,0,0
data/audio_wav/028/028039.wav,29,1,1,1,0,0,0,0,0,0,1,0,0,1,0,0,0,0,0,0,0,0,0,0
data/audio_wav/028/028040.wav,29,1,1,1,0,0,0,0,0,0,1,0,0,1,0,0,0,0,0,0,0,0,0,0
data/audio_wav/028/028041.wav,29,1,1,1,0,0,0,0,0,0,1,0,0,1,0,0,0,0,0,0,0,0,0,0
data/audio_wav/028/028042.wav,29,1,1,1,0,0,0,0,0,0,1,0,0,1,0,0,0,0,0,0,0,0,0,0
data/audio_wav/028/028043.wav,29,1,1,1,0,0,0,0,0,0,1,0,0,1,0,0,0,0,0,0,0,0,0,0
data/audio_wav/028/028044.wav,29,1,1,1,0,0,0,0,0,0,1,0,0,1,0,0,0,0,0,0,0,0,0,0
data/audio_wav/028/028045.wav,29,1,1,1,0,0,0,0,0,0,1,0,0,1,0,0,0,0,0,0,0,0,0,0
data/audio_wav/028/028046.wav,29,1,1,1,0,0,0,0,0,0,1,0,0,1,0,0,0,0,0,0,0,0,0,0
data/audio_wav/028/028047.wav,29,1,1,1,0,0,0,0,0,0,1,0,0,1,0,0,0,0,0,0,0,0,0,0
data/audio_wav/028/028048.wav,29,1,1,1,0,0,0,0,0,0,1,0,0,1,0,0,0,0,0,0,0,0,0,0
data/audio_wav/028/028049.wav,29,1,1,1,0,0,0,0,0,0,1,0,0,1,0,0,0,0,0,0,0,0,0,0
data/audio_wav/029/029000.wav,30,1,1,1,0,0,0,0,0,0,1,0,0,0,1,0,0,0,0,0,0,0,0,0
data/audio_wav/029/029001.wav,30,1,1,1,0,0,0,0,0,0,1,0,0,0,1,0,0,0,0,0,0,0,0,0
data/audio_wav/029/029002.wav,30,1,1,1,0,0,0,0,0,0,1,0,0,0,1,0,0,0,0,0,0,0,0,0
data/audio_wav/029/029003.wav,30,1,1,1,0,0,0,0,0,0,1,0,0,0,1,0,0,0,0,0,0,0,0,0
data/audio_wav/029/029004.wav,30,1,1,1,0,0,0,0,0,0,1,0,0,0,1,0,0,0,0,0,0,0,0,0
data/audio_wav/029/029005.wav,30,1,1,1,0,0,0,0,0,0,1,0,0,0,1,0,0,0,0,0,0,0,0,0
data/audio_wav/029/029006.wav,30,1,1,1,0,0,0,0,0,0,1,0,0,0,1,0,0,0,0,0,0,0,0,0
data/audio_wav/029/029007.wav,30,1,1,1,0,0,0,0,0,0,1,0,0,0,1,0,0,0,0,0,0,0,0,0
data/audio_wav/029/029008.wav,30,1,1,1,0,0,0,0,0,0,1,0,0,0,1,0,0,0,0,0,0,0,0,0
data/audio_wav/029/029009.wav,30,1,1,1,0,0,0,0,0,0,1,0,0,0,1,0,0,0,0,0,0,0,0,0
data/audio_wav/029/029010.wav,30,1,1,1,0,0,0,0,0,0,1,0,0,0,1,0,0,0,0,0,0,0,0,0
data/audio_wav/029/029011.wav,30,1,1,1,0,0,0,0,0,0,1,0,0,0,1,0,0,0,0,0,0,0,0,0
data/audio_wav/029/029012.wav,30,1,1,1,0,0,0,0,0,0,1,0,0,0,1,0,0,0,0,0,0,0,0,0
data/audio_wav/029/029013.wav,30,1,1,1,0,0,0,0,0,0,1,0,0,0,1,0,0,0,0,0,0,0,0,0
data/audio_wav/029/029014.wav,30,1,1,1,0,0,0,0,0,0,1,0,0,0,1,0,0,0,0,0,0,0,0,0
data/audio_wav/029/029015.wav,30,1,1,1,0,0,0,0,0,0,1,0,0,0,1,0,0,0,0,0,0,0,0,0
data/audio_wav/029/029016.wav,30,1,1,1,0,0,0,0,0,0,1,0,0,0,1,0,0,0,0,0,0,0,0,0
data/audio_wav/029/029017.wav,30,1,1,1,0,0,0,0,0,0,1,0,0,0,1,0,0,0,0,0,0,0,0,0
data/audio_wav/029/029018.wav,30,1,1,1,0,0,0,0,0,0,1,0,0,0,1,0,0,0,0,0,0,0,0,0
data/audio_wav/029/029019.wav,30,1,1,1,0,0,0,0,0,0,1,0,0,0,1,0,0,0,0,0,0,0,0,0
data/audio_wav/029/029020.wav,30,1,1,1,0,0,0,0,0,0,1,0,0,0,1,0,0,0,0,0,0,0,0,0
data/audio_wav/029/029021.wav,30,1,1,1,0,0,0,0,0,0,1,0,0,0,1,0,0,0,0,0,0,0,0,0
data/audio_wav/029/029022.wav,30,1,1,1,0,0,0,0,0,0,1,0,0,0,1,0,0,0,0,0,0,0,0,0
data/audio_wav/029/029023.wav,30,1,1,1,0,0,0,0,0,0,1,0,0,0,1,0,0,0,0,0,0,0,0,0
data/audio_wav/029/029024.wav,30,1,1,1,0,0,0,0,0,0,1,0,0,0,1,0,0,0,0,0,0,0,0,0
data/audio_wav/029/029025.wav,30,1,1,1,0,0,0,0,0,0,1,0,0,0,1,0,0,0,0,0,0,0,0,0
data/audio_wav/029/029026.wav,30,1,1,1,0,0,0,0,0,0,1,0,0,0,1,0,0,0,0,0,0,0,0,0
data/audio_wav/029/029027.wav,30,1,1,1,0,0,0,0,0,0,1,0,0,0,1,0,0,0,0,0,0,0,0,0
data/audio_wav/029/029028.wav,30,1,1,1,0,0,0,0,0,0,1,0,0,0,1,0,0,0,0,0,0,0,0,0
data/audio_wav/029/029029.wav,30,1,1,1,0,0,0,0,0,0,1,0,0,0,1,0,0,0,0,0,0,0,0,0
data/audio_wav/029/029030.wav,30,1,1,1,0,0,0,0,0,0,1,0,0,0,1,0,0,0,0,0,0,0,0,0
data/audio_wav/029/029031.wav,30,1,1,1,0,0,0,0,0,0,1,0,0,0,1,0,0,0,0,0,0,0,0,0
data/audio_wav/029/029032.wav,30,1,1,1,0,0,0,0,0,0,1,0,0,0,1,0,0,0,0,0,0,0,0,0
data/audio_wav/029/029033.wav,30,1,1,1,0,0,0,0,0,0,1,0,0,0,1,0,0,0,0,0,0,0,0,0
data/audio_wav/029/029034.wav,30,1,1,1,0,0,0,0,0,0,1,0,0,0,1,0,0,0,0,0,0,0,0,0
data/audio_wav/029/029035.wav,30,1,1,1,0,0,0,0,0,0,1,0,0,0,1,0,0,0,0,0,0,0,0,0
data/audio_wav/029/029036.wav,30,1,1,1,0,0,0,0,0,0,1,0,0,0,1,0,0,0,0,0,0,0,0,0
data/audio_wav/029/029037.wav,30,1,1,1,0,0,0,0,0,0,1,0,0,0,1,0,0,0,0,0,0,0,0,0
data/audio_wav/029/029038.wav,30,1,1,1,0,0,0,0,0,0,1,0,0,0,1,0,0,0,0,0,0,0,0,0
data/audio_wav/029/029039.wav,30,1,1,1,0,0,0,0,0,0,1,0,0,0,1,0,0,0,0,0,0,0,0,0
data/audio_wav/029/029040.wav,30,1,1,1,0,0,0,0,0,0,1,0,0,0,1,0,0,0,0,0,0,0,0,0
data/audio_wav/029/029041.wav,30,1,1,1,0,0,0,0,0,0,1,0,0,0,1,0,0,0,0,0,0,0,0,0
data/audio_wav/029/029042.wav,30,1,1,1,0,0,0,0,0,0,1,0,0,0,1,0,0,0,0,0,0,0,0,0
data/audio_wav/029/029043.wav,30,1,1,1,0,0,0,0,0,0,1,0,0,0,1,0,0,0,0,0,0,0,0,0
data/audio_wav/029/029044.wav,30,1,1,1,0,0,0,0,0,0,1,0,0,0,1,0,0,0,0,0,0,0,0,0
data/audio_wav/029/029045.wav,30,1,1,1,0,0,0,0,0,0,1,0,0,0,1,0,0,0,0,0,0,0,0,0
data/audio_wav/029/029046.wav,30,1,1,1,0,0,0,0,0,0,1,0,0,0,1,0,0,0,0,0,0,0,0,0
data/audio_wav/029/029047.wav,30,1,1,1,0,0,0,0,0,0,1,0,0,0,1,0,0,0,0,0,0,0,0,0
data/audio_wav/029/029048.wav,30,1,1,1,0,0,0,0,0,0,1,0,0,0,1,0,0,0,0,0,0,0,0,0
data/audio_wav/029/029049.wav,30,1,1,1,0,0,0,0,0,0,1,0,0,0,1,0,0,0,0,0,0,0,0,0
data/audio_wav/030/030000.wav,31,1,1,1,0,0,0,0,0,0,1,0,0,0,0,1,0,0,0,0,0,0,0,0
data/audio_wav/030/030001.wav,31,1,1,1,0,0,0,0,0,0,1,0,0,0,0,1,0,0,0,0,0,0,0,0
data/audio_wav/030/030002.wav,31,1,1,1,0,0,0,0,0,0,1,0,0,0,0,1,0,0,0,0,0,0,0,0
data/audio_wav/030/030003.wav,31,1,1,1,0,0,0,0,0,0,1,0,0,0,0,1,0,0,0,0,0,0,0,0
data/audio_wav/030/030004.wav,31,1,1,1,0,0,0,0,0,0,1,0,0,0,0,1,0,0,0,0,0,0,0,0
data/audio_wav/030/030005.wav,31,1,1,1,0,0,0,0,0,0,1,0,0,0,0,1,0,0,0,0,0,0,0,0
data/audio_wav/030/030006.wav,31,1,1,1,0,0,0,0,0,0,1,0,0,0,0,1,0,0,0,0,0,0,0,0
data/audio_wav/030/030007.wav,31,1,1,1,0,0,0,0,0,0,1,0,0,0,0,1,0,0,0,0,0,0,0,0
data/audio_wav/030/030008.wav,31,1,1,1,0,0,0,0,0,0,1,0,0,0,0,1,0,0,0,0,0,0,0,0
data/audio_wav/030/030009.wav,31,1,1,1,0,0,0,0,0,0,1,0,0,0,0,1,0,0,0,0,0,0,0,0
data/audio_wav/030/030010.wav,31,1,1,1,0,0,0,0,0,0,1,0,0,0,0,1,0,0,0,0,0,0,0,0
data/audio_wav/030/030011.wav,31,1,1,1,0,0,0,0,0,0,1,0,0,0,0,1,0,0,0,0,0,0,0,0
data/audio_wav/030/030012.wav,31,1,1,1,0,0,0,0,0,0,1,0,0,0,0,1,0,0,0,0,0,0,0,0
data/audio_wav/030/030013.wav,31,1,1,1,0,0,0,0,0,0,1,0,0,0,0,1,0,0,0,0,0,0,0,0
data/audio_wav/030/030014.wav,31,1,1,1,0,0,0,0,0,0,1,0,0,0,0,1,0,0,0,0,0,0,0,0
data/audio_wav/030/030015.wav,31,1,1,1,0,0,0,0,0,0,1,0,0,0,0,1,0,0,0,0,0,0,0,0
data/audio_wav/030/030016.wav,31,1,1,1,0,0,0,0,0,0,1,0,0,0,0,1,0,0,0,0,0,0,0,0
data/audio_wav/030/030017.wav,31,1,1,1,0,0,0,0,0,0,1,0,0,0,0,1,0,0,0,0,0,0,0,0
data/audio_wav/030/030018.wav,31,1,1,1,0,0,0,0,0,0,1,0,0,0,0,1,0,0,0,0,0,0,0,0
data/audio_wav/030/030019.wav,31,1,1,1,0,0,0,0,0,0,1,0,0,0,0,1,0,0,0,0,0,0,0,0
data/audio_wav/030/030020.wav,31,1,1,1,0,0,0,0,0,0,1,0,0,0,0,1,0,0,0,0,0,0,0,0
data/audio_wav/030/030021.wav,31,1,1,1,0,0,0,0,0,0,1,0,0,0,0,1,0,0,0,0,0,0,0,0
data/audio_wav/030/030022.wav,31,1,1,1,0,0,0,0,0,0,1,0,0,0,0,1,0,0,0,0,0,0,0,0
data/audio_wav/030/030023.wav,31,1,1,1,0,0,0,0,0,0,1,0,0,0,0,1,0,0,0,0,0,0,0,0
data/audio_wav/030/030024.wav,31,1,1,1,0,0,0,0,0,0,1,0,0,0,0,1,0,0,0,0,0,0,0,0
data/audio_wav/030/030025.wav,31,1,1,1,0,0,0,0,0,0,1,0,0,0,0,1,0,0,0,0,0,0,0,0
data/audio_wav/030/030026.wav,31,1,1,1,0,0,0,0,0,0,1,0,0,0,0,1,0,0,0,0,0,0,0,0
data/audio_wav/030/030027.wav,31,1,1,1,0,0,0,0,0,0,1,0,0,0,0,1,0,0,0,0,0,0,0,0
data/audio_wav/030/030028.wav,31,1,1,1,0,0,0,0,0,0,1,0,0,0,0,1,0,0,0,0,0,0,0,0
data/audio_wav/030/030029.wav,31,1,1,1,0,0,0,0,0,0,1,0,0,0,0,1,0,0,0,0,0,0,0,0
data/audio_wav/030/030030.wav,31,1,1,1,0,0,0,0,0,0,1,0,0,0,0,1,0,0,0,0,0,0,0,0
data/audio_wav/030/030031.wav,31,1,1,1,0,0,0,0,0,0,1,0,0,0,0,1,0,0,0,0,0,0,0,0
data/audio_wav/030/030032.wav,31,1,1,1,0,0,0,0,0,0,1,0,0,0,0,1,0,0,0,0,0,0,0,0
data/audio_wav/030/030033.wav,31,1,1,1,0,0,0,0,0,0,1,0,0,0,0,1,0,0,0,0,0,0,0,0
data/audio_wav/030/030034.wav,31,1,1,1,0,0,0,0,0,0,1,0,0,0,0,1,0,0,0,0,0,0,0,0
data/audio_wav/030/030035.wav,31,1,1,1,0,0,0,0,0,0,1,0,0,0,0,1,0,0,0,0,0,0,0,0
data/audio_wav/030/030036.wav,31,1,1,1,0,0,0,0,0,0,1,0,0,0,0,1,0,0,0,0,0,0,0,0
data/audio_wav/030/030037.wav,31,1,1,1,0,0,0,0,0,0,1,0,0,0,0,1,0,0,0,0,0,0,0,0
data/audio_wav/030/030038.wav,31,1,1,1,0,0,0,0,0,0,1,0,0,0,0,1,0,0,0,0,0,0,0,0
data/audio_wav/030/030039.wav,31,1,1,1,0,0,0,0,0,0,1,0,0,0,0,1,0,0,0,0,0,0,0,0
data/audio_wav/030/030040.wav,31,1,1,1,0,0,0,0,0,0,1,0,0,0,0,1,0,0,0,0,0,0,0,0
data/audio_wav/030/030041.wav,31,1,1,1,0,0,0,0,0,0,1,0,0,0,0,1,0,0,0,0,0,0,0,0
data/audio_wav/030/030042.wav,31,1,1,1,0,0,0,0,0,0,1,0,0,0,0,1,0,0,0,0,0,0,0,0
data/audio_wav/030/030043.wav,31,1,1,1,0,0,0,0,0,0,1,0,0,0,0,1,0,0,0,0,0,0,0,0
data/audio_wav/030/030044.wav,31,1,1,1,0,0,0,0,0,0,1,0,0,0,0,1,0,0,0,0,0,0,0,0
data/audio_wav/030/030045.wav,31,1,1,1,0,0,0,0,0,0,1,0,0,0,0,1,0,0,0,0,0,0,0,0
data/audio_wav/030/030046.wav,31,1,1,1,0,0,0,0,0,0,1,0,0,0,0,1,0,0,0,0,0,0,0,0
data/audio_wav/030/030047.wav,31,1,1,1,0,0,0,0,0,0,1,0,0,0,0,1,0,0,0,0,0,0,0,0
data/audio_wav/030/030048.wav,31,1,1,1,0,0,0,0,0,0,1,0,0,0,0,1,0,0,0,0,0,0,0,0
data/audio_wav/030/030049.wav,31,1,1,1,0,0,0,0,0,0,1,0,0,0,0,1,0,0,0,0,0,0,0,0
data/audio_wav/031/031000.wav,32,1,1,1,0,0,0,0,0,0,1,0,0,0,0,0,1,0,0,0,0,0,0,0
data/audio_wav/031/031001.wav,32,1,1,1,0,0,0,0,0,0,1,0,0,0,0,0,1,0,0,0,0,0,0,0
data/audio_wav/031/031002.wav,32,1,1,1,0,0,0,0,0,0,1,0,0,0,0,0,1,0,0,0,0,0,0,0
data/audio_wav/031/031003.wav,32,1,1,1,0,0,0,0,0,0,1,0,0,0,0,0,1,0,0,0,0,0,0,0
data/audio_wav/031/031004.wav,32,1,1,1,0,0,0,0,0,0,1,0,0,0,0,0,1,0,0,0,0,0,0,0
data/audio_wav/031/031005.wav,32,1,1,1,0,0,0,0,0,0,1,0,0,0,0,0,1,0,0,0,0,0,0,0
data/audio_wav/031/031006.wav,32,1,1,1,0,0,0,0,0,0,1,0,0,0,0,0,1,0,0,0,0,0,0,0
data/audio_wav/031/031007.wav,32,1,1,1,0,0,0,0,0,0,1,0,0,0,0,0,1,0,0,0,0,0,0,0
data/audio_wav/031/031008.wav,32,1,1,1,0,0,0,0,0,0,1,0,0,0,0,0,1,0,0,0,0,0,0,0
data/audio_wav/031/031009.wav,32,1,1,1,0,0,0,0,0,0,1,0,0,0,0,0,1,0,0,0,0,0,0,0
data/audio_wav/031/031010.wav,32,1,1,1,0,0,0,0,0,0,1,0,0,0,0,0,1,0,0,0,0,0,0,0
data/audio_wav/031/031011.wav,32,1,1,1,0,0,0,0,0,0,1,0,0,0,0,0,1,0,0,0,0,0,0,0
data/audio_wav/031/031012.wav,32,1,1,1,0,0,0,0,0,0,1,0,0,0,0,0,1,0,0,0,0,0,0,0
data/audio_wav/031/031013.wav,32,1,1,1,0,0,0,0,0,0,1,0,0,0,0,0,1,0,0,0,0,0,0,0
data/audio_wav/031/031014.wav,32,1,1,1,0,0,0,0,0,0,1,0,0,0,0,0,1,0,0,0,0,0,0,0
data/audio_wav/031/031015.wav,32,1,1,1,0,0,0,0,0,0,1,0,0,0,0,0,1,0,0,0,0,0,0,0
data/audio_wav/031/031016.wav,32,1,1,1,0,0,0,0,0,0,1,0,0,0,0,0,1,0,0,0,0,0,0,0
data/audio_wav/031/031017.wav,32,1,1,1,0,0,0,0,0,0,1,0,0,0,0,0,1,0,0,0,0,0,0,0
data/audio_wav/031/031018.wav,32,1,1,1,0,0,0,0,0,0,1,0,0,0,0,0,1,0,0,0,0,0,0,0
data/audio_wav/031/031019.wav,32,1,1,1,0,0,0,0,0,0,1,0,0,0,0,0,1,0,0,0,0,0,0,0
data/audio_wav/031/031020.wav,32,1,1,1,0,0,0,0,0,0,1,0,0,0,0,0,1,0,0,0,0,0,0,0
data/audio_wav/031/031021.wav,32,1,1,1,0,0,0,0,0,0,1,0,0,0,0,0,1,0,0,0,0,0,0,0
data/audio_wav/031/031022.wav,32,1,1,1,0,0,0,0,0,0,1,0,0,0,0,0,1,0,0,0,0,0,0,0
data/audio_wav/031/031023.wav,32,1,1,1,0,0,0,0,0,0,1,0,0,0,0,0,1,0,0,0,0,0,0,0
data/audio_wav/031/031024.wav,32,1,1,1,0,0,0,0,0,0,1,0,0,0,0,0,1,0,0,0,0,0,0,0
data/audio_wav/031/031025.wav,32,1,1,1,0,0,0,0,0,0,1,0,0,0,0,0,1,0,0,0,0,0,0,0
data/audio_wav/031/031026.wav,32,1,1,1,0,0,0,0,0,0,1,0,0,0,0,0,1,0,0,0,0,0,0,0
data/audio_wav/031/031027.wav,32,1,1,1,0,0,0,0,0,0,1,0,0,0,0,0,1,0,0,0,0,0,0,0
data/audio_wav/031/031028.wav,32,1,1,1,0,0,0,0,0,0,1,0,0,0,0,0,1,0,0,0,0,0,0,0
data/audio_wav/031/031029.wav,32,1,1,1,0,0,0,0,0,0,1,0,0,0,0,0,1,0,0,0,0,0,0,0
data/audio_wav/031/031030.wav,32,1,1,1,0,0,0,0,0,0,1,0,0,0,0,0,1,0,0,0,0,0,0,0
data/audio_wav/031/031031.wav,32,1,1,1,0,0,0,0,0,0,1,0,0,0,0,0,1,0,0,0,0,0,0,0
data/audio_wav/031/031032.wav,32,1,1,1,0,0,0,0,0,0,1,0,0,0,0,0,1,0,0,0,0,0,0,0
data/audio_wav/031/031033.wav,32,1,1,1,0,0,0,0,0,0,1,0,0,0,0,0,1,0,0,0,0,0,0,0
data/audio_wav/031/031034.wav,32,1,1,1,0,0,0,0,0,0,1,0,0,0,0,0,1,0,0,0,0,0,0,0
data/audio_wav/031/031035.wav,32,1,1,1,0,0,0,0,0,0,1,0,0,0,0,0,1,0,0,0,0,0,0,0
data/audio_wav/031/031036.wav,32,1,1,1,0,0,0,0,0,0,1,0,0,0,0,0,1,0,0,0,0,0,0,0
data/audio_wav/031/031037.wav,32,1,1,1,0,0,0,0,0,0,1,0,0,0,0,0,1,0,0,0,0,0,0,0
data/audio_wav/031/031038.wav,32,1,1,1,0,0,0,0,0,0,1,0,0,0,0,0,1,0,0,0,0,0,0,0
data/audio_wav/031/031039.wav,32,1,1,1,0,0,0,0,0,0,1,0,0,0,0,0,1,0,0,0,0,0,0,0
data/audio_wav/031/031040.wav,32,1,1,1,0,0,0,0,0,0,1,0,0,0,0,0,1,0,0,0,0,0,0,0
data/audio_wav/031/031041.wav,32,1,1,1,0,0,0,0,0,0,1,0,0,0,0,0,1,0,0,0,0,0,0,0
data/audio_wav/031/031042.wav,32,1,1,1,0,0,0,0,0,0,1,0,0,0,0,0,1,0,0,0,0,0,0,0
data/audio_wav/031/031043.wav,32,1,1,1,0,0,0,0,0,0,1,0,0,0,0,0,1,0,0,0,0,0,0,0
data/audio_wav/031/031044.wav,32,1,1,1,0,0,0,0,0,0,1,0,0,0,0,0,1,0,0,0,0,0,0,0
data/audio_wav/031/031045.wav,32,1,1,1,0,0,0,0,0,0,1,0,0,0,0,0,1,0,0,0,0,0,0,0
data/audio_wav/031/031046.wav,32,1,1,1,0,0,0,0,0,0,1,0,0,0,0,0,1,0,0,0,0,0,0,0
data/audio_wav/031/031047.wav,32,1,1,1,0,0,0,0,0,0,1,0,0,0,0,0,1,0,0,0,0,0,0,0
data/audio_wav/031/031048.wav,32,1,1,1,0,0,0,0,0,0,1,0,0,0,0,0,1,0,0,0,0,0,0,0
data/audio_wav/031/031049.wav,32,1,1,1,0,0,0,0,0,0,1,0,0,0,0,0,1,0,0,0,0,0,0,0
data/audio_wav/032/032000.wav,33,1,1,1,0,0,0,0,0,0,1,0,0,0,0,0,0,1,0,0,0,0,0,0
data/audio_wav/032/032001.wav,33,1,1,1,0,0,0,0,0,0,1,0,0,0,0,0,0,1,0,0,0,0,0,0
data/audio_wav/032/032002.wav,33,1,1,1,0,0,0,0,0,0,1,0,0,0,0,0,0,1,0,0,0,0,0,0
data/audio_wav/032/032003.wav,33,1,1,1,0,0,0,0,0,0,1,0,0,0,0,0,0,1,0,0,0,0,0,0
data/audio_wav/032/032004.wav,33,1,1,1,0,0,0,0,0,0,1,0,0,0,0,0,0,1,0,0,0,0,0,0
data/audio_wav/032/032005.wav,33,1,1,1,0,0,0,0,0,0,1,0,0,0,0,0,0,1,0,0,0,0,0,0
data/audio_wav/032/032006.wav,33,1,1,1,0,0,0,0,0,0,1,0,0,0,0,0,0,1,0,0,0,0,0,0
data/audio_wav/032/032007.wav,33,1,1,1,0,0,0,0,0,0,1,0,0,0,0,0,0,1,0,0,0,0,0,0
data/audio_wav/032/032008.wav,33,1,1,1,0,0,0,0,0,0,1,0,0,0,0,0,0,1,0,0,0,0,0,0
data/audio_wav/032/032009.wav,33,1,1,1,0,0,0,0,0,0,1,0,0,0,0,0,0,1,0,0,0,0,0,0
data/audio_wav/032/032010.wav,33,1,1,1,0,0,0,0,0,0,1,0,0,0,0,0,0,1,0,0,0,0,0,0
data/audio_wav/032/032011.wav,33,1,1,1,0,0,0,0,0,0,1,0,0,0,0,0,0,1,0,0,0,0,0,0
data/audio_wav/032/032012.wav,33,1,1,1,0,0,0,0,0,0,1,0,0,0,0,0,0,1,0,0,0,0,0,0
data/audio_wav/032/032013.wav,33,1,1,1,0,0,0,0,0,0,1,0,0,0,0,0,0,1,0,0,0,0,0,0
data/audio_wav/032/032014.wav,33,1,1,1,0,0,0,0,0,0,1,0,0,0,0,0,0,1,0,0,0,0,0,0
data/audio_wav/032/032015.wav,33,1,1,1,0,0,0,0,0,0,1,0,0,0,0,0,0,1,0,0,0,0,0,0
data/audio_wav/032/032016.wav,33,1,1,1,0,0,0,0,0,0,1,0,0,0,0,0,0,1,0,0,0,0,0,0
data/audio_wav/032/032017.wav,33,1,1,1,0,0,0,0,0,0,1,0,0,0,0,0,0,1,0,0,0,0,0,0
data/audio_wav/032/032018.wav,33,1,1,1,0,0,0,0,0,0,1,0,0,0,0,0,0,1,0,0,0,0,0,0
data/audio_wav/032/032019.wav,33,1,1,1,0,0,0,0,0,0,1,0,0,0,0,0,0,1,0,0,0,0,0,0
data/audio_wav/032/032020.wav,33,1,1,1,0,0,0,0,0,0,1,0,0,0,0,0,0,1,0,0,0,0,0,0
data/audio_wav/032/032021.wav,33,1,1,1,0,0,0,0,0,0,1,0,0,0,0,0,0,1,0,0,0,0,0,0
data/audio_wav/032/032022.wav,33,1,1,1,0,0,0,0,0,0,1,0,0,0,0,0,0,1,0,0,0,0,0,0
data/audio_wav/032/032023.wav,33,1,1,1,0,0,0,0,0,0,1,0,0,0,0,0,0,1,0,0,0,0,0,0
data/audio_wav/032/032024.wav,33,1,1,1,0,0,0,0,0,0,1,0,0,0,0,0,0,1,0,0,0,0,0,0
data/audio_wav/032/032025.wav,33,1,1,1,0,0,0,0,0,0,1,0,0,0,0,0,0,1,0,0,0,0,0,0
data/audio_wav/032/032026.wav,33,1,1,1,0,0,0,0,0,0,1,0,0,0,0,0,0,1,0,0,0,0,0,0
data/audio_wav/032/032027.wav,33,1,1,1,0,0,0,0,0,0,1,0,0,0,0,0,0,1,0,0,0,0,0,0
data/audio_wav/032/032028.wav,33,1,1,1,0,0,0,0,0,0,1,0,0,0,0,0,0,1,0,0,0,0,0,0
data/audio_wav/032/032029.wav,33,1,1,1,0,0,0,0,0,0,1,0,0,0,0,0,0,1,0,0,0,0,0,0
data/audio_wav/032/032030.wav,33,1,1,1,0,0,0,0,0,0,1,0,0,0,0,0,0,1,0,0,0,0,0,0
data/audio_wav/032/032031.wav,33,1,1,1,0,0,0,0,0,0,1,0,0,0,0,0,0,1,0,0,0,0,0,0
data/audio_wav/032/032032.wav,33,1,1,1,0,0,0,0,0,0,1,0,0,0,0,0,0,1,0,0,0,0,0,0
data/audio_wav/032/032033.wav,33,1,1,1,0,0,0,0,0,0,1,0,0,0,0,0,0,1,0,0,0,0,0,0
data/audio_wav/032/032034.wav,33,1,1,1,0,0,0,0,0,0,1,0,0,0,0,0,0,1,0,0,0,0,0,0
data/audio_wav/032/032035.wav,33,1,1,1,0,0,0,0,0,0,1,0,0,0,0,0,0,1,0,0,0,0,0,0
data/audio_wav/032/032036.wav,33,1,1,1,0,0,0,0,0,0,1,0,0,0,0,0,0,1,0,0,0,0,0,0
data/audio_wav/032/032037.wav,33,1,1,1,0,0,0,0,0,0,1,0,0,0,0,0,0,1,0,0,0,0,0,0
data/audio_wav/032/032038.wav,33,1,1,1,0,0,0,0,0,0,1,0,0,0,0,0,0,1,0,0,0,0,0,0
data/audio_wav/032/032039.wav,33,1,1,1,0,0,0,0,0,0,1,0,0,0,0,0,0,1,0,0,0,0,0,0
data/audio_wav/032/032040.wav,33,1,1,1,0,0,0,0,0,0,1,0,0,0,0,0,0,1,0,0,0,0,0,0
data/audio_wav/032/032041.wav,33,1,1,1,0,0,0,0,0,0,1,0,0,0,0,0,0,1,0,0,0,0,0,0
data/audio_wav/032/032042.wav,33,1,1,1,0,0,0,0,0,0,1,0,0,0,0,0,0,1,0,0,0,0,0,0
data/audio_wav/032/032043.wav,33,1,1,1,0,0,0,0,0,0,1,0,0,0,0,0,0,1,0,0,0,0,0,0
data/audio_wav/032/032044.wav,33,1,1,1,0,0,0,0,0,0,1,0,0,0,0,0,0,1,0,0,0,0,0,0
data/audio_wav/032/032045.wav,33,1,1,1,0,0,0,0,0,0,1,0,0,0,0,0,0,1,0,0,0,0,0,0
data/audio_wav/032/032046.wav,33,1,1,1,0,0,0,0,0,0,1,0,0,0,0,0,0,1,0,0,0,0,0,0
data/audio_wav/032/032047.wav,33,1,1,1,0,0,0,0,0,0,1,0,0,0,0,0,0,1,0,0,0,0,0,0
data/audio_wav/032/032048.wav,33,1,1,1,0,0,0,0,0,0,1,0,0,0,0,0,0,1,0,0,0,0,0,0
data/audio_wav/032/032049.wav,33,1,1,1,0,0,0,0,0,0,1,0,0,0,0,0,0,1,0,0,0,0,0,0
data/audio_wav/033/033000.wav,34,0,0,1,0,0,0,0,0,0,1,0,0,0,0,0,0,0,1,0,0,0,0,0
data/audio_wav/033/033001.wav,34,0,0,1,0,0,0,0,0,0,1,0,0,0,0,0,0,0,1,0,0,0,0,0
data/audio_wav/033/033002.wav,34,0,0,1,0,0,0,0,0,0,1,0,0,0,0,0,0,0,1,0,0,0,0,0
data/audio_wav/033/033003.wav,34,0,0,1,0,0,0,0,0,0,1,0,0,0,0,0,0,0,1,0,0,0,0,0
data/audio_wav/033/033004.wav,34,0,0,1,0,0,0,0,0,0,1,0,0,0,0,0,0,0,1,0,0,0,0,0
data/audio_wav/033/033005.wav,34,0,0,1,0,0,0,0,0,0,1,0,0,0,0,0,0,0,1,0,0,0,0,0
data/audio_wav/033/033006.wav,34,0,0,1,0,0,0,0,0,0,1,0,0,0,0,0,0,0,1,0,0,0,0,0
data/audio_wav/033/033007.wav,34,0,0,1,0,0,0,0,0,0,1,0,0,0,0,0,0,0,1,0,0,0,0,0
data/audio_wav/033/033008.wav,34,0,0,1,0,0,0,0,0,0,1,0,0,0,0,0,0,0,1,0,0,0,0,0
data/audio_wav/033/033009.wav,34,0,0,1,0,0,0,0,0,0,1,0,0,0,0,0,0,0,1,0,0,0,0,0
data/audio_wav/033/033010.wav,34,0,0,1,0,0,0,0,0,0,1,0,0,0,0,0,0,0,1,0,0,0,0,0
data/audio_wav/033/033011.wav,34,0,0,1,0,0,0,0,0,0,1,0,0,0,0,0,0,0,1,0,0,0,0,0
data/audio_wav/033/033012.wav,34,0,0,1,0,0,0,0,0,0,1,0,0,0,0,0,0,0,1,0,0,0,0,0
data/audio_wav/033/033013.wav,34,0,0,1,0,0,0,0,0,0,1,0,0,0,0,0,0,0,1,0,0,0,0,0
data/audio_wav/033/033014.wav,34,0,0,1,0,0,0,0,0,0,1,0,0,0,0,0,0,0,1,0,0,0,0,0
data/audio_wav/033/033015.wav,34,0,0,1,0,0,0,0,0,0,1,0,0,0,0,0,0,0,1,0,0,0,0,0
data/audio_wav/033/033016.wav,34,0,0,1,0,0,0,0,0,0,1,0,0,0,0,0,0,0,1,0,0,0,0,0
data/audio_wav/033/033017.wav,34,0,0,1,0,0,0,0,0,0,1,0,0,0,0,0,0,0,1,0,0,0,0,0
data/audio_wav/033/033018.wav,34,0,0,1,0,0,0,0,0,0,1,0,0,0,0,0,0,0,1,0,0,0,0,0
data/audio_wav/033/033019.wav,34,0,0,1,0,0,0,0,0,0,1,0,0,0,0,0,0,0,1,0,0,0,0,0
data/audio_wav/033/033020.wav,34,0,0,1,0,0,0,0,0,0,1,0,0,0,0,0,0,0,1,0,0,0,0,0
data/audio_wav/033/033021.wav,34,0,0,1,0,0,0,0,0,0,1,0,0,0,0,0,0,0,1,0,0,0,0,0
data/audio_wav/033/033022.wav,34,0,0,1,0,0,0,0,0,0,1,0,0,0,0,0,0,0,1,0,0,0,0,0
data/audio_wav/033/033023.wav,34,0,0,1,0,0,0,0,0,0,1,0,0,0,0,0,0,0,1,0,0,0,0,0
data/audio_wav/033/033024.wav,34,0,0,1,0,0,0,0,0,0,1,0,0,0,0,0,0,0,1,0,0,0,0,0
data/audio_wav/033/033025.wav,34,0,0,1,0,0,0,0,0,0,1,0,0,0,0,0,0,0,1,0,0,0,0,0
data/audio_wav/033/033026.wav,34,0,0,1,0,0,0,0,0,0,1,0,0,0,0,0,0,0,1,0,0,0,0,0
data/audio_wav/033/033027.wav,34,0,0,1,0,0,0,0,0,0,1,0,0,0,0,0,0,0,1,0,0,0,0,0
data/audio_wav/033/033028.wav,34,0,0,1,0,0,0,0,0,0,1,0,0,0,0,0,0,0,1,0,0,0,0,0
data/audio_wav/033/033029.wav,34,0,0,1,0,0,0,0,0,0,1,0,0,0,0,0,0,0,1,0,0,0,0,0
data/audio_wav/033/033030.wav,34,0,0,1,0,0,0,0,0,0,1,0,0,0,0,0,0,0,1,0,0,0,0,0
data/audio_wav/033/033031.wav,34,0,0,1,0,0,0,0,0,0,1,0,0,0,0,0,0,0,1,0,0,0,0,0
data/audio_wav/033/033032.wav,34,0,0,1,0,0,0,0,0,0,1,0,0,0,0,0,0,0,1,0,0,0,0,0
data/audio_wav/033/033033.wav,34,0,0,1,0,0,0,0,0,0,1,0,0,0,0,0,0,0,1,0,0,0,0,0
data/audio_wav/033/033034.wav,34,0,0,1,0,0,0,0,0,0,1,0,0,0,0,0,0,0,1,0,0,0,0,0
data/audio_wav/033/033035.wav,34,0,0,1,0,0,0,0,0,0,1,0,0,0,0,0,0,0,1,0,0,0,0,0
data/audio_wav/033/033036.wav,34,0,0,1,0,0,0,0,0,0,1,0,0,0,0,0,0,0,1,0,0,0,0,0
data/audio_wav/033/033037.wav,34,0,0,1,0,0,0,0,0,0,1,0,0,0,0,0,0,0,1,0,0,0,0,0
data/audio_wav/033/033038.wav,34,0,0,1,0,0,0,0,0,0,1,0,0,0,0,0,0,0,1,0,0,0,0,0
data/audio_wav/033/033039.wav,34,0,0,1,0,0,0,0,0,0,1,0,0,0,0,0,0,0,1,0,0,0,0,0
data/audio_wav/033/033040.wav,34,0,0,1,0,0,0,0,0,0,1,0,0,0,0,0,0,0,1,0,0,0,0,0
data/audio_wav/033/033041.wav,34,0,0,1,0,0,0,0,0,0,1,0,0,0,0,0,0,0,1,0,0,0,0,0
data/audio_wav/033/033042.wav,34,0,0,1,0,0,0,0,0,0,1,0,0,0,0,0,0,0,1,0,0,0,0,0
data/audio_wav/033/033043.wav,34,0,0,1,0,0,0,0,0,0,1,0,0,0,0,0,0,0,1,0,0,0,0,0
data/audio_wav/033/033044.wav,34,0,0,1,0,0,0,0,0,0,1,0,0,0,0,0,0,0,1,0,0,0,0,0
data/audio_wav/033/033045.wav,34,0,0,1,0,0,0,0,0,0,1,0,0,0,0,0,0,0,1,0,0,0,0,0
data/audio_wav/033/033046.wav,34,0,0,1,0,0,0,0,0,0,1,0,0,0,0,0,0,0,1,0,0,0,0,0
data/audio_wav/033/033047.wav,34,0,0,1,0,0,0,0,0,0,1,0,0,0,0,0,0,0,1,0,0,0,0,0
data/audio_wav/033/033048.wav,34,0,0,1,0,0,0,0,0,0,1,0,0,0,0,0,0,0,1,0,0,0,0,0
data/audio_wav/033/033049.wav,34,0,0,1,0,0,0,0,0,0,1,0,0,0,0,0,0,0,1,0,0,0,0,0
data/audio_wav/034/034000.wav,35,0,0,1,0,0,0,0,0,0,1,0,0,0,0,0,0,0,0,1,0,0,0,0
data/audio_wav/034/034001.wav,35,0,0,1,0,0,0,0,0,0,1,0,0,0,0,0,0,0,0,1,0,0,0,0
data/audio_wav/034/034002.wav,35,0,0,1,0,0,0,0,0,0,1,0,0,0,0,0,0,0,0,1,0,0,0,0
data/audio_wav/034/034003.wav,35,0,0,1,0,0,0,0,0,0,1,0,0,0,0,0,0,0,0,1,0,0,0,0
data/audio_wav/034/034004.wav,35,0,0,1,0,0,0,0,0,0,1,0,0,0,0,0,0,0,0,1,0,0,0,0
data/audio_wav/034/034005.wav,35,0,0,1,0,0,0,0,0,0,1,0,0,0,0,0,0,0,0,1,0,0,0,0
data/audio_wav/034/034006.wav,35,0,0,1,0,0,0,0,0,0,1,0,0,0,0,0,0,0,0,1,0,0,0,0
data/audio_wav/034/034007.wav,35,0,0,1,0,0,0,0,0,0,1,0,0,0,0,0,0,0,0,1,0,0,0,0
data/audio_wav/034/034008.wav,35,0,0,1,0,0,0,0,0,0,1,0,0,0,0,0,0,0,0,1,0,0,0,0
data/audio_wav/034/034009.wav,35,0,0,1,0,0,0,0,0,0,1,0,0,0,0,0,0,0,0,1,0,0,0,0
data/audio_wav/034/034010.wav,35,0,0,1,0,0,0,0,0,0,1,0,0,0,0,0,0,0,0,1,0,0,0,0
data/audio_wav/034/034011.wav,35,0,0,1,0,0,0,0,0,0,1,0,0,0,0,0,0,0,0,1,0,0,0,0
data/audio_wav/034/034012.wav,35,0,0,1,0,0,0,0,0,0,1,0,0,0,0,0,0,0,0,1,0,0,0,0
data/audio_wav/034/034013.wav,35,0,0,1,0,0,0,0,0,0,1,0,0,0,0,0,0,0,0,1,0,0,0,0
data/audio_wav/034/034014.wav,35,0,0,1,0,0,0,0,0,0,1,0,0,0,0,0,0,0,0,1,0,0,0,0
data/audio_wav/034/034015.wav,35,0,0,1,0,0,0,0,0,0,1,0,0,0,0,0,0,0,0,1,0,0,0,0
data/audio_wav/034/034016.wav,35,0,0,1,0,0,0,0,0,0,1,0,0,0,0,0,0,0,0,1,0,0,0,0
data/audio_wav/034/034017.wav,35,0,0,1,0,0,0,0,0,0,1,0,0,0,0,0,0,0,0,1,0,0,0,0
data/audio_wav/034/034018.wav,35,0,0,1,0,0,0,0,0,0,1,0,0,0,0,0,0,0,0,1,0,0,0,0
data/audio_wav/034/034019.wav,35,0,0,1,0,0,0,0,0,0,1,0,0,0,0,0,0,0,0,1,0,0,0,0
data/audio_wav/034/034020.wav,35,0,0,1,0,0,0,0,0,0,1,0,0,0,0,0,0,0,0,1,0,0,0,0
data/audio_wav/034/034021.wav,35,0,0,1,0,0,0,0,0,0,1,0,0,0,0,0,0,0,0,1,0,0,0,0
data/audio_wav/034/034022.wav,35,0,0,1,0,0,0,0,0,0,1,0,0,0,0,0,0,0,0,1,0,0,0,0
data/audio_wav/034/034023.wav,35,0,0,1,0,0,0,0,0,0,1,0,0,0,0,0,0,0,0,1,0,0,0,0
data/audio_wav/034/034024.wav,35,0,0,1,0,0,0,0,0,0,1,0,0,0,0,0,0,0,0,1,0,0,0,0
data/audio_wav/034/034025.wav,35,0,0,1,0,0,0,0,0,0,1,0,0,0,0,0,0,0,0,1,0,0,0,0
data/audio_wav/034/034026.wav,35,0,0,1,0,0,0,0,0,0,1,0,0,0,0,0,0,0,0,1,0,0,0,0
data/audio_wav/034/034027.wav,35,0,0,1,0,0,0,0,0,0,1,0,0,0,0,0,0,0,0,1,0,0,0,0
data/audio_wav/034/034028.wav,35,0,0,1,0,0,0,0,0,0,1,0,0,0,0,0,0,0,0,1,0,0,0,0
data/audio_wav/034/034029.wav,35,0,0,1,0,0,0,0,0,0,1,0,0,0,0,0,0,0,0,1,0,0,0,0
data/audio_wav/034/034030.wav,35,0,0,1,0,0,0,0,0,0,1,0,0,0,0,0,0,0,0,1,0,0,0,0
data/audio_wav/034/034031.wav,35,0,0,1,0,0,0,0,0,0,1,0,0,0,0,0,0,0,0,1,0,0,0,0
data/audio_wav/034/034032.wav,35,0,0,1,0,0,0,0,0,0,1,0,0,0,0,0,0,0,0,1,0,0,0,0
data/audio_wav/034/034033.wav,35,0,0,1,0,0,0,0,0,0,1,0,0,0,0,0,0,0,0,1,0,0,0,0
data/audio_wav/034/034034.wav,35,0,0,1,0,0,0,0,0,0,1,0,0,0,0,0,0,0,0,1,0,0,0,0
data/audio_wav/034/034035.wav,35,0,0,1,0,0,0,0,0,0,1,0,0,0,0,0,0,0,0,1,0,0,0,0
data/audio_wav/034/034036.wav,35,0,0,1,0,0,0,0,0,0,1,0,0,0,0,0,0,0,0,1,0,0,0,0
data/audio_wav/034/034037.wav,35,0,0,1,0,0,0,0,0,0,1,0,0,0,0,0,0,0,0,1,0,0,0,0
data/audio_wav/034/034038.wav,35,0,0,1,0,0,0,0,0,0,1,0,0,0,0,0,0,0,0,1,0,0,0,0
data/audio_wav/034/034039.wav,35,0,0,1,0,0,0,0,0,0,1,0,0,0,0,0,0,0,0,1,0,0,0,0
data/audio_wav/034/034040.wav,35,0,0,1,0,0,0,0,0,0,1,0,0,0,0,0,0,0,0,1,0,0,0,0
data/audio_wav/034/034041.wav,35,0,0,1,0,0,0,0,0,0,1,0,0,0,0,0,0,0,0,1,0,0,0,0
data/audio_wav/034/034042.wav,35,0,0,1,0,0,0,0,0,0,1,0,0,0,0,0,0,0,0,1,0,0,0,0
data/audio_wav/034/034043.wav,35,0,0,1,0,0,0,0,0,0,1,0,0,0,0,0,0,0,0,1,0,0,0,0
data/audio_wav/034/034044.wav,35,0,0,1,0,0,0,0,0,0,1,0,0,0,0,0,0,0,0,1,0,0,0,0
data/audio_wav/034/034045.wav,35,0,0,1,0,0,0,0,0,0,1,0,0,0,0,0,0,0,0,1,0,0,0,0
data/audio_wav/034/034046.wav,35,0,0,1,0,0,0,0,0,0,1,0,0,0,0,0,0,0,0,1,0,0,0,0
data/audio_wav/034/034047.wav,35,0,0,1,0,0,0,0,0,0,1,0,0,0,0,0,0,0,0,1,0,0,0,0
data/audio_wav/034/034048.wav,35,0,0,1,0,0,0,0,0,0,1,0,0,0,0,0,0,0,0,1,0,0,0,0
data/audio_wav/034/034049.wav,35,0,0,1,0,0,0,0,0,0,1,0,0,0,0,0,0,0,0,1,0,0,0,0
data/audio_wav/035/035000.wav,36,1,1,1,0,0,0,0,0,0,1,0,0,0,0,0,0,0,0,0,1,0,0,0
data/audio_wav/035/035001.wav,36,1,1,1,0,0,0,0,0,0,1,0,0,0,0,0,0,0,0,0,1,0,0,0
data/audio_wav/035/035002.wav,36,1,1,1,0,0,0,0,0,0,1,0,0,0,0,0,0,0,0,0,1,0,0,0
data/audio_wav/035/035003.wav,36,1,1,1,0,0,0,0,0,0,1,0,0,0,0,0,0,0,0,0,1,0,0,0
data/audio_wav/035/035004.wav,36,1,1,1,0,0,0,0,0,0,1,0,0,0,0,0,0,0,0,0,1,0,0,0
data/audio_wav/035/035005.wav,36,1,1,1,0,0,0,0,0,0,1,0,0,0,0,0,0,0,0,0,1,0,0,0
data/audio_wav/035/035006.wav,36,1,1,1,0,0,0,0,0,0,1,0,0,0,0,0,0,0,0,0,1,0,0,0
data/audio_wav/035/035007.wav,36,1,1,1,0,0,0,0,0,0,1,0,0,0,0,0,0,0,0,0,1,0,0,0
data/audio_wav/035/035008.wav,36,1,1,1,0,0,0,0,0,0,1,0,0,0,0,0,0,0,0,0,1,0,0,0
data/audio_wav/035/035009.wav,36,1,1,1,0,0,0,0,0,0,1,0,0,0,0,0,0,0,0,0,1,0,0,0
data/audio_wav/035/035010.wav,36,1,1,1,0,0,0,0,0,0,1,0,0,0,0,0,0,0,0,0,1,0,0,0
data/audio_wav/035/035011.wav,36,1,1,1,0,0,0,0,0,0,1,0,0,0,0,0,0,0,0,0,1,0,0,0
data/audio_wav/035/035012.wav,36,1,1,1,0,0,0,0,0,0,1,0,0,0,0,0,0,0,0,0,1,0,0,0
data/audio_wav/035/035013.wav,36,1,1,1,0,0,0,0,0,0,1,0,0,0,0,0,0,0,0,0,1,0,0,0
data/audio_wav/035/035014.wav,36,1,1,1,0,0,0,0,0,0,1,0,0,0,0,0,0,0,0,0,1,0,0,0
data/audio_wav/035/035015.wav,36,1,1,1,0,0,0,0,0,0,1,0,0,0,0,0,0,0,0,0,1,0,0,0
data/audio_wav/035/035016.wav,36,1,1,1,0,0,0,0,0,0,1,0,0,0,0,0,0,0,0,0,1,0,0,0
data/audio_wav/035/035017.wav,36,1,1,1,0,0,0,0,0,0,1,0,0,0,0,0,0,0,0,0,1,0,0,0
data/audio_wav/035/035018.wav,36,1,1,1,0,0,0,0,0,0,1,0,0,0,0,0,0,0,0,0,1,0,0,0
data/audio_wav/035/035019.wav,36,1,1,1,0,0,0,0,0,0,1,0,0,0,0,0,0,0,0,0,1,0,0,0
data/audio_wav/035/035020.wav,36,1,1,1,0,0,0,0,0,0,1,0,0,0,0,0,0,0,0,0,1,0,0,0
data/audio_wav/035/035021.wav,36,1,1,1,0,0,0,0,0,0,1,0,0,0,0,0,0,0,0,0,1,0,0,0
data/audio_wav/035/035022.wav,36,1,1,1,0,0,0,0,0,0,1,0,0,0,0,0,0,0,0,0,1,0,0,0
data/audio_wav/035/035023.wav,36,1,1,1,0,0,0,0,0,0,1,0,0,0,0,0,0,0,0,0,1,0,0,0
data/audio_wav/035/035024.wav,36,1,1,1,0,0,0,0,0,0,1,0,0,0,0,0,0,0,0,0,1,0,0,0
data/audio_wav/035/035025.wav,36,1,1,1,0,0,0,0,0,0,1,0,0,0,0,0,0,0,0,0,1,0,0,0
data/audio_wav/035/035026.wav,36,1,1,1,0,0,0,0,0,0,1,0,0,0,0,0,0,0,0,0,1,0,0,0
data/audio_wav/035/035027.wav,36,1,1,1,0,0,0,0,0,0,1,0,0,0,0,0,0,0,0,0,1,0,0,0
data/audio_wav/035/035028.wav,36,1,1,1,0,0,0,0,0,0,1,0,0,0,0,0,0,0,0,0,1,0,0,0
data/audio_wav/035/035029.wav,36,1,1,1,0,0,0,0,0,0,1,0,0,0,0,0,0,0,0,0,1,0,0,0
data/audio_wav/035/035030.wav,36,1,1,1,0,0,0,0,0,0,1,0,0,0,0,0,0,0,0,0,1,0,0,0
data/audio_wav/035/035031.wav,36,1,1,1,0,0,0,0,0,0,1,0,0,0,0,0,0,0,0,0,1,0,0,0
data/audio_wav/035/035032.wav,36,1,1,1,0,0,0,0,0,0,1,0,0,0,0,0,0,0,0,0,1,0,0,0
data/audio_wav/035/035033.wav,36,1,1,1,0,0,0,0,0,0,1,0,0,0,0,0,0,0,0,0,1,0,0,0
data/audio_wav/035/035034.wav,36,1,1,1,0,0,0,0,0,0,1,0,0,0,0,0,0,0,0,0,1,0,0,0
data/audio_wav/035/035035.wav,36,1,1,1,0,0,0,0,0,0,1,0,0,0,0,0,0,0,0,0,1,0,0,0
data/audio_wav/035/035036.wav,36,1,1,1,0,0,0,0,0,0,1,0,0,0,0,0,0,0,0,0,1,0,0,0
data/audio_wav/035/035037.wav,36,1,1,1,0,0,0,0,0,0,1,0,0,0,0,0,0,0,0,0,1,0,0,0
data/audio_wav/035/035038.wav,36,1,1,1,0,0,0,0,0,0,1,0,0,0,0,0,0,0,0,0,1,0,0,0
data/audio_wav/035/035039.wav,36,1,1,1,0,0,0,0,0,0,1,0,0,0,0,0,0,0,0,0,1,0,0,0
data/audio_wav/035/035040.wav,36,1,1,1,0,0,0,0,0,0,1,0,0,0,0,0,0,0,0,0,1,0,0,0
data/audio_wav/035/035041.wav,36,1,1,1,0,0,0,0,0,0,1,0,0,0,0,0,0,0,0,0,1,0,0,0
data/audio_wav/035/035042.wav,36,1,1,1,0,0,0,0,0,0,1,0,0,0,0,0,0,0,0,0,1,0,0,0
data/audio_wav/035/035043.wav,36,1,1,1,0,0,0,0,0,0,1,0,0,0,0,0,0,0,0,0,1,0,0,0
data/audio_wav/035/035044.wav,36,1,1,1,0,0,0,0,0,0,1,0,0,0,0,0,0,0,0,0,1,0,0,0
data/audio_wav/035/035045.wav,36,1,1,1,0,0,0,0,0,0,1,0,0,0,0,0,0,0,0,0,1,0,0,0
data/audio_wav/035/035046.wav,36,1,1,1,0,0,0,0,0,0,1,0,0,0,0,0,0,0,0,0,1,0,0,0
data/audio_wav/035/035047.wav,36,1,1,1,0,0,0,0,0,0,1,0,0,0,0,0,0,0,0,0,1,0,0,0
data/audio_wav/035/035048.wav,36,1,1,1,0,0,0,0,0,0,1,0,0,0,0,0,0,0,0,0,1,0,0,0
data/audio_wav/035/035049.wav,36,1,1,1,0,0,0,0,0,0,1,0,0,0,0,0,0,0,0,0,1,0,0,0
data/audio_wav/036/036000.wav,37,1,2,1,0,0,0,0,0,0,1,0,0,0,0,0,0,0,0,0,0,1,0,0
data/audio_wav/036/036001.wav,37,1,2,1,0,0,0,0,0,0,1,0,0,0,0,0,0,0,0,0,0,1,0,0
data/audio_wav/036/036002.wav,37,1,2,1,0,0,0,0,0,0,1,0,0,0,0,0,0,0,0,0,0,1,0,0
data/audio_wav/036/036003.wav,37,1,2,1,0,0,0,0,0,0,1,0,0,0,0,0,0,0,0,0,0,1,0,0
data/audio_wav/036/036004.wav,37,1,2,1,0,0,0,0,0,0,1,0,0,0,0,0,0,0,0,0,0,1,0,0
data/audio_wav/036/036005.wav,37,1,2,1,0,0,0,0,0,0,1,0,0,0,0,0,0,0,0,0,0,1,0,0
data/audio_wav/036/036006.wav,37,1,2,1,0,0,0,0,0,0,1,0,0,0,0,0,0,0,0,0,0,1,0,0
data/audio_wav/036/036007.wav,37,1,2,1,0,0,0,0,0,0,1,0,0,0,0,0,0,0,0,0,0,1,0,0
data/audio_wav/036/036008.wav,37,1,2,1,0,0,0,0,0,0,1,0,0,0,0,0,0,0,0,0,0,1,0,0
data/audio_wav/036/036009.wav,37,1,2,1,0,0,0,0,0,0,1,0,0,0,0,0,0,0,0,0,0,1,0,0
data/audio_wav/036/036010.wav,37,1,2,1,0,0,0,0,0,0,1,0,0,0,0,0,0,0,0,0,0,1,0,0
data/audio_wav/036/036011.wav,37,1,2,1,0,0,0,0,0,0,1,0,0,0,0,0,0,0,0,0,0,1,0,0
data/audio_wav/036/036012.wav,37,1,2,1,0,0,0,0,0,0,1,0,0,0,0,0,0,0,0,0,0,1,0,0
data/audio_wav/036/036013.wav,37,1,2,1,0,0,0,0,0,0,1,0,0,0,0,0,0,0,0,0,0,1,0,0
data/audio_wav/036/036014.wav,37,1,2,1,0,0,0,0,0,0,1,0,0,0,0,0,0,0,0,0,0,1,0,0
data/audio_wav/036/036015.wav,37,1,2,1,0,0,0,0,0,0,1,0,0,0,0,0,0,0,0,0,0,1,0,0
data/audio_wav/036/036016.wav,37,1,2,1,0,0,0,0,0,0,1,0,0,0,0,0,0,0,0,0,0,1,0,0
data/audio_wav/036/036017.wav,37,1,2,1,0,0,0,0,0,0,1,0,0,0,0,0,0,0,0,0,0,1,0,0
data/audio_wav/036/036018.wav,37,1,2,1,0,0,0,0,0,0,1,0,0,0,0,0,0,0,0,0,0,1,0,0
data/audio_wav/036/036019.wav,37,1,2,1,0,0,0,0,0,0,1,0,0,0,0,0,0,0,0,0,0,1,0,0
data/audio_wav/036/036020.wav,37,1,2,1,0,0,0,0,0,0,1,0,0,0,0,0,0,0,0,0,0,1,0,0
data/audio_wav/036/036021.wav,37,1,2,1,0,0,0,0,0,0,1,0,0,0,0,0,0,0,0,0,0,1,0,0
data/audio_wav/036/036022.wav,37,1,2,1,0,0,0,0,0,0,1,0,0,0,0,0,0,0,0,0,0,1,0,0
data/audio_wav/036/036023.wav,37,1,2,1,0,0,0,0,0,0,1,0,0,0,0,0,0,0,0,0,0,1,0,0
data/audio_wav/036/036024.wav,37,1,2,1,0,0,0,0,0,0,1,0,0,0,0,0,0,0,0,0,0,1,0,0
data/audio_wav/036/036025.wav,37,1,2,1,0,0,0,0,0,0,1,0,0,0,0,0,0,0,0,0,0,1,0,0
data/audio_wav/036/036026.wav,37,1,2,1,0,0,0,0,0,0,1,0,0,0,0,0,0,0,0,0,0,1,0,0
data/audio_wav/036/036027.wav,37,1,2,1,0,0,0,0,0,0,1,0,0,0,0,0,0,0,0,0,0,1,0,0
data/audio_wav/036/036028.wav,37,1,2,1,0,0,0,0,0,0,1,0,0,0,0,0,0,0,0,0,0,1,0,0
data/audio_wav/036/036029.wav,37,1,2,1,0,0,0,0,0,0,1,0,0,0,0,0,0,0,0,0,0,1,0,0
data/audio_wav/036/036030.wav,37,1,2,1,0,0,0,0,0,0,1,0,0,0,0,0,0,0,0,0,0,1,0,0
data/audio_wav/036/036031.wav,37,1,2,1,0,0,0,0,0,0,1,0,0,0,0,0,0,0,0,0,0,1,0,0
data/audio_wav/036/036032.wav,37,1,2,1,0,0,0,0,0,0,1,0,0,0,0,0,0,0,0,0,0,1,0,0
data/audio_wav/036/036033.wav,37,1,2,1,0,0,0,0,0,0,1,0,0,0,0,0,0,0,0,0,0,1,0,0
data/audio_wav/036/036034.wav,37,1,2,1,0,0,0,0,0,0,1,0,0,0,0,0,0,0,0,0,0,1,0,0
data/audio_wav/036/036035.wav,37,1,2,1,0,0,0,0,0,0,1,0,0,0,0,0,0,0,0,0,0,1,0,0
data/audio_wav/036/036036.wav,37,1,2,1,0,0,0,0,0,0,1,0,0,0,0,0,0,0,0,0,0,1,0,0
data/audio_wav/036/036037.wav,37,1,2,1,0,0,0,0,0,0,1,0,0,0,0,0,0,0,0,0,0,1,0,0
data/audio_wav/036/036038.wav,37,1,2,1,0,0,0,0,0,0,1,0,0,0,0,0,0,0,0,0,0,1,0,0
data/audio_wav/036/036039.wav,37,1,2,1,0,0,0,0,0,0,1,0,0,0,0,0,0,0,0,0,0,1,0,0
data/audio_wav/036/036040.wav,37,1,2,1,0,0,0,0,0,0,1,0,0,0,0,0,0,0,0,0,0,1,0,0
data/audio_wav/036/036041.wav,37,1,2,1,0,0,0,0,0,0,1,0,0,0,0,0,0,0,0,0,0,1,0,0
data/audio_wav/036/036042.wav,37,1,2,1,0,0,0,0,0,0,1,0,0,0,0,0,0,0,0,0,0,1,0,0
data/audio_wav/036/036043.wav,37,1,2,1,0,0,0,0,0,0,1,0,0,0,0,0,0,0,0,0,0,1,0,0
data/audio_wav/036/036044.wav,37,1,2,1,0,0,0,0,0,0,1,0,0,0,0,0,0,0,0,0,0,1,0,0
data/audio_wav/036/036045.wav,37,1,2,1,0,0,0,0,0,0,1,0,0,0,0,0,0,0,0,0,0,1,0,0
data/audio_wav/036/036046.wav,37,1,2,1,0,0,0,0,0,0,1,0,0,0,0,0,0,0,0,0,0,1,0,0
data/audio_wav/036/036047.wav,37,1,2,1,0,0,0,0,0,0,1,0,0,0,0,0,0,0,0,0,0,1,0,0
data/audio_wav/036/036048.wav,37,1,2,1,0,0,0,0,0,0,1,0,0,0,0,0,0,0,0,0,0,1,0,0
data/audio_wav/036/036049.wav,37,1,2,1,0,0,0,0,0,0,1,0,0,0,0,0,0,0,0,0,0,1,0,0
data/audio_wav/037/037000.wav,38,1,2,1,0,0,0,0,0,0,1,0,0,0,0,0,0,0,0,0,0,0,1,0
data/audio_wav/037/037001.wav,38,1,2,1,0,0,0,0,0,0,1,0,0,0,0,0,0,0,0,0,0,0,1,0
data/audio_wav/037/037002.wav,38,1,2,1,0,0,0,0,0,0,1,0,0,0,0,0,0,0,0,0,0,0,1,0
data/audio_wav/037/037003.wav,38,1,2,1,0,0,0,0,0,0,1,0,0,0,0,0,0,0,0,0,0,0,1,0
data/audio_wav/037/037004.wav,38,1,2,1,0,0,0,0,0,0,1,0,0,0,0,0,0,0,0,0,0,0,1,0
data/audio_wav/037/037005.wav,38,1,2,1,0,0,0,0,0,0,1,0,0,0,0,0,0,0,0,0,0,0,1,0
data/audio_wav/037/037006.wav,38,1,2,1,0,0,0,0,0,0,1,0,0,0,0,0,0,0,0,0,0,0,1,0
data/audio_wav/037/037007.wav,38,1,2,1,0,0,0,0,0,0,1,0,0,0,0,0,0,0,0,0,0,0,1,0
data/audio_wav/037/037008.wav,38,1,2,1,0,0,0,0,0,0,1,0,0,0,0,0,0,0,0,0,0,0,1,0
data/audio_wav/037/037009.wav,38,1,2,1,0,0,0,0,0,0,1,0,0,0,0,0,0,0,0,0,0,0,1,0
data/audio_wav/037/037010.wav,38,1,2,1,0,0,0,0,0,0,1,0,0,0,0,0,0,0,0,0,0,0,1,0
data/audio_wav/037/037011.wav,38,1,2,1,0,0,0,0,0,0,1,0,0,0,0,0,0,0,0,0,0,0,1,0
data/audio_wav/037/037012.wav,38,1,2,1,0,0,0,0,0,0,1,0,0,0,0,0,0,0,0,0,0,0,1,0
data/audio_wav/037/037013.wav,38,1,2,1,0,0,0,0,0,0,1,0,0,0,0,0,0,0,0,0,0,0,1,0
data/audio_wav/037/037014.wav,38,1,2,1,0,0,0,0,0,0,1,0,0,0,0,0,0,0,0,0,0,0,1,0
data/audio_wav/037/037015.wav,38,1,2,1,0,0,0,0,0,0,1,0,0,0,0,0,0,0,0,0,0,0,1,0
data/audio_wav/037/037016.wav,38,1,2,1,0,0,0,0,0,0,1,0,0,0,0,0,0,0,0,0,0,0,1,0
data/audio_wav/037/037017.wav,38,1,2,1,0,0,0,0,0,0,1,0,0,0,0,0,0,0,0,0,0,0,1,0
data/audio_wav/037/037018.wav,38,1,2,1,0,0,0,0,0,0,1,0,0,0,0,0,0,0,0,0,0,0,1,0
data/audio_wav/037/037019.wav,38,1,2,1,0,0,0,0,0,0,1,0,0,0,0,0,0,0,0,0,0,0,1,0
data/audio_wav/037/037020.wav,38,1,2,1,0,0,0,0,0,0,1,0,0,0,0,0,0,0,0,0,0,0,1,0
data/audio_wav/037/037021.wav,38,1,2,1,0,0,0,0,0,0,1,0,0,0,0,0,0,0,0,0,0,0,1,0
data/audio_wav/037/037022.wav,38,1,2,1,0,0,0,0,0,0,1,0,0,0,0,0,0,0,0,0,0,0,1,0
data/audio_wav/037/037023.wav,38,1,2,1,0,0,0,0,0,0,1,0,0,0,0,0,0,0,0,0,0,0,1,0
data/audio_wav/037/037024.wav,38,1,2,1,0,0,0,0,0,0,1,0,0,0,0,0,0,0,0,0,0,0,1,0
data/audio_wav/037/037025.wav,38,1,2,1,0,0,0,0,0,0,1,0,0,0,0,0,0,0,0,0,0,0,1,0
data/audio_wav/037/037026.wav,38,1,2,1,0,0,0,0,0,0,1,0,0,0,0,0,0,0,0,0,0,0,1,0
data/audio_wav/037/037027.wav,38,1,2,1,0,0,0,0,0,0,1,0,0,0,0,0,0,0,0,0,0,0,1,0
data/audio_wav/037/037028.wav,38,1,2,1,0,0,0,0,0,0,1,0,0,0,0,0,0,0,0,0,0,0,1,0
data/audio_wav/037/037029.wav,38,1,2,1,0,0,0,0,0,0,1,0,0,0,0,0,0,0,0,0,0,0,1,0
data/audio_wav/037/037030.wav,38,1,2,1,0,0,0,0,0,0,1,0,0,0,0,0,0,0,0,0,0,0,1,0
data/audio_wav/037/037031.wav,38,1,2,1,0,0,0,0,0,0,1,0,0,0,0,0,0,0,0,0,0,0,1,0
data/audio_wav/037/037032.wav,38,1,2,1,0,0,0,0,0,0,1,0,0,0,0,0,0,0,0,0,0,0,1,0
data/audio_wav/037/037033.wav,38,1,2,1,0,0,0,0,0,0,1,0,0,0,0,0,0,0,0,0,0,0,1,0
data/audio_wav/037/037034.wav,38,1,2,1,0,0,0,0,0,0,1,0,0,0,0,0,0,0,0,0,0,0,1,0
data/audio_wav/037/037035.wav,38,1,2,1,0,0,0,0,0,0,1,0,0,0,0,0,0,0,0,0,0,0,1,0
data/audio_wav/037/037036.wav,38,1,2,1,0,0,0,0,0,0,1,0,0,0,0,0,0,0,0,0,0,0,1,0
data/audio_wav/037/037037.wav,38,1,2,1,0,0,0,0,0,0,1,0,0,0,0,0,0,0,0,0,0,0,1,0
data/audio_wav/037/037038.wav,38,1,2,1,0,0,0,0,0,0,1,0,0,0,0,0,0,0,0,0,0,0,1,0
data/audio_wav/037/037039.wav,38,1,2,1,0,0,0,0,0,0,1,0,0,0,0,0,0,0,0,0,0,0,1,0
data/audio_wav/037/037040.wav,38,1,2,1,0,0,0,0,0,0,1,0,0,0,0,0,0,0,0,0,0,0,1,0
data/audio_wav/037/037041.wav,38,1,2,1,0,0,0,0,0,0,1,0,0,0,0,0,0,0,0,0,0,0,1,0
data/audio_wav/037/037042.wav,38,1,2,1,0,0,0,0,0,0,1,0,0,0,0,0,0,0,0,0,0,0,1,0
data/audio_wav/037/037043.wav,38,1,2,1,0,0,0,0,0,0,1,0,0,0,0,0,0,0,0,0,0,0,1,0
data/audio_wav/037/037044.wav,38,1,2,1,0,0,0,0,0,0,1,0,0,0,0,0,0,0,0,0,0,0,1,0
data/audio_wav/037/037045.wav,38,1,2,1,0,0,0,0,0,0,1,0,0,0,0,0,0,0,0,0,0,0,1,0
data/audio_wav/037/037046.wav,38,1,2,1,0,0,0,0,0,0,1,0,0,0,0,0,0,0,0,0,0,0,1,0
data/audio_wav/037/037047.wav,38,1,2,1,0,0,0,0,0,0,1,0,0,0,0,0,0,0,0,0,0,0,1,0
data/audio_wav/037/037048.wav,38,1,2,1,0,0,0,0,0,0,1,0,0,0,0,0,0,0,0,0,0,0,1,0
data/audio_wav/037/037049.wav,38,1,2,1,0,0,0,0,0,0,1,0,0,0,0,0,0,0,0,0,0,0,1,0
data/audio_wav/038/038000.wav,39,0,0,1,0,0,0,0,0,0,1,0,0,0,0,0,0,0,0,0,0,0,0,1
data/audio_wav/038/038001.wav,39,0,0,1,0,0,0,0,0,0,1,0,0,0,0,0,0,0,0,0,0,0,0,1
data/audio_wav/038/038002.wav,39,0,0,1,0,0,0,0,0,0,1,0,0,0,0,0,0,0,0,0,0,0,0,1
data/audio_wav/038/038003.wav,39,0,0,1,0,0,0,0,0,0,1,0,0,0,0,0,0,0,0,0,0,0,0,1
data/audio_wav/038/038004.wav,39,0,0,1,0,0,0,0,0,0,1,0,0,0,0,0,0,0,0,0,0,0,0,1
data/audio_wav/038/038005.wav,39,0,0,1,0,0,0,0,0,0,1,0,0,0,0,0,0,0,0,0,0,0,0,1
data/audio_wav/038/038006.wav,39,0,0,1,0,0,0,0,0,0,1,0,0,0,0,0,0,0,0,0,0,0,0,1
data/audio_wav/038/038007.wav,39,0,0,1,0,0,0,0,0,0,1,0,0,0,0,0,0,0,0,0,0,0,0,1
data/audio_wav/038/038008.wav,39,0,0,1,0,0,0,0,0,0,1,0,0,0,0,0,0,0,0,0,0,0,0,1
data/audio_wav/038/038009.wav,39,0,0,1,0,0,0,0,0,0,1,0,0,0,0,0,0,0,0,0,0,0,0,1
data/audio_wav/038/038010.wav,39,0,0,1,0,0,0,0,0,0,1,0,0,0,0,0,0,0,0,0,0,0,0,1
data/audio_wav/038/038011.wav,39,0,0,1,0,0,0,0,0,0,1,0,0,0,0,0,0,0,0,0,0,0,0,1
data/audio_wav/038/038012.wav,39,0,0,1,0,0,0,0,0,0,1,0,0,0,0,0,0,0,0,0,0,0,0,1
data/audio_wav/038/038013.wav,39,0,0,1,0,0,0,0,0,0,1,0,0,0,0,0,0,0,0,0,0,0,0,1
data/audio_wav/038/038014.wav,39,0,0,1,0,0,0,0,0,0,1,0,0,0,0,0,0,0,0,0,0,0,0,1
data/audio_wav/038/038015.wav,39,0,0,1,0,0,0,0,0,0,1,0,0,0,0,0,0,0,0,0,0,0,0,1
data/audio_wav/038/038016.wav,39,0,0,1,0,0,0,0,0,0,1,0,0,0,0,0,0,0,0,0,0,0,0,1
data/audio_wav/038/038017.wav,39,0,0,1,0,0,0,0,0,0,1,0,0,0,0,0,0,0,0,0,0,0,0,1
data/audio_wav/038/038018.wav,39,0,0,1,0,0,0,0,0,0,1,0,0,0,0,0,0,0,0,0,0,0,0,1
data/audio_wav/038/038019.wav,39,0,0,1,0,0,0,0,0,0,1,0,0,0,0,0,0,0,0,0,0,0,0,1
data/audio_wav/038/038020.wav,39,0,0,1,0,0,0,0,0,0,1,0,0,0,0,0,0,0,0,0,0,0,0,1
data/audio_wav/038/038021.wav,39,0,0,1,0,0,0,0,0,0,1,0,0,0,0,0,0,0,0,0,0,0,0,1
data/audio_wav/038/038022.wav,39,0,0,1,0,0,0,0,0,0,1,0,0,0,0,0,0,0,0,0,0,0,0,1
data/audio_wav/038/038023.wav,39,0,0,1,0,0,0,0,0,0,1,0,0,0,0,0,0,0,0,0,0,0,0,1
data/audio_wav/038/038024.wav,39,0,0,1,0,0,0,0,0,0,1,0,0,0,0,0,0,0,0,0,0,0,0,1
data/audio_wav/038/038025.wav,39,0,0,1,0,0,0,0,0,0,1,0,0,0,0,0,0,0,0,0,0,0,0,1
data/audio_wav/038/038026.wav,39,0,0,1,0,0,0,0,0,0,1,0,0,0,0,0,0,0,0,0,0,0,0,1
data/audio_wav/038/038027.wav,39,0,0,1,0,0,0,0,0,0,1,0,0,0,0,0,0,0,0,0,0,0,0,1
data/audio_wav/038/038028.wav,39,0,0,1,0,0,0,0,0,0,1,0,0,0,0,0,0,0,0,0,0,0,0,1
data/audio_wav/038/038029.wav,39,0,0,1,0,0,0,0,0,0,1,0,0,0,0,0,0,0,0,0,0,0,0,1
data/audio_wav/038/038030.wav,39,0,0,1,0,0,0,0,0,0,1,0,0,0,0,0,0,0,0,0,0,0,0,1
data/audio_wav/038/038031.wav,39,0,0,1,0,0,0,0,0,0,1,0,0,0,0,0,0,0,0,0,0,0,0,1
data/audio_wav/038/038032.wav,39,0,0,1,0,0,0,0,0,0,1,0,0,0,0,0,0,0,0,0,0,0,0,1
data/audio_wav/038/038033.wav,39,0,0,1,0,0,0,0,0,0,1,0,0,0,0,0,0,0,0,0,0,0,0,1
data/audio_wav/038/038034.wav,39,0,0,1,0,0,0,0,0,0,1,0,0,0,0,0,0,0,0,0,0,0,0,1
data/audio_wav/038/038035.wav,39,0,0,1,0,0,0,0,0,0,1,0,0,0,0,0,0,0,0,0,0,0,0,1
data/audio_wav/038/038036.wav,39,0,0,1,0,0,0,0,0,0,1,0,0,0,0,0,0,0,0,0,0,0,0,1
data/audio_wav/038/038037.wav,39,0,0,1,0,0,0,0,0,0,1,0,0,0,0,0,0,0,0,0,0,0,0,1
data/audio_wav/038/038038.wav,39,0,0,1,0,0,0,0,0,0,1,0,0,0,0,0,0,0,0,0,0,0,0,1
data/audio_wav/038/038039.wav,39,0,0,1,0,0,0,0,0,0,1,0,0,0,0,0,0,0,0,0,0,0,0,1
data/audio_wav/038/038040.wav,39,0,0,1,0,0,0,0,0,0,1,0,0,0,0,0,0,0,0,0,0,0,0,1
data/audio_wav/038/038041.wav,39,0,0,1,0,0,0,0,0,0,1,0,0,0,0,0,0,0,0,0,0,0,0,1
data/audio_wav/038/038042.wav,39,0,0,1,0,0,0,0,0,0,1,0,0,0,0,0,0,0,0,0,0,0,0,1
data/audio_wav/038/038043.wav,39,0,0,1,0,0,0,0,0,0,1,0,0,0,0,0,0,0,0,0,0,0,0,1
data/audio_wav/038/038044.wav,39,0,0,1,0,0,0,0,0,0,1,0,0,0,0,0,0,0,0,0,0,0,0,1
data/audio_wav/038/038045.wav,39,0,0,1,0,0,0,0,0,0,1,0,0,0,0,0,0,0,0,0,0,0,0,1
data/audio_wav/038/038046.wav,39,0,0,1,0,0,0,0,0,0,1,0,0,0,0,0,0,0,0,0,0,0,0,1
data/audio_wav/038/038047.wav,39,0,0,1,0,0,0,0,0,0,1,0,0,0,0,0,0,0,0,0,0,0,0,1
data/audio_wav/038/038048.wav,39,0,0,1,0,0,0,0,0,0,1,0,0,0,0,0,0,0,0,0,0,0,0,1
data/audio_wav/038/038049.wav,39,0,0,1,0,0,0,0,0,0,1,0,0,0,0,0,0,0,0,0,0,0,0,1
data/audio_wav/039/039000.wav,40,1,1,0,1,0,0,0,1,0,0,1,0,0,0,0,0,0,0,0,0,0,0,0
data/audio_wav/039/039001.wav,40,1,1,0,1,0,0,0,1,0,0,1,0,0,0,0,0,0,0,0,0,0,0,0
data/audio_wav/039/039002.wav,40,1,1,0,1,0,0,0,1,0,0,1,0,0,0,0,0,0,0,0,0,0,0,0
data/audio_wav/039/039003.wav,40,1,1,0,1,0,0,0,1,0,0,1,0,0,0,0,0,0,0,0,0,0,0,0
data/audio_wav/039/039004.wav,40,1,1,0,1,0,0,0,1,0,0,1,0,0,0,0,0,0,0,0,0,0,0,0
data/audio_wav/039/039005.wav,40,1,1,0,1,0,0,0,1,0,0,1,0,0,0,0,0,0,0,0,0,0,0,0
data/audio_wav/039/039006.wav,40,1,1,0,1,0,0,0,1,0,0,1,0,0,0,0,0,0,0,0,0,0,0,0
data/audio_wav/039/039007.wav,40,1,1,0,1,0,0,0,1,0,0,1,0,0,0,0,0,0,0,0,0,0,0,0
data/audio_wav/039/039008.wav,40,1,1,0,1,0,0,0,1,0,0,1,0,0,0,0,0,0,0,0,0,0,0,0
data/audio_wav/039/039009.wav,40,1,1,0,1,0,0,0,1,0,0,1,0,0,0,0,0,0,0,0,0,0,0,0
data/audio_wav/039/039010.wav,40,1,1,0,1,0,0,0,1,0,0,1,0,0,0,0,0,0,0,0,0,0,0,0
data/audio_wav/039/039011.wav,40,1,1,0,1,0,0,0,1,0,0,1,0,0,0,0,0,0,0,0,0,0,0,0
data/audio_wav/039/039012.wav,40,1,1,0,1,0,0,0,1,0,0,1,0,0,0,0,0,0,0,0,0,0,0,0
data/audio_wav/039/039013.wav,40,1,1,0,1,0,0,0,1,0,0,1,0,0,0,0,0,0,0,0,0,0,0,0
data/audio_wav/039/039014.wav,40,1,1,0,1,0,0,0,1,0,0,1,0,0,0,0,0,0,0,0,0,0,0,0
data/audio_wav/039/039015.wav,40,1,1,0,1,0,0,0,1,0,0,1,0,0,0,0,0,0,0,0,0,0,0,0
data/audio_wav/039/039016.wav,40,1,1,0,1,0,0,0,1,0,0,1,0,0,0,0,0,0,0,0,0,0,0,0
data/audio_wav/039/039017.wav,40,1,1,0,1,0,0,0,1,0,0,1,0,0,0,0,0,0,0,0,0,0,0,0
data/audio_wav/039/039018.wav,40,1,1,0,1,0,0,0,1,0,0,1,0,0,0,0,0,0,0,0,0,0,0,0
data/audio_wav/039/039019.wav,40,1,1,0,1,0,0,0,1,0,0,1,0,0,0,0,0,0,0,0,0,0,0,0
data/audio_wav/039/039020.wav,40,1,1,0,1,0,0,0,1,0,0,1,0,0,0,0,0,0,0,0,0,0,0,0
data/audio_wav/039/039021.wav,40,1,1,0,1,0,0,0,1,0,0,1,0,0,0,0,0,0,0,0,0,0,0,0
data/audio_wav/039/039022.wav,40,1,1,0,1,0,0,0,1,0,0,1,0,0,0,0,0,0,0,0,0,0,0,0
data/audio_wav/039/039023.wav,40,1,1,0,1,0,0,0,1,0,0,1,0,0,0,0,0,0,0,0,0,0,0,0
data/audio_wav/039/039024.wav,40,1,1,0,1,0,0,0,1,0,0,1,0,0,0,0,0,0,0,0,0,0,0,0
data/audio_wav/039/039025.wav,40,1,1,0,1,0,0,0,1,0,0,1,0,0,0,0,0,0,0,0,0,0,0,0
data/audio_wav/039/039026.wav,40,1,1,0,1,0,0,0,1,0,0,1,0,0,0,0,0,0,0,0,0,0,0,0
data/audio_wav/039/039027.wav,40,1,1,0,1,0,0,0,1,0,0,1,0,0,0,0,0,0,0,0,0,0,0,0
data/audio_wav/039/039028.wav,40,1,1,0,1,0,0,0,1,0,0,1,0,0,0,0,0,0,0,0,0,0,0,0
data/audio_wav/039/039029.wav,40,1,1,0,1,0,0,0,1,0,0,1,0,0,0,0,0,0,0,0,0,0,0,0
data/audio_wav/039/039030.wav,40,1,1,0,1,0,0,0,1,0,0,1,0,0,0,0,0,0,0,0,0,0,0,0
data/audio_wav/039/039031.wav,40,1,1,0,1,0,0,0,1,0,0,1,0,0,0,0,0,0,0,0,0,0,0,0
data/audio_wav/039/039032.wav,40,1,1,0,1,0,0,0,1,0,0,1,0,0,0,0,0,0,0,0,0,0,0,0
data/audio_wav/039/039033.wav,40,1,1,0,1,0,0,0,1,0,0,1,0,0,0,0,0,0,0,0,0,0,0,0
data/audio_wav/039/039034.wav,40,1,1,0,1,0,0,0,1,0,0,1,0,0,0,0,0,0,0,0,0,0,0,0
data/audio_wav/039/039035.wav,40,1,1,0,1,0,0,0,1,0,0,1,0,0,0,0,0,0,0,0,0,0,0,0
data/audio_wav/039/039036.wav,40,1,1,0,1,0,0,0,1,0,0,1,0,0,0,0,0,0,0,0,0,0,0,0
data/audio_wav/039/039037.wav,40,1,1,0,1,0,0,0,1,0,0,1,0,0,0,0,0,0,0,0,0,0,0,0
data/audio_wav/039/039038.wav,40,1,1,0,1,0,0,0,1,0,0,1,0,0,0,0,0,0,0,0,0,0,0,0
data/audio_wav/039/039039.wav,40,1,1,0,1,0,0,0,1,0,0,1,0,0,0,0,0,0,0,0,0,0,0,0
data/audio_wav/039/039040.wav,40,1,1,0,1,0,0,0,1,0,0,1,0,0,0,0,0,0,0,0,0,0,0,0
data/audio_wav/039/039041.wav,40,1,1,0,1,0,0,0,1,0,0,1,0,0,0,0,0,0,0,0,0,0,0,0
data/audio_wav/039/039042.wav,40,1,1,0,1,0,0,0,1,0,0,1,0,0,0,0,0,0,0,0,0,0,0,0
data/audio_wav/039/039043.wav,40,1,1,0,1,0,0,0,1,0,0,1,0,0,0,0,0,0,0,0,0,0,0,0
data/audio_wav/039/039044.wav,40,1,1,0,1,0,0,0,1,0,0,1,0,0,0,0,0,0,0,0,0,0,0,0
data/audio_wav/039/039045.wav,40,1,1,0,1,0,0,0,1,0,0,1,0,0,0,0,0,0,0,0,0,0,0,0
data/audio_wav/039/039046.wav,40,1,1,0,1,0,0,0,1,0,0,1,0,0,0,0,0,0,0,0,0,0,0,0
data/audio_wav/039/039047.wav,40,1,1,0,1,0,0,0,1,0,0,1,0,0,0,0,0,0,0,0,0,0,0,0
data/audio_wav/039/039048.wav,40,1,1,0,1,0,0,0,1,0,0,1,0,0,0,0,0,0,0,0,0,0,0,0
data/audio_wav/039/039049.wav,40,1,1,0,1,0,0,0,1,0,0,1,0,0,0,0,0,0,0,0,0,0,0,0
data/audio_wav/040/040000.wav,41,1,1,0,1,0,0,0,1,0,0,0,1,0,0,0,0,0,0,0,0,0,0,0
data/audio_wav/040/040001.wav,41,1,1,0,1,0,0,0,1,0,0,0,1,0,0,0,0,0,0,0,0,0,0,0
data/audio_wav/040/040002.wav,41,1,1,0,1,0,0,0,1,0,0,0,1,0,0,0,0,0,0,0,0,0,0,0
data/audio_wav/040/040003.wav,41,1,1,0,1,0,0,0,1,0,0,0,1,0,0,0,0,0,0,0,0,0,0,0
data/audio_wav/040/040004.wav,41,1,1,0,1,0,0,0,1,0,0,0,1,0,0,0,0,0,0,0,0,0,0,0
data/audio_wav/040/040005.wav,41,1,1,0,1,0,0,0,1,0,0,0,1,0,0,0,0,0,0,0,0,0,0,0
data/audio_wav/040/040006.wav,41,1,1,0,1,0,0,0,1,0,0,0,1,0,0,0,0,0,0,0,0,0,0,0
data/audio_wav/040/040007.wav,41,1,1,0,1,0,0,0,1,0,0,0,1,0,0,0,0,0,0,0,0,0,0,0
data/audio_wav/040/040008.wav,41,1,1,0,1,0,0,0,1,0,0,0,1,0,0,0,0,0,0,0,0,0,0,0
data/audio_wav/040/040009.wav,41,1,1,0,1,0,0,0,1,0,0,0,1,0,0,0,0,0,0,0,0,0,0,0
data/audio_wav/040/040010.wav,41,1,1,0,1,0,0,0,1,0,0,0,1,0,0,0,0,0,0,0,0,0,0,0
data/audio_wav/040/040011.wav,41,1,1,0,1,0,0,0,1,0,0,0,1,0,0,0,0,0,0,0,0,0,0,0
data/audio_wav/040/040012.wav,41,1,1,0,1,0,0,0,1,0,0,0,1,0,0,0,0,0,0,0,0,0,0,0
data/audio_wav/040/040013.wav,41,1,1,0,1,0,0,0,1,0,0,0,1,0,0,0,0,0,0,0,0,0,0,0
data/audio_wav/040/040014.wav,41,1,1,0,1,0,0,0,1,0,0,0,1,0,0,0,0,0,0,0,0,0,0,0
data/audio_wav/040/040015.wav,41,1,1,0,1,0,0,0,1,0,0,0,1,0,0,0,0,0,0,0,0,0,0,0
data/audio_wav/040/040016.wav,41,1,1,0,1,0,0,0,1,0,0,0,1,0,0,0,0,0,0,0,0,0,0,0
data/audio_wav/040/040017.wav,41,1,1,0,1,0,0,0,1,0,0,0,1,0,0,0,0,0,0,0,0,0,0,0
data/audio_wav/040/040018.wav,41,1,1,0,1,0,0,0,1,0,0,0,1,0,0,0,0,0,0,0,0,0,0,0
data/audio_wav/040/040019.wav,41,1,1,0,1,0,0,0,1,0,0,0,1,0,0,0,0,0,0,0,0,0,0,0
data/audio_wav/040/040020.wav,41,1,1,0,1,0,0,0,1,0,0,0,1,0,0,0,0,0,0,0,0,0,0,0
data/audio_wav/040/040021.wav,41,1,1,0,1,0,0,0,1,0,0,0,1,0,0,0,0,0,0,0,0,0,0,0
data/audio_wav/040/040022.wav,41,1,1,0,1,0,0,0,1,0,0,0,1,0,0,0,0,0,0,0,0,0,0,0
data/audio_wav/040/040023.wav,41,1,1,0,1,0,0,0,1,0,0,0,1,0,0,0,0,0,0,0,0,0,0,0
data/audio_wav/040/040024.wav,41,1,1,0,1,0,0,0,1,0,0,0,1,0,0,0,0,0,0,0,0,0,0,0
data/audio_wav/040/040025.wav,41,1,1,0,1,0,0,0,1,0,0,0,1,0,0,0,0,0,0,0,0,0,0,0
data/audio_wav/040/040026.wav,41,1,1,0,1,0,0,0,1,0,0,0,1,0,0,0,0,0,0,0,0,0,0,0
data/audio_wav/040/040027.wav,41,1,1,0,1,0,0,0,1,0,0,0,1,0,0,0,0,0,0,0,0,0,0,0
data/audio_wav/040/040028.wav,41,1,1,0,1,0,0,0,1,0,0,0,1,0,0,0,0,0,0,0,0,0,0,0
data/audio_wav/040/040029.wav,41,1,1,0,1,0,0,0,1,0,0,0,1,0,0,0,0,0,0,0,0,0,0,0
data/audio_wav/040/040030.wav,41,1,1,0,1,0,0,0,1,0,0,0,1,0,0,0,0,0,0,0,0,0,0,0
data/audio_wav/040/040031.wav,41,1,1,0,1,0,0,0,1,0,0,0,1,0,0,0,0,0,0,0,0,0,0,0
data/audio_wav/040/040032.wav,41,1,1,0,1,0,0,0,1,0,0,0,1,0,0,0,0,0,0,0,0,0,0,0
data/audio_wav/040/040033.wav,41,1,1,0,1,0,0,0,1,0,0,0,1,0,0,0,0,0,0,0,0,0,0,0
data/audio_wav/040/040034.wav,41,1,1,0,1,0,0,0,1,0,0,0,1,0,0,0,0,0,0,0,0,0,0,0
data/audio_wav/040/040035.wav,41,1,1,0,1,0,0,0,1,0,0,0,1,0,0,0,0,0,0,0,0,0,0,0
data/audio_wav/040/040036.wav,41,1,1,0,1,0,0,0,1,0,0,0,1,0,0,0,0,0,0,0,0,0,0,0
data/audio_wav/040/040037.wav,41,1,1,0,1,0,0,0,1,0,0,0,1,0,0,0,0,0,0,0,0,0,0,0
data/audio_wav/040/040038.wav,41,1,1,0,1,0,0,0,1,0,0,0,1,0,0,0,0,0,0,0,0,0,0,0
data/audio_wav/040/040039.wav,41,1,1,0,1,0,0,0,1,0,0,0,1,0,0,0,0,0,0,0,0,0,0,0
data/audio_wav/040/040040.wav,41,1,1,0,1,0,0,0,1,0,0,0,1,0,0,0,0,0,0,0,0,0,0,0
data/audio_wav/040/040041.wav,41,1,1,0,1,0,0,0,1,0,0,0,1,0,0,0,0,0,0,0,0,0,0,0
data/audio_wav/040/040042.wav,41,1,1,0,1,0,0,0,1,0,0,0,1,0,0,0,0,0,0,0,0,0,0,0
data/audio_wav/040/040043.wav,41,1,1,0,1,0,0,0,1,0,0,0,1,0,0,0,0,0,0,0,0,0,0,0
data/audio_wav/040/040044.wav,41,1,1,0,1,0,0,0,1,0,0,0,1,0,0,0,0,0,0,0,0,0,0,0
data/audio_wav/040/040045.wav,41,1,1,0,1,0,0,0,1,0,0,0,1,0,0,0,0,0,0,0,0,0,0,0
data/audio_wav/040/040046.wav,41,1,1,0,1,0,0,0,1,0,0,0,1,0,0,0,0,0,0,0,0,0,0,0
data/audio_wav/040/040047.wav,41,1,1,0,1,0,0,0,1,0,0,0,1,0,0,0,0,0,0,0,0,0,0,0
data/audio_wav/040/040048.wav,41,1,1,0,1,0,0,0,1,0,0,0,1,0,0,0,0,0,0,0,0,0,0,0
data/audio_wav/040/040049.wav,41,1,1,0,1,0,0,0,1,0,0,0,1,0,0,0,0,0,0,0,0,0,0,0
data/audio_wav/041/041000.wav,42,1,1,0,1,0,0,0,1,0,0,0,0,1,0,0,0,0,0,0,0,0,0,0
data/audio_wav/041/041001.wav,42,1,1,0,1,0,0,0,1,0,0,0,0,1,0,0,0,0,0,0,0,0,0,0
data/audio_wav/041/041002.wav,42,1,1,0,1,0,0,0,1,0,0,0,0,1,0,0,0,0,0,0,0,0,0,0
data/audio_wav/041/041003.wav,42,1,1,0,1,0,0,0,1,0,0,0,0,1,0,0,0,0,0,0,0,0,0,0
data/audio_wav/041/041004.wav,42,1,1,0,1,0,0,0,1,0,0,0,0,1,0,0,0,0,0,0,0,0,0,0
data/audio_wav/041/041005.wav,42,1,1,0,1,0,0,0,1,0,0,0,0,1,0,0,0,0,0,0,0,0,0,0
data/audio_wav/041/041006.wav,42,1,1,0,1,0,0,0,1,0,0,0,0,1,0,0,0,0,0,0,0,0,0,0
data/audio_wav/041/041007.wav,42,1,1,0,1,0,0,0,1,0,0,0,0,1,0,0,0,0,0,0,0,0,0,0
data/audio_wav/041/041008.wav,42,1,1,0,1,0,0,0,1,0,0,0,0,1,0,0,0,0,0,0,0,0,0,0
data/audio_wav/041/041009.wav,42,1,1,0,1,0,0,0,1,0,0,0,0,1,0,0,0,0,0,0,0,0,0,0
data/audio_wav/041/041010.wav,42,1,1,0,1,0,0,0,1,0,0,0,0,1,0,0,0,0,0,0,0,0,0,0
data/audio_wav/041/041011.wav,42,1,1,0,1,0,0,0,1,0,0,0,0,1,0,0,0,0,0,0,0,0,0,0
data/audio_wav/041/041012.wav,42,1,1,0,1,0,0,0,1,0,0,0,0,1,0,0,0,0,0,0,0,0,0,0
data/audio_wav/041/041013.wav,42,1,1,0,1,0,0,0,1,0,0,0,0,1,0,0,0,0,0,0,0,0,0,0
data/audio_wav/041/041014.wav,42,1,1,0,1,0,0,0,1,0,0,0,0,1,0,0,0,0,0,0,0,0,0,0
data/audio_wav/041/041015.wav,42,1,1,0,1,0,0,0,1,0,0,0,0,1,0,0,0,0,0,0,0,0,0,0
data/audio_wav/041/041016.wav,42,1,1,0,1,0,0,0,1,0,0,0,0,1,0,0,0,0,0,0,0,0,0,0
data/audio_wav/041/041017.wav,42,1,1,0,1,0,0,0,1,0,0,0,0,1,0,0,0,0,0,0,0,0,0,0
data/audio_wav/041/041018.wav,42,1,1,0,1,0,0,0,1,0,0,0,0,1,0,0,0,0,0,0,0,0,0,0
data/audio_wav/041/041019.wav,42,1,1,0,1,0,0,0,1,0,0,0,0,1,0,0,0,0,0,0,0,0,0,0
data/audio_wav/041/041020.wav,42,1,1,0,1,0,0,0,1,0,0,0,0,1,0,0,0,0,0,0,0,0,0,0
data/audio_wav/041/041021.wav,42,1,1,0,1,0,0,0,1,0,0,0,0,1,0,0,0,0,0,0,0,0,0,0
data/audio_wav/041/041022.wav,42,1,1,0,1,0,0,0,1,0,0,0,0,1,0,0,0,0,0,0,0,0,0,0
data/audio_wav/041/041023.wav,42,1,1,0,1,0,0,0,1,0,0,0,0,1,0,0,0,0,0,0,0,0,0,0
data/audio_wav/041/041024.wav,42,1,1,0,1,0,0,0,1,0,0,0,0,1,0,0,0,0,0,0,0,0,0,0
data/audio_wav/041/041025.wav,42,1,1,0,1,0,0,0,1,0,0,0,0,1,0,0,0,0,0,0,0,0,0,0
data/audio_wav/041/041026.wav,42,1,1,0,1,0,0,0,1,0,0,0,0,1,0,0,0,0,0,0,0,0,0,0
data/audio_wav/041/041027.wav,42,1,1,0,1,0,0,0,1,0,0,0,0,1,0,0,0,0,0,0,0,0,0,0
data/audio_wav/041/041028.wav,42,1,1,0,1,0,0,0,1,0,0,0,0,1,0,0,0,0,0,0,0,0,0,0
data/audio_wav/041/041029.wav,42,1,1,0,1,0,0,0,1,0,0,0,0,1,0,0,0,0,0,0,0,0,0,0
data/audio_wav/041/041030.wav,42,1,1,0,1,0,0,0,1,0,0,0,0,1,0,0,0,0,0,0,0,0,0,0
data/audio_wav/041/041031.wav,42,1,1,0,1,0,0,0,1,0,0,0,0,1,0,0,0,0,0,0,0,0,0,0
data/audio_wav/041/041032.wav,42,1,1,0,1,0,0,0,1,0,0,0,0,1,0,0,0,0,0,0,0,0,0,0
data/audio_wav/041/041033.wav,42,1,1,0,1,0,0,0,1,0,0,0,0,1,0,0,0,0,0,0,0,0,0,0
data/audio_wav/041/041034.wav,42,1,1,0,1,0,0,0,1,0,0,0,0,1,0,0,0,0,0,0,0,0,0,0
data/audio_wav/041/041035.wav,42,1,1,0,1,0,0,0,1,0,0,0,0,1,0,0,0,0,0,0,0,0,0,0
data/audio_wav/041/041036.wav,42,1,1,0,1,0,0,0,1,0,0,0,0,1,0,0,0,0,0,0,0,0,0,0
data/audio_wav/041/041037.wav,42,1,1,0,1,0,0,0,1,0,0,0,0,1,0,0,0,0,0,0,0,0,0,0
data/audio_wav/041/041038.wav,42,1,1,0,1,0,0,0,1,0,0,0,0,1,0,0,0,0,0,0,0,0,0,0
data/audio_wav/041/041039.wav,42,1,1,0,1,0,0,0,1,0,0,0,0,1,0,0,0,0,0,0,0,0,0,0
data/audio_wav/041/041040.wav,42,1,1,0,1,0,0,0,1,0,0,0,0,1,0,0,0,0,0,0,0,0,0,0
data/audio_wav/041/041041.wav,42,1,1,0,1,0,0,0,1,0,0,0,0,1,0,0,0,0,0,0,0,0,0,0
data/audio_wav/041/041042.wav,42,1,1,0,1,0,0,0,1,0,0,0,0,1,0,0,0,0,0,0,0,0,0,0
data/audio_wav/041/041043.wav,42,1,1,0,1,0,0,0,1,0,0,0,0,1,0,0,0,0,0,0,0,0,0,0
data/audio_wav/041/041044.wav,42,1,1,0,1,0,0,0,1,0,0,0,0,1,0,0,0,0,0,0,0,0,0,0
data/audio_wav/041/041045.wav,42,1,1,0,1,0,0,0,1,0,0,0,0,1,0,0,0,0,0,0,0,0,0,0
data/audio_wav/041/041046.wav,42,1,1,0,1,0,0,0,1,0,0,0,0,1,0,0,0,0,0,0,0,0,0,0
data/audio_wav/041/041047.wav,42,1,1,0,1,0,0,0,1,0,0,0,0,1,0,0,0,0,0,0,0,0,0,0
data/audio_wav/041/041048.wav,42,1,1,0,1,0,0,0,1,0,0,0,0,1,0,0,0,0,0,0,0,0,0,0
data/audio_wav/041/041049.wav,42,1,1,0,1,0,0,0,1,0,0,0,0,1,0,0,0,0,0,0,0,0,0,0
data/audio_wav/042/042000.wav,43,1,2,0,1,0,0,0,1,0,0,0,0,0,1,0,0,0,0,0,0,0,0,0
data/audio_wav/042/042001.wav,43,1,2,0,1,0,0,0,1,0,0,0,0,0,1,0,0,0,0,0,0,0,0,0
data/audio_wav/042/042002.wav,43,1,2,0,1,0,0,0,1,0,0,0,0,0,1,0,0,0,0,0,0,0,0,0
data/audio_wav/042/042003.wav,43,1,2,0,1,0,0,0,1,0,0,0,0,0,1,0,0,0,0,0,0,0,0,0
data/audio_wav/042/042004.wav,43,1,2,0,1,0,0,0,1,0,0,0,0,0,1,0,0,0,0,0,0,0,0,0
data/audio_wav/042/042005.wav,43,1,2,0,1,0,0,0,1,0,0,0,0,0,1,0,0,0,0,0,0,0,0,0
data/audio_wav/042/042006.wav,43,1,2,0,1,0,0,0,1,0,0,0,0,0,1,0,0,0,0,0,0,0,0,0
data/audio_wav/042/042007.wav,43,1,2,0,1,0,0,0,1,0,0,0,0,0,1,0,0,0,0,0,0,0,0,0
data/audio_wav/042/042008.wav,43,1,2,0,1,0,0,0,1,0,0,0,0,0,1,0,0,0,0,0,0,0,0,0
data/audio_wav/042/042009.wav,43,1,2,0,1,0,0,0,1,0,0,0,0,0,1,0,0,0,0,0,0,0,0,0
data/audio_wav/042/042010.wav,43,1,2,0,1,0,0,0,1,0,0,0,0,0,1,0,0,0,0,0,0,0,0,0
data/audio_wav/042/042011.wav,43,1,2,0,1,0,0,0,1,0,0,0,0,0,1,0,0,0,0,0,0,0,0,0
data/audio_wav/042/042012.wav,43,1,2,0,1,0,0,0,1,0,0,0,0,0,1,0,0,0,0,0,0,0,0,0
data/audio_wav/042/042013.wav,43,1,2,0,1,0,0,0,1,0,0,0,0,0,1,0,0,0,0,0,0,0,0,0
data/audio_wav/042/042014.wav,43,1,2,0,1,0,0,0,1,0,0,0,0,0,1,0,0,0,0,0,0,0,0,0
data/audio_wav/042/042015.wav,43,1,2,0,1,0,0,0,1,0,0,0,0,0,1,0,0,0,0,0,0,0,0,0
data/audio_wav/042/042016.wav,43,1,2,0,1,0,0,0,1,0,0,0,0,0,1,0,0,0,0,0,0,0,0,0
data/audio_wav/042/042017.wav,43,1,2,0,1,0,0,0,1,0,0,0,0,0,1,0,0,0,0,0,0,0,0,0
data/audio_wav/042/042018.wav,43,1,2,0,1,0,0,0,1,0,0,0,0,0,1,0,0,0,0,0,0,0,0,0
data/audio_wav/042/042019.wav,43,1,2,0,1,0,0,0,1,0,0,0,0,0,1,0,0,0,0,0,0,0,0,0
data/audio_wav/042/042020.wav,43,1,2,0,1,0,0,0,1,0,0,0,0,0,1,0,0,0,0,0,0,0,0,0
data/audio_wav/042/042021.wav,43,1,2,0,1,0,0,0,1,0,0,0,0,0,1,0,0,0,0,0,0,0,0,0
data/audio_wav/042/042022.wav,43,1,2,0,1,0,0,0,1,0,0,0,0,0,1,0,0,0,0,0,0,0,0,0
data/audio_wav/042/042023.wav,43,1,2,0,1,0,0,0,1,0,0,0,0,0,1,0,0,0,0,0,0,0,0,0
data/audio_wav/042/042024.wav,43,1,2,0,1,0,0,0,1,0,0,0,0,0,1,0,0,0,0,0,0,0,0,0
data/audio_wav/042/042025.wav,43,1,2,0,1,0,0,0,1,0,0,0,0,0,1,0,0,0,0,0,0,0,0,0
data/audio_wav/042/042026.wav,43,1,2,0,1,0,0,0,1,0,0,0,0,0,1,0,0,0,0,0,0,0,0,0
data/audio_wav/042/042027.wav,43,1,2,0,1,0,0,0,1,0,0,0,0,0,1,0,0,0,0,0,0,0,0,0
data/audio_wav/042/042028.wav,43,1,2,0,1,0,0,0,1,0,0,0,0,0,1,0,0,0,0,0,0,0,0,0
data/audio_wav/042/042029.wav,43,1,2,0,1,0,0,0,1,0,0,0,0,0,1,0,0,0,0,0,0,0,0,0
data/audio_wav/042/042030.wav,43,1,2,0,1,0,0,0,1,0,0,0,0,0,1,0,0,0,0,0,0,0,0,0
data/audio_wav/042/042031.wav,43,1,2,0,1,0,0,0,1,0,0,0,0,0,1,0,0,0,0,0,0,0,0,0
data/audio_wav/042/042032.wav,43,1,2,0,1,0,0,0,1,0,0,0,0,0,1,0,0,0,0,0,0,0,0,0
data/audio_wav/042/042033.wav,43,1,2,0,1,0,0,0,1,0,0,0,0,0,1,0,0,0,0,0,0,0,0,0
data/audio_wav/042/042034.wav,43,1,2,0,1,0,0,0,1,0,0,0,0,0,1,0,0,0,0,0,0,0,0,0
data/audio_wav/042/042035.wav,43,1,2,0,1,0,0,0,1,0,0,0,0,0,1,0,0,0,0,0,0,0,0,0
data/audio_wav/042/042036.wav,43,1,2,0,1,0,0,0,1,0,0,0,0,0,1,0,0,0,0,0,0,0,0,0
data/audio_wav/042/042037.wav,43,1,2,0,1,0,0,0,1,0,0,0,0,0,1,0,0,0,0,0,0,0,0,0
data/audio_wav/042/042038.wav,43,1,2,0,1,0,0,0,1,0,0,0,0,0,1,0,0,0,0,0,0,0,0,0
data/audio_wav/042/042039.wav,43,1,2,0,1,0,0,0,1,0,0,0,0,0,1,0,0,0,0,0,0,0,0,0
data/audio_wav/042/042040.wav,43,1,2,0,1,0,0,0,1,0,0,0,0,0,1,0,0,0,0,0,0,0,0,0
data/audio_wav/042/042041.wav,43,1,2,0,1,0,0,0,1,0,0,0,0,0,1,0,0,0,0,0,0,0,0,0
data/audio_wav/042/042042.wav,43,1,2,0,1,0,0,0,1,0,0,0,0,0,1,0,0,0,0,0,0,0,0,0
data/audio_wav/042/042043.wav,43,1,2,0,1,0,0,0,1,0,0,0,0,0,1,0,0,0,0,0,0,0,0,0
data/audio_wav/042/042044.wav,43,1,2,0,1,0,0,0,1,0,0,0,0,0,1,0,0,0,0,0,0,0,0,0
data/audio_wav/042/042045.wav,43,1,2,0,1,0,0,0,1,0,0,0,0,0,1,0,0,0,0,0,0,0,0,0
data/audio_wav/042/042046.wav,43,1,2,0,1,0,0,0,1,0,0,0,0,0,1,0,0,0,0,0,0,0,0,0
data/audio_wav/042/042047.wav,43,1,2,0,1,0,0,0,1,0,0,0,0,0,1,0,0,0,0,0,0,0,0,0
data/audio_wav/042/042048.wav,43,1,2,0,1,0,0,0,1,0,0,0,0,0,1,0,0,0,0,0,0,0,0,0
data/audio_wav/042/042049.wav,43,1,2,0,1,0,0,0,1,0,0,0,0,0,1,0,0,0,0,0,0,0,0,0
data/audio_wav/043/043000.wav,44,1,2,0,1,0,0,0,1,0,0,0,0,0,0,1,0,0,0,0,0,0,0,0
data/audio_wav/043/043001.wav,44,1,2,0,1,0,0,0,1,0,0,0,0,0,0,1,0,0,0,0,0,0,0,0
data/audio_wav/043/043002.wav,44,1,2,0,1,0,0,0,1,0,0,0,0,0,0,1,0,0,0,0,0,0,0,0
data/audio_wav/043/043003.wav,44,1,2,0,1,0,0,0,1,0,0,0,0,0,0,1,0,0,0,0,0,0,0,0
data/audio_wav/043/043004.wav,44,1,2,0,1,0,0,0,1,0,0,0,0,0,0,1,0,0,0,0,0,0,0,0
data/audio_wav/043/043005.wav,44,1,2,0,1,0,0,0,1,0,0,0,0,0,0,1,0,0,0,0,0,0,0,0
data/audio_wav/043/043006.wav,44,1,2,0,1,0,0,0,1,0,0,0,0,0,0,1,0,0,0,0,0,0,0,0
data/audio_wav/043/043007.wav,44,1,2,0,1,0,0,0,1,0,0,0,0,0,0,1,0,0,0,0,0,0,0,0
data/audio_wav/043/043008.wav,44,1,2,0,1,0,0,0,1,0,0,0,0,0,0,1,0,0,0,0,0,0,0,0
data/audio_wav/043/043009.wav,44,1,2,0,1,0,0,0,1,0,0,0,0,0,0,1,0,0,0,0,0,0,0,0
data/audio_wav/043/043010.wav,44,1,2,0,1,0,0,0,1,0,0,0,0,0,0,1,0,0,0,0,0,0,0,0
data/audio_wav/043/043011.wav,44,1,2,0,1,0,0,0,1,0,0,0,0,0,0,1,0,0,0,0,0,0,0,0
data/audio_wav/043/043012.wav,44,1,2,0,1,0,0,0,1,0,0,0,0,0,0,1,0,0,0,0,0,0,0,0
data/audio_wav/043/043013.wav,44,1,2,0,1,0,0,0,1,0,0,0,0,0,0,1,0,0,0,0,0,0,0,0
data/audio_wav/043/043014.wav,44,1,2,0,1,0,0,0,1,0,0,0,0,0,0,1,0,0,0,0,0,0,0,0
data/audio_wav/043/043015.wav,44,1,2,0,1,0,0,0,1,0,0,0,0,0,0,1,0,0,0,0,0,0,0,0
data/audio_wav/043/043016.wav,44,1,2,0,1,0,0,0,1,0,0,0,0,0,0,1,0,0,0,0,0,0,0,0
data/audio_wav/043/043017.wav,44,1,2,0,1,0,0,0,1,0,0,0,0,0,0,1,0,0,0,0,0,0,0,0
data/audio_wav/043/043018.wav,44,1,2,0,1,0,0,0,1,0,0,0,0,0,0,1,0,0,0,0,0,0,0,0
data/audio_wav/043/043019.wav,44,1,2,0,1,0,0,0,1,0,0,0,0,0,0,1,0,0,0,0,0,0,0,0
data/audio_wav/043/043020.wav,44,1,2,0,1,0,0,0,1,0,0,0,0,0,0,1,0,0,0,0,0,0,0,0
data/audio_wav/043/043021.wav,44,1,2,0,1,0,0,0,1,0,0,0,0,0,0,1,0,0,0,0,0,0,0,0
data/audio_wav/043/043022.wav,44,1,2,0,1,0,0,0,1,0,0,0,0,0,0,1,0,0,0,0,0,0,0,0
data/audio_wav/043/043023.wav,44,1,2,0,1,0,0,0,1,0,0,0,0,0,0,1,0,0,0,0,0,0,0,0
data/audio_wav/043/043024.wav,44,1,2,0,1,0,0,0,1,0,0,0,0,0,0,1,0,0,0,0,0,0,0,0
data/audio_wav/043/043025.wav,44,1,2,0,1,0,0,0,1,0,0,0,0,0,0,1,0,0,0,0,0,0,0,0
data/audio_wav/043/043026.wav,44,1,2,0,1,0,0,0,1,0,0,0,0,0,0,1,0,0,0,0,0,0,0,0
data/audio_wav/043/043027.wav,44,1,2,0,1,0,0,0,1,0,0,0,0,0,0,1,0,0,0,0,0,0,0,0
data/audio_wav/043/043028.wav,44,1,2,0,1,0,0,0,1,0,0,0,0,0,0,1,0,0,0,0,0,0,0,0
data/audio_wav/043/043029.wav,44,1,2,0,1,0,0,0,1,0,0,0,0,0,0,1,0,0,0,0,0,0,0,0
data/audio_wav/043/043030.wav,44,1,2,0,1,0,0,0,1,0,0,0,0,0,0,1,0,0,0,0,0,0,0,0
data/audio_wav/043/043031.wav,44,1,2,0,1,0,0,0,1,0,0,0,0,0,0,1,0,0,0,0,0,0,0,0
data/audio_wav/043/043032.wav,44,1,2,0,1,0,0,0,1,0,0,0,0,0,0,1,0,0,0,0,0,0,0,0
data/audio_wav/043/043033.wav,44,1,2,0,1,0,0,0,1,0,0,0,0,0,0,1,0,0,0,0,0,0,0,0
data/audio_wav/043/043034.wav,44,1,2,0,1,0,0,0,1,0,0,0,0,0,0,1,0,0,0,0,0,0,0,0
data/audio_wav/043/043035.wav,44,1,2,0,1,0,0,0,1,0,0,0,0,0,0,1,0,0,0,0,0,0,0,0
data/audio_wav/043/043036.wav,44,1,2,0,1,0,0,0,1,0,0,0,0,0,0,1,0,0,0,0,0,0,0,0
data/audio_wav/043/043037.wav,44,1,2,0,1,0,0,0,1,0,0,0,0,0,0,1,0,0,0,0,0,0,0,0
data/audio_wav/043/043038.wav,44,1,2,0,1,0,0,0,1,0,0,0,0,0,0,1,0,0,0,0,0,0,0,0
data/audio_wav/043/043039.wav,44,1,2,0,1,0,0,0,1,0,0,0,0,0,0,1,0,0,0,0,0,0,0,0
data/audio_wav/043/043040.wav,44,1,2,0,1,0,0,0,1,0,0,0,0,0,0,1,0,0,0,0,0,0,0,0
data/audio_wav/043/043041.wav,44,1,2,0,1,0,0,0,1,0,0,0,0,0,0,1,0,0,0,0,0,0,0,0
data/audio_wav/043/043042.wav,44,1,2,0,1,0,0,0,1,0,0,0,0,0,0,1,0,0,0,0,0,0,0,0
data/audio_wav/043/043043.wav,44,1,2,0,1,0,0,0,1,0,0,0,0,0,0,1,0,0,0,0,0,0,0,0
data/audio_wav/043/043044.wav,44,1,2,0,1,0,0,0,1,0,0,0,0,0,0,1,0,0,0,0,0,0,0,0
data/audio_wav/043/043045.wav,44,1,2,0,1,0,0,0,1,0,0,0,0,0,0,1,0,0,0,0,0,0,0,0
data/audio_wav/043/043046.wav,44,1,2,0,1,0,0,0,1,0,0,0,0,0,0,1,0,0,0,0,0,0,0,0
data/audio_wav/043/043047.wav,44,1,2,0,1,0,0,0,1,0,0,0,0,0,0,1,0,0,0,0,0,0,0,0
data/audio_wav/043/043048.wav,44,1,2,0,1,0,0,0,1,0,0,0,0,0,0,1,0,0,0,0,0,0,0,0
data/audio_wav/043/043049.wav,44,1,2,0,1,0,0,0,1,0,0,0,0,0,0,1,0,0,0,0,0,0,0,0
data/audio_wav/044/044000.wav,45,1,1,0,1,0,0,0,1,0,0,0,0,0,0,0,1,0,0,0,0,0,0,0
data/audio_wav/044/044001.wav,45,1,1,0,1,0,0,0,1,0,0,0,0,0,0,0,1,0,0,0,0,0,0,0
data/audio_wav/044/044002.wav,45,1,1,0,1,0,0,0,1,0,0,0,0,0,0,0,1,0,0,0,0,0,0,0
data/audio_wav/044/044003.wav,45,1,1,0,1,0,0,0,1,0,0,0,0,0,0,0,1,0,0,0,0,0,0,0
data/audio_wav/044/044004.wav,45,1,1,0,1,0,0,0,1,0,0,0,0,0,0,0,1,0,0,0,0,0,0,0
data/audio_wav/044/044005.wav,45,1,1,0,1,0,0,0,1,0,0,0,0,0,0,0,1,0,0,0,0,0,0,0
data/audio_wav/044/044006.wav,45,1,1,0,1,0,0,0,1,0,0,0,0,0,0,0,1,0,0,0,0,0,0,0
data/audio_wav/044/044007.wav,45,1,1,0,1,0,0,0,1,0,0,0,0,0,0,0,1,0,0,0,0,0,0,0
data/audio_wav/044/044008.wav,45,1,1,0,1,0,0,0,1,0,0,0,0,0,0,0,1,0,0,0,0,0,0,0
data/audio_wav/044/044009.wav,45,1,1,0,1,0,0,0,1,0,0,0,0,0,0,0,1,0,0,0,0,0,0,0
data/audio_wav/044/044010.wav,45,1,1,0,1,0,0,0,1,0,0,0,0,0,0,0,1,0,0,0,0,0,0,0
data/audio_wav/044/044011.wav,45,1,1,0,1,0,0,0,1,0,0,0,0,0,0,0,1,0,0,0,0,0,0,0
data/audio_wav/044/044012.wav,45,1,1,0,1,0,0,0,1,0,0,0,0,0,0,0,1,0,0,0,0,0,0,0
data/audio_wav/044/044013.wav,45,1,1,0,1,0,0,0,1,0,0,0,0,0,0,0,1,0,0,0,0,0,0,0
data/audio_wav/044/044014.wav,45,1,1,0,1,0,0,0,1,0,0,0,0,0,0,0,1,0,0,0,0,0,0,0
data/audio_wav/044/044015.wav,45,1,1,0,1,0,0,0,1,0,0,0,0,0,0,0,1,0,0,0,0,0,0,0
data/audio_wav/044/044016.wav,45,1,1,0,1,0,0,0,1,0,0,0,0,0,0,0,1,0,0,0,0,0,0,0
data/audio_wav/044/044017.wav,45,1,1,0,1,0,0,0,1,0,0,0,0,0,0,0,1,0,0,0,0,0,0,0
data/audio_wav/044/044018.wav,45,1,1,0,1,0,0,0,1,0,0,0,0,0,0,0,1,0,0,0,0,0,0,0
data/audio_wav/044/044019.wav,45,1,1,0,1,0,0,0,1,0,0,0,0,0,0,0,1,0,0,0,0,0,0,0
data/audio_wav/044/044020.wav,45,1,1,0,1,0,0,0,1,0,0,0,0,0,0,0,1,0,0,0,0,0,0,0
data/audio_wav/044/044021.wav,45,1,1,0,1,0,0,0,1,0,0,0,0,0,0,0,1,0,0,0,0,0,0,0
data/audio_wav/044/044022.wav,45,1,1,0,1,0,0,0,1,0,0,0,0,0,0,0,1,0,0,0,0,0,0,0
data/audio_wav/044/044023.wav,45,1,1,0,1,0,0,0,1,0,0,0,0,0,0,0,1,0,0,0,0,0,0,0
data/audio_wav/044/044024.wav,45,1,1,0,1,0,0,0,1,0,0,0,0,0,0,0,1,0,0,0,0,0,0,0
data/audio_wav/044/044025.wav,45,1,1,0,1,0,0,0,1,0,0,0,0,0,0,0,1,0,0,0,0,0,0,0
data/audio_wav/044/044026.wav,45,1,1,0,1,0,0,0,1,0,0,0,0,0,0,0,1,0,0,0,0,0,0,0
data/audio_wav/044/044027.wav,45,1,1,0,1,0,0,0,1,0,0,0,0,0,0,0,1,0,0,0,0,0,0,0
data/audio_wav/044/044028.wav,45,1,1,0,1,0,0,0,1,0,0,0,0,0,0,0,1,0,0,0,0,0,0,0
data/audio_wav/044/044029.wav,45,1,1,0,1,0,0,0,1,0,0,0,0,0,0,0,1,0,0,0,0,0,0,0
data/audio_wav/044/044030.wav,45,1,1,0,1,0,0,0,1,0,0,0,0,0,0,0,1,0,0,0,0,0,0,0
data/audio_wav/044/044031.wav,45,1,1,0,1,0,0,0,1,0,0,0,0,0,0,0,1,0,0,0,0,0,0,0
data/audio_wav/044/044032.wav,45,1,1,0,1,0,0,0,1,0,0,0,0,0,0,0,1,0,0,0,0,0,0,0
data/audio_wav/044/044033.wav,45,1,1,0,1,0,0,0,1,0,0,0,0,0,0,0,1,0,0,0,0,0,0,0
data/audio_wav/044/044034.wav,45,1,1,0,1,0,0,0,1,0,0,0,0,0,0,0,1,0,0,0,0,0,0,0
data/audio_wav/044/044035.wav,45,1,1,0,1,0,0,0,1,0,0,0,0,0,0,0,1,0,0,0,0,0,0,0
data/audio_wav/044/044036.wav,45,1,1,0,1,0,0,0,1,0,0,0,0,0,0,0,1,0,0,0,0,0,0,0
data/audio_wav/044/044037.wav,45,1,1,0,1,0,0,0,1,0,0,0,0,0,0,0,1,0,0,0,0,0,0,0
data/audio_wav/044/044038.wav,45,1,1,0,1,0,0,0,1,0,0,0,0,0,0,0,1,0,0,0,0,0,0,0
data/audio_wav/044/044039.wav,45,1,1,0,1,0,0,0,1,0,0,0,0,0,0,0,1,0,0,0,0,0,0,0
data/audio_wav/044/044040.wav,45,1,1,0,1,0,0,0,1,0,0,0,0,0,0,0,1,0,0,0,0,0,0,0
data/audio_wav/044/044041.wav,45,1,1,0,1,0,0,0,1,0,0,0,0,0,0,0,1,0,0,0,0,0,0,0
data/audio_wav/044/044042.wav,45,1,1,0,1,0,0,0,1,0,0,0,0,0,0,0,1,0,0,0,0,0,0,0
data/audio_wav/044/044043.wav,45,1,1,0,1,0,0,0,1,0,0,0,0,0,0,0,1,0,0,0,0,0,0,0
data/audio_wav/044/044044.wav,45,1,1,0,1,0,0,0,1,0,0,0,0,0,0,0,1,0,0,0,0,0,0,0
data/audio_wav/044/044045.wav,45,1,1,0,1,0,0,0,1,0,0,0,0,0,0,0,1,0,0,0,0,0,0,0
data/audio_wav/044/044046.wav,45,1,1,0,1,0,0,0,1,0,0,0,0,0,0,0,1,0,0,0,0,0,0,0
data/audio_wav/044/044047.wav,45,1,1,0,1,0,0,0,1,0,0,0,0,0,0,0,1,0,0,0,0,0,0,0
data/audio_wav/044/044048.wav,45,1,1,0,1,0,0,0,1,0,0,0,0,0,0,0,1,0,0,0,0,0,0,0
data/audio_wav/044/044049.wav,45,1,1,0,1,0,0,0,1,0,0,0,0,0,0,0,1,0,0,0,0,0,0,0
data/audio_wav/045/045000.wav,46,0,0,0,1,0,0,0,1,0,0,0,0,0,0,0,0,1,0,0,0,0,0,0
data/audio_wav/045/045001.wav,46,0,0,0,1,0,0,0,1,0,0,0,0,0,0,0,0,1,0,0,0,0,0,0
data/audio_wav/045/045002.wav,46,0,0,0,1,0,0,0,1,0,0,0,0,0,0,0,0,1,0,0,0,0,0,0
data/audio_wav/045/045003.wav,46,0,0,0,1,0,0,0,1,0,0,0,0,0,0,0,0,1,0,0,0,0,0,0
data/audio_wav/045/045004.wav,46,0,0,0,1,0,0,0,1,0,0,0,0,0,0,0,0,1,0,0,0,0,0,0
data/audio_wav/045/045005.wav,46,0,0,0,1,0,0,0,1,0,0,0,0,0,0,0,0,1,0,0,0,0,0,0
data/audio_wav/045/045006.wav,46,0,0,0,1,0,0,0,1,0,0,0,0,0,0,0,0,1,0,0,0,0,0,0
data/audio_wav/045/045007.wav,46,0,0,0,1,0,0,0,1,0,0,0,0,0,0,0,0,1,0,0,0,0,0,0
data/audio_wav/045/045008.wav,46,0,0,0,1,0,0,0,1,0,0,0,0,0,0,0,0,1,0,0,0,0,0,0
data/audio_wav/045/045009.wav,46,0,0,0,1,0,0,0,1,0,0,0,0,0,0,0,0,1,0,0,0,0,0,0
data/audio_wav/045/045010.wav,46,0,0,0,1,0,0,0,1,0,0,0,0,0,0,0,0,1,0,0,0,0,0,0
data/audio_wav/045/045011.wav,46,0,0,0,1,0,0,0,1,0,0,0,0,0,0,0,0,1,0,0,0,0,0,0
data/audio_wav/045/045012.wav,46,0,0,0,1,0,0,0,1,0,0,0,0,0,0,0,0,1,0,0,0,0,0,0
data/audio_wav/045/045013.wav,46,0,0,0,1,0,0,0,1,0,0,0,0,0,0,0,0,1,0,0,0,0,0,0
data/audio_wav/045/045014.wav,46,0,0,0,1,0,0,0,1,0,0,0,0,0,0,0,0,1,0,0,0,0,0,0
data/audio_wav/045/045015.wav,46,0,0,0,1,0,0,0,1,0,0,0,0,0,0,0,0,1,0,0,0,0,0,0
data/audio_wav/045/045016.wav,46,0,0,0,1,0,0,0,1,0,0,0,0,0,0,0,0,1,0,0,0,0,0,0
data/audio_wav/045/045017.wav,46,0,0,0,1,0,0,0,1,0,0,0,0,0,0,0,0,1,0,0,0,0,0,0
data/audio_wav/045/045018.wav,46,0,0,0,1,0,0,0,1,0,0,0,0,0,0,0,0,1,0,0,0,0,0,0
data/audio_wav/045/045019.wav,46,0,0,0,1,0,0,0,1,0,0,0,0,0,0,0,0,1,0,0,0,0,0,0
data/audio_wav/045/045020.wav,46,0,0,0,1,0,0,0,1,0,0,0,0,0,0,0,0,1,0,0,0,0,0,0
data/audio_wav/045/045021.wav,46,0,0,0,1,0,0,0,1,0,0,0,0,0,0,0,0,1,0,0,0,0,0,0
data/audio_wav/045/045022.wav,46,0,0,0,1,0,0,0,1,0,0,0,0,0,0,0,0,1,0,0,0,0,0,0
data/audio_wav/045/045023.wav,46,0,0,0,1,0,0,0,1,0,0,0,0,0,0,0,0,1,0,0,0,0,0,0
data/audio_wav/045/045024.wav,46,0,0,0,1,0,0,0,1,0,0,0,0,0,0,0,0,1,0,0,0,0,0,0
data/audio_wav/045/045025.wav,46,0,0,0,1,0,0,0,1,0,0,0,0,0,0,0,0,1,0,0,0,0,0,0
data/audio_wav/045/045026.wav,46,0,0,0,1,0,0,0,1,0,0,0,0,0,0,0,0,1,0,0,0,0,0,0
data/audio_wav/045/045027.wav,46,0,0,0,1,0,0,0,1,0,0,0,0,0,0,0,0,1,0,0,0,0,0,0
data/audio_wav/045/045028.wav,46,0,0,0,1,0,0,0,1,0,0,0,0,0,0,0,0,1,0,0,0,0,0,0
data/audio_wav/045/045029.wav,46,0,0,0,1,0,0,0,1,0,0,0,0,0,0,0,0,1,0,0,0,0,0,0
data/audio_wav/045/045030.wav,46,0,0,0,1,0,0,0,1,0,0,0,0,0,0,0,0,1,0,0,0,0,0,0
data/audio_wav/045/045031.wav,46,0,0,0,1,0,0,0,1,0,0,0,0,0,0,0,0,1,0,0,0,0,0,0
data/audio_wav/045/045032.wav,46,0,0,0,1,0,0,0,1,0,0,0,0,0,0,0,0,1,0,0,0,0,0,0
data/audio_wav/045/045033.wav,46,0,0,0,1,0,0,0,1,0,0,0,0,0,0,0,0,1,0,0,0,0,0,0
data/audio_wav/045/045034.wav,46,0,0,0,1,0,0,0,1,0,0,0,0,0,0,0,0,1,0,0,0,0,0,0
data/audio_wav/045/045035.wav,46,0,0,0,1,0,0,0,1,0,0,0,0,0,0,0,0,1,0,0,0,0,0,0
data/audio_wav/045/045036.wav,46,0,0,0,1,0,0,0,1,0,0,0,0,0,0,0,0,1,0,0,0,0,0,0
data/audio_wav/045/045037.wav,46,0,0,0,1,0,0,0,1,0,0,0,0,0,0,0,0,1,0,0,0,0,0,0
data/audio_wav/045/045038.wav,46,0,0,0,1,0,0,0,1,0,0,0,0,0,0,0,0,1,0,0,0,0,0,0
data/audio_wav/045/045039.wav,46,0,0,0,1,0,0,0,1,0,0,0,0,0,0,0,0,1,0,0,0,0,0,0
data/audio_wav/045/045040.wav,46,0,0,0,1,0,0,0,1,0,0,0,0,0,0,0,0,1,0,0,0,0,0,0
data/audio_wav/045/045041.wav,46,0,0,0,1,0,0,0,1,0,0,0,0,0,0,0,0,1,0,0,0,0,0,0
data/audio_wav/045/045042.wav,46,0,0,0,1,0,0,0,1,0,0,0,0,0,0,0,0,1,0,0,0,0,0,0
data/audio_wav/045/045043.wav,46,0,0,0,1,0,0,0,1,0,0,0,0,0,0,0,0,1,0,0,0,0,0,0
data/audio_wav/045/045044.wav,46,0,0,0,1,0,0,0,1,0,0,0,0,0,0,0,0,1,0,0,0,0,0,0
data/audio_wav/045/045045.wav,46,0,0,0,1,0,0,0,1,0,0,0,0,0,0,0,0,1,0,0,0,0,0,0
data/audio_wav/045/045046.wav,46,0,0,0,1,0,0,0,1,0,0,0,0,0,0,0,0,1,0,0,0,0,0,0
data/audio_wav/045/045047.wav,46,0,0,0,1,0,0,0,1,0,0,0,0,0,0,0,0,1,0,0,0,0,0,0
data/audio_wav/045/045048.wav,46,0,0,0,1,0,0,0,1,0,0,0,0,0,0,0,0,1,0,0,0,0,0,0
data/audio_wav/045/045049.wav,46,0,0,0,1,0,0,0,1,0,0,0,0,0,0,0,0,1,0,0,0,0,0,0
data/audio_wav/046/046000.wav,47,1,1,0,1,0,0,0,1,0,0,0,0,0,0,0,0,0,1,0,0,0,0,0
data/audio_wav/046/046001.wav,47,1,1,0,1,0,0,0,1,0,0,0,0,0,0,0,0,0,1,0,0,0,0,0
data/audio_wav/046/046002.wav,47,1,1,0,1,0,0,0,1,0,0,0,0,0,0,0,0,0,1,0,0,0,0,0
data/audio_wav/046/046003.wav,47,1,1,0,1,0,0,0,1,0,0,0,0,0,0,0,0,0,1,0,0,0,0,0
data/audio_wav/046/046004.wav,47,1,1,0,1,0,0,0,1,0,0,0,0,0,0,0,0,0,1,0,0,0,0,0
data/audio_wav/046/046005.wav,47,1,1,0,1,0,0,0,1,0,0,0,0,0,0,0,0,0,1,0,0,0,0,0
data/audio_wav/046/046006.wav,47,1,1,0,1,0,0,0,1,0,0,0,0,0,0,0,0,0,1,0,0,0,0,0
data/audio_wav/046/046007.wav,47,1,1,0,1,0,0,0,1,0,0,0,0,0,0,0,0,0,1,0,0,0,0,0
data/audio_wav/046/046008.wav,47,1,1,0,1,0,0,0,1,0,0,0,0,0,0,0,0,0,1,0,0,0,0,0
data/audio_wav/046/046009.wav,47,1,1,0,1,0,0,0,1,0,0,0,0,0,0,0,0,0,1,0,0,0,0,0
data/audio_wav/046/046010.wav,47,1,1,0,1,0,0,0,1,0,0,0,0,0,0,0,0,0,1,0,0,0,0,0
data/audio_wav/046/046011.wav,47,1,1,0,1,0,0,0,1,0,0,0,0,0,0,0,0,0,1,0,0,0,0,0
data/audio_wav/046/046012.wav,47,1,1,0,1,0,0,0,1,0,0,0,0,0,0,0,0,0,1,0,0,0,0,0
data/audio_wav/046/046013.wav,47,1,1,0,1,0,0,0,1,0,0,0,0,0,0,0,0,0,1,0,0,0,0,0
data/audio_wav/046/046014.wav,47,1,1,0,1,0,0,0,1,0,0,0,0,0,0,0,0,0,1,0,0,0,0,0
data/audio_wav/046/046015.wav,47,1,1,0,1,0,0,0,1,0,0,0,0,0,0,0,0,0,1,0,0,0,0,0
data/audio_wav/046/046016.wav,47,1,1,0,1,0,0,0,1,0,0,0,0,0,0,0,0,0,1,0,0,0,0,0
data/audio_wav/046/046017.wav,47,1,1,0,1,0,0,0,1,0,0,0,0,0,0,0,0,0,1,0,0,0,0,0
data/audio_wav/046/046018.wav,47,1,1,0,1,0,0,0,1,0,0,0,0,0,0,0,0,0,1,0,0,0,0,0
data/audio_wav/046/046019.wav,47,1,1,0,1,0,0,0,1,0,0,0,0,0,0,0,0,0,1,0,0,0,0,0
data/audio_wav/046/046020.wav,47,1,1,0,1,0,0,0,1,0,0,0,0,0,0,0,0,0,1,0,0,0,0,0
data/audio_wav/046/046021.wav,47,1,1,0,1,0,0,0,1,0,0,0,0,0,0,0,0,0,1,0,0,0,0,0
data/audio_wav/046/046022.wav,47,1,1,0,1,0,0,0,1,0,0,0,0,0,0,0,0,0,1,0,0,0,0,0
data/audio_wav/046/046023.wav,47,1,1,0,1,0,0,0,1,0,0,0,0,0,0,0,0,0,1,0,0,0,0,0
data/audio_wav/046/046024.wav,47,1,1,0,1,0,0,0,1,0,0,0,0,0,0,0,0,0,1,0,0,0,0,0
data/audio_wav/046/046025.wav,47,1,1,0,1,0,0,0,1,0,0,0,0,0,0,0,0,0,1,0,0,0,0,0
data/audio_wav/046/046026.wav,47,1,1,0,1,0,0,0,1,0,0,0,0,0,0,0,0,0,1,0,0,0,0,0
data/audio_wav/046/046027.wav,47,1,1,0,1,0,0,0,1,0,0,0,0,0,0,0,0,0,1,0,0,0,0,0
data/audio_wav/046/046028.wav,47,1,1,0,1,0,0,0,1,0,0,0,0,0,0,0,0,0,1,0,0,0,0,0
data/audio_wav/046/046029.wav,47,1,1,0,1,0,0,0,1,0,0,0,0,0,0,0,0,0,1,0,0,0,0,0
data/audio_wav/046/046030.wav,47,1,1,0,1,0,0,0,1,0,0,0,0,0,0,0,0,0,1,0,0,0,0,0
data/audio_wav/046/046031.wav,47,1,1,0,1,0,0,0,1,0,0,0,0,0,0,0,0,0,1,0,0,0,0,0
data/audio_wav/046/046032.wav,47,1,1,0,1,0,0,0,1,0,0,0,0,0,0,0,0,0,1,0,0,0,0,0
data/audio_wav/046/046033.wav,47,1,1,0,1,0,0,0,1,0,0,0,0,0,0,0,0,0,1,0,0,0,0,0
data/audio_wav/046/046034.wav,47,1,1,0,1,0,0,0,1,0,0,0,0,0,0,0,0,0,1,0,0,0,0,0
data/audio_wav/046/046035.wav,47,1,1,0,1,0,0,0,1,0,0,0,0,0,0,0,0,0,1,0,0,0,0,0
data/audio_wav/046/046036.wav,47,1,1,0,1,0,0,0,1,0,0,0,0,0,0,0,0,0,1,0,0,0,0,0
data/audio_wav/046/046037.wav,47,1,1,0,1,0,0,0,1,0,0,0,0,0,0,0,0,0,1,0,0,0,0,0
data/audio_wav/046/046038.wav,47,1,1,0,1,0,0,0,1,0,0,0,0,0,0,0,0,0,1,0,0,0,0,0
data/audio_wav/046/046039.wav,47,1,1,0,1,0,0,0,1,0,0,0,0,0,0,0,0,0,1,0,0,0,0,0
data/audio_wav/046/046040.wav,47,1,1,0,1,0,0,0,1,0,0,0,0,0,0,0,0,0,1,0,0,0,0,0
data/audio_wav/046/046041.wav,47,1,1,0,1,0,0,0,1,0,0,0,0,0,0,0,0,0,1,0,0,0,0,0
data/audio_wav/046/046042.wav,47,1,1,0,1,0,0,0,1,0,0,0,0,0,0,0,0,0,1,0,0,0,0,0
data/audio_wav/046/046043.wav,47,1,1,0,1,0,0,0,1,0,0,0,0,0,0,0,0,0,1,0,0,0,0,0
data/audio_wav/046/046044.wav,47,1,1,0,1,0,0,0,1,0,0,0,0,0,0,0,0,0,1,0,0,0,0,0
data/audio_wav/046/046045.wav,47,1,1,0,1,0,0,0,1,0,0,0,0,0,0,0,0,0,1,0,0,0,0,0
data/audio_wav/046/046046.wav,47,1,1,0,1,0,0,0,1,0,0,0,0,0,0,0,0,0,1,0,0,0,0,0
data/audio_wav/046/046047.wav,47,1,1,0,1,0,0,0,1,0,0,0,0,0,0,0,0,0,1,0,0,0,0,0
data/audio_wav/046/046048.wav,47,1,1,0,1,0,0,0,1,0,0,0,0,0,0,0,0,0,1,0,0,0,0,0
data/audio_wav/046/046049.wav,47,1,1,0,1,0,0,0,1,0,0,0,0,0,0,0,0,0,1,0,0,0,0,0
data/audio_wav/047/047000.wav,48,0,0,0,1,0,0,0,1,0,0,0,0,0,0,0,0,0,0,1,0,0,0,0
data/audio_wav/047/047001.wav,48,0,0,0,1,0,0,0,1,0,0,0,0,0,0,0,0,0,0,1,0,0,0,0
data/audio_wav/047/047002.wav,48,0,0,0,1,0,0,0,1,0,0,0,0,0,0,0,0,0,0,1,0,0,0,0
data/audio_wav/047/047003.wav,48,0,0,0,1,0,0,0,1,0,0,0,0,0,0,0,0,0,0,1,0,0,0,0
data/audio_wav/047/047004.wav,48,0,0,0,1,0,0,0,1,0,0,0,0,0,0,0,0,0,0,1,0,0,0,0
data/audio_wav/047/047005.wav,48,0,0,0,1,0,0,0,1,0,0,0,0,0,0,0,0,0,0,1,0,0,0,0
data/audio_wav/047/047006.wav,48,0,0,0,1,0,0,0,1,0,0,0,0,0,0,0,0,0,0,1,0,0,0,0
data/audio_wav/047/047007.wav,48,0,0,0,1,0,0,0,1,0,0,0,0,0,0,0,0,0,0,1,0,0,0,0
data/audio_wav/047/047008.wav,48,0,0,0,1,0,0,0,1,0,0,0,0,0,0,0,0,0,0,1,0,0,0,0
data/audio_wav/047/047009.wav,48,0,0,0,1,0,0,0,1,0,0,0,0,0,0,0,0,0,0,1,0,0,0,0
data/audio_wav/047/047010.wav,48,0,0,0,1,0,0,0,1,0,0,0,0,0,0,0,0,0,0,1,0,0,0,0
data/audio_wav/047/047011.wav,48,0,0,0,1,0,0,0,1,0,0,0,0,0,0,0,0,0,0,1,0,0,0,0
data/audio_wav/047/047012.wav,48,0,0,0,1,0,0,0,1,0,0,0,0,0,0,0,0,0,0,1,0,0,0,0
data/audio_wav/047/047013.wav,48,0,0,0,1,0,0,0,1,0,0,0,0,0,0,0,0,0,0,1,0,0,0,0
data/audio_wav/047/047014.wav,48,0,0,0,1,0,0,0,1,0,0,0,0,0,0,0,0,0,0,1,0,0,0,0
data/audio_wav/047/047015.wav,48,0,0,0,1,0,0,0,1,0,0,0,0,0,0,0,0,0,0,1,0,0,0,0
data/audio_wav/047/047016.wav,48,0,0,0,1,0,0,0,1,0,0,0,0,0,0,0,0,0,0,1,0,0,0,0
data/audio_wav/047/047017.wav,48,0,0,0,1,0,0,0,1,0,0,0,0,0,0,0,0,0,0,1,0,0,0,0
data/audio_wav/047/047018.wav,48,0,0,0,1,0,0,0,1,0,0,0,0,0,0,0,0,0,0,1,0,0,0,0
data/audio_wav/047/047019.wav,48,0,0,0,1,0,0,0,1,0,0,0,0,0,0,0,0,0,0,1,0,0,0,0
data/audio_wav/047/047020.wav,48,0,0,0,1,0,0,0,1,0,0,0,0,0,0,0,0,0,0,1,0,0,0,0
data/audio_wav/047/047021.wav,48,0,0,0,1,0,0,0,1,0,0,0,0,0,0,0,0,0,0,1,0,0,0,0
data/audio_wav/047/047022.wav,48,0,0,0,1,0,0,0,1,0,0,0,0,0,0,0,0,0,0,1,0,0,0,0
data/audio_wav/047/047023.wav,48,0,0,0,1,0,0,0,1,0,0,0,0,0,0,0,0,0,0,1,0,0,0,0
data/audio_wav/047/047024.wav,48,0,0,0,1,0,0,0,1,0,0,0,0,0,0,0,0,0,0,1,0,0,0,0
data/audio_wav/047/047025.wav,48,0,0,0,1,0,0,0,1,0,0,0,0,0,0,0,0,0,0,1,0,0,0,0
data/audio_wav/047/047026.wav,48,0,0,0,1,0,0,0,1,0,0,0,0,0,0,0,0,0,0,1,0,0,0,0
data/audio_wav/047/047027.wav,48,0,0,0,1,0,0,0,1,0,0,0,0,0,0,0,0,0,0,1,0,0,0,0
data/audio_wav/047/047028.wav,48,0,0,0,1,0,0,0,1,0,0,0,0,0,0,0,0,0,0,1,0,0,0,0
data/audio_wav/047/047029.wav,48,0,0,0,1,0,0,0,1,0,0,0,0,0,0,0,0,0,0,1,0,0,0,0
data/audio_wav/047/047030.wav,48,0,0,0,1,0,0,0,1,0,0,0,0,0,0,0,0,0,0,1,0,0,0,0
data/audio_wav/047/047031.wav,48,0,0,0,1,0,0,0,1,0,0,0,0,0,0,0,0,0,0,1,0,0,0,0
data/audio_wav/047/047032.wav,48,0,0,0,1,0,0,0,1,0,0,0,0,0,0,0,0,0,0,1,0,0,0,0
data/audio_wav/047/047033.wav,48,0,0,0,1,0,0,0,1,0,0,0,0,0,0,0,0,0,0,1,0,0,0,0
data/audio_wav/047/047034.wav,48,0,0,0,1,0,0,0,1,0,0,0,0,0,0,0,0,0,0,1,0,0,0,0
data/audio_wav/047/047035.wav,48,0,0,0,1,0,0,0,1,0,0,0,0,0,0,0,0,0,0,1,0,0,0,0
data/audio_wav/047/047036.wav,48,0,0,0,1,0,0,0,1,0,0,0,0,0,0,0,0,0,0,1,0,0,0,0
data/audio_wav/047/047037.wav,48,0,0,0,1,0,0,0,1,0,0,0,0,0,0,0,0,0,0,1,0,0,0,0
data/audio_wav/047/047038.wav,48,0,0,0,1,0,0,0,1,0,0,0,0,0,0,0,0,0,0,1,0,0,0,0
data/audio_wav/047/047039.wav,48,0,0,0,1,0,0,0,1,0,0,0,0,0,0,0,0,0,0,1,0,0,0,0
data/audio_wav/047/047040.wav,48,0,0,0,1,0,0,0,1,0,0,0,0,0,0,0,0,0,0,1,0,0,0,0
data/audio_wav/047/047041.wav,48,0,0,0,1,0,0,0,1,0,0,0,0,0,0,0,0,0,0,1,0,0,0,0
data/audio_wav/047/047042.wav,48,0,0,0,1,0,0,0,1,0,0,0,0,0,0,0,0,0,0,1,0,0,0,0
data/audio_wav/047/047043.wav,48,0,0,0,1,0,0,0,1,0,0,0,0,0,0,0,0,0,0,1,0,0,0,0
data/audio_wav/047/047044.wav,48,0,0,0,1,0,0,0,1,0,0,0,0,0,0,0,0,0,0,1,0,0,0,0
data/audio_wav/047/047045.wav,48,0,0,0,1,0,0,0,1,0,0,0,0,0,0,0,0,0,0,1,0,0,0,0
data/audio_wav/047/047046.wav,48,0,0,0,1,0,0,0,1,0,0,0,0,0,0,0,0,0,0,1,0,0,0,0
data/audio_wav/047/047047.wav,48,0,0,0,1,0,0,0,1,0,0,0,0,0,0,0,0,0,0,1,0,0,0,0
data/audio_wav/047/047048.wav,48,0,0,0,1,0,0,0,1,0,0,0,0,0,0,0,0,0,0,1,0,0,0,0
data/audio_wav/047/047049.wav,48,0,0,0,1,0,0,0,1,0,0,0,0,0,0,0,0,0,0,1,0,0,0,0
data/audio_wav/048/048000.wav,49,1,1,0,1,0,0,0,1,0,0,0,0,0,0,0,0,0,0,0,1,0,0,0
data/audio_wav/048/048001.wav,49,1,1,0,1,0,0,0,1,0,0,0,0,0,0,0,0,0,0,0,1,0,0,0
data/audio_wav/048/048002.wav,49,1,1,0,1,0,0,0,1,0,0,0,0,0,0,0,0,0,0,0,1,0,0,0
data/audio_wav/048/048003.wav,49,1,1,0,1,0,0,0,1,0,0,0,0,0,0,0,0,0,0,0,1,0,0,0
data/audio_wav/048/048004.wav,49,1,1,0,1,0,0,0,1,0,0,0,0,0,0,0,0,0,0,0,1,0,0,0
data/audio_wav/048/048005.wav,49,1,1,0,1,0,0,0,1,0,0,0,0,0,0,0,0,0,0,0,1,0,0,0
data/audio_wav/048/048006.wav,49,1,1,0,1,0,0,0,1,0,0,0,0,0,0,0,0,0,0,0,1,0,0,0
data/audio_wav/048/048007.wav,49,1,1,0,1,0,0,0,1,0,0,0,0,0,0,0,0,0,0,0,1,0,0,0
data/audio_wav/048/048008.wav,49,1,1,0,1,0,0,0,1,0,0,0,0,0,0,0,0,0,0,0,1,0,0,0
data/audio_wav/048/048009.wav,49,1,1,0,1,0,0,0,1,0,0,0,0,0,0,0,0,0,0,0,1,0,0,0
data/audio_wav/048/048010.wav,49,1,1,0,1,0,0,0,1,0,0,0,0,0,0,0,0,0,0,0,1,0,0,0
data/audio_wav/048/048011.wav,49,1,1,0,1,0,0,0,1,0,0,0,0,0,0,0,0,0,0,0,1,0,0,0
data/audio_wav/048/048012.wav,49,1,1,0,1,0,0,0,1,0,0,0,0,0,0,0,0,0,0,0,1,0,0,0
data/audio_wav/048/048013.wav,49,1,1,0,1,0,0,0,1,0,0,0,0,0,0,0,0,0,0,0,1,0,0,0
data/audio_wav/048/048014.wav,49,1,1,0,1,0,0,0,1,0,0,0,0,0,0,0,0,0,0,0,1,0,0,0
data/audio_wav/048/048015.wav,49,1,1,0,1,0,0,0,1,0,0,0,0,0,0,0,0,0,0,0,1,0,0,0
data/audio_wav/048/048016.wav,49,1,1,0,1,0,0,0,1,0,0,0,0,0,0,0,0,0,0,0,1,0,0,0
data/audio_wav/048/048017.wav,49,1,1,0,1,0,0,0,1,0,0,0,0,0,0,0,0,0,0,0,1,0,0,0
data/audio_wav/048/048018.wav,49,1,1,0,1,0,0,0,1,0,0,0,0,0,0,0,0,0,0,0,1,0,0,0
data/audio_wav/048/048019.wav,49,1,1,0,1,0,0,0,1,0,0,0,0,0,0,0,0,0,0,0,1,0,0,0
data/audio_wav/048/048020.wav,49,1,1,0,1,0,0,0,1,0,0,0,0,0,0,0,0,0,0,0,1,0,0,0
data/audio_wav/048/048021.wav,49,1,1,0,1,0,0,0,1,0,0,0,0,0,0,0,0,0,0,0,1,0,0,0
data/audio_wav/048/048022.wav,49,1,1,0,1,0,0,0,1,0,0,0,0,0,0,0,0,0,0,0,1,0,0,0
data/audio_wav/048/048023.wav,49,1,1,0,1,0,0,0,1,0,0,0,0,0,0,0,0,0,0,0,1,0,0,0
data/audio_wav/048/048024.wav,49,1,1,0,1,0,0,0,1,0,0,0,0,0,0,0,0,0,0,0,1,0,0,0
data/audio_wav/048/048025.wav,49,1,1,0,1,0,0,0,1,0,0,0,0,0,0,0,0,0,0,0,1,0,0,0
data/audio_wav/048/048026.wav,49,1,1,0,1,0,0,0,1,0,0,0,0,0,0,0,0,0,0,0,1,0,0,0
data/audio_wav/048/048027.wav,49,1,1,0,1,0,0,0,1,0,0,0,0,0,0,0,0,0,0,0,1,0,0,0
data/audio_wav/048/048028.wav,49,1,1,0,1,0,0,0,1,0,0,0,0,0,0,0,0,0,0,0,1,0,0,0
data/audio_wav/048/048029.wav,49,1,1,0,1,0,0,0,1,0,0,0,0,0,0,0,0,0,0,0,1,0,0,0
data/audio_wav/048/048030.wav,49,1,1,0,1,0,0,0,1,0,0,0,0,0,0,0,0,0,0,0,1,0,0,0
data/audio_wav/048/048031.wav,49,1,1,0,1,0,0,0,1,0,0,0,0,0,0,0,0,0,0,0,1,0,0,0
data/audio_wav/048/048032.wav,49,1,1,0,1,0,0,0,1,0,0,0,0,0,0,0,0,0,0,0,1,0,0,0
data/audio_wav/048/048033.wav,49,1,1,0,1,0,0,0,1,0,0,0,0,0,0,0,0,0,0,0,1,0,0,0
data/audio_wav/048/048034.wav,49,1,1,0,1,0,0,0,1,0,0,0,0,0,0,0,0,0,0,0,1,0,0,0
data/audio_wav/048/048035.wav,49,1,1,0,1,0,0,0,1,0,0,0,0,0,0,0,0,0,0,0,1,0,0,0
data/audio_wav/048/048036.wav,49,1,1,0,1,0,0,0,1,0,0,0,0,0,0,0,0,0,0,0,1,0,0,0
data/audio_wav/048/048037.wav,49,1,1,0,1,0,0,0,1,0,0,0,0,0,0,0,0,0,0,0,1,0,0,0
data/audio_wav/048/048038.wav,49,1,1,0,1,0,0,0,1,0,0,0,0,0,0,0,0,0,0,0,1,0,0,0
data/audio_wav/048/048039.wav,49,1,1,0,1,0,0,0,1,0,0,0,0,0,0,0,0,0,0,0,1,0,0,0
data/audio_wav/048/048040.wav,49,1,1,0,1,0,0,0,1,0,0,0,0,0,0,0,0,0,0,0,1,0,0,0
data/audio_wav/048/048041.wav,49,1,1,0,1,0,0,0,1,0,0,0,0,0,0,0,0,0,0,0,1,0,0,0
data/audio_wav/048/048042.wav,49,1,1,0,1,0,0,0,1,0,0,0,0,0,0,0,0,0,0,0,1,0,0,0
data/audio_wav/048/048043.wav,49,1,1,0,1,0,0,0,1,0,0,0,0,0,0,0,0,0,0,0,1,0,0,0
data/audio_wav/048/048044.wav,49,1,1,0,1,0,0,0,1,0,0,0,0,0,0,0,0,0,0,0,1,0,0,0
data/audio_wav/048/048045.wav,49,1,1,0,1,0,0,0,1,0,0,0,0,0,0,0,0,0,0,0,1,0,0,0
data/audio_wav/048/048046.wav,49,1,1,0,1,0,0,0,1,0,0,0,0,0,0,0,0,0,0,0,1,0,0,0
data/audio_wav/048/048047.wav,49,1,1,0,1,0,0,0,1,0,0,0,0,0,0,0,0,0,0,0,1,0,0,0
data/audio_wav/048/048048.wav,49,1,1,0,1,0,0,0,1,0,0,0,0,0,0,0,0,0,0,0,1,0,0,0
data/audio_wav/048/048049.wav,49,1,1,0,1,0,0,0,1,0,0,0,0,0,0,0,0,0,0,0,1,0,0,0
data/audio_wav/049/049000.wav,50,0,0,0,1,0,0,0,1,0,0,0,0,0,0,0,0,0,0,0,0,1,0,0
data/audio_wav/049/049001.wav,50,0,0,0,1,0,0,0,1,0,0,0,0,0,0,0,0,0,0,0,0,1,0,0
data/audio_wav/049/049002.wav,50,0,0,0,1,0,0,0,1,0,0,0,0,0,0,0,0,0,0,0,0,1,0,0
data/audio_wav/049/049003.wav,50,0,0,0,1,0,0,0,1,0,0,0,0,0,0,0,0,0,0,0,0,1,0,0
data/audio_wav/049/049004.wav,50,0,0,0,1,0,0,0,1,0,0,0,0,0,0,0,0,0,0,0,0,1,0,0
data/audio_wav/049/049005.wav,50,0,0,0,1,0,0,0,1,0,0,0,0,0,0,0,0,0,0,0,0,1,0,0
data/audio_wav/049/049006.wav,50,0,0,0,1,0,0,0,1,0,0,0,0,0,0,0,0,0,0,0,0,1,0,0
data/audio_wav/049/049007.wav,50,0,0,0,1,0,0,0,1,0,0,0,0,0,0,0,0,0,0,0,0,1,0,0
data/audio_wav/049/049008.wav,50,0,0,0,1,0,0,0,1,0,0,0,0,0,0,0,0,0,0,0,0,1,0,0
data/audio_wav/049/049009.wav,50,0,0,0,1,0,0,0,1,0,0,0,0,0,0,0,0,0,0,0,0,1,0,0
data/audio_wav/049/049010.wav,50,0,0,0,1,0,0,0,1,0,0,0,0,0,0,0,0,0,0,0,0,1,0,0
data/audio_wav/049/049011.wav,50,0,0,0,1,0,0,0,1,0,0,0,0,0,0,0,0,0,0,0,0,1,0,0
data/audio_wav/049/049012.wav,50,0,0,0,1,0,0,0,1,0,0,0,0,0,0,0,0,0,0,0,0,1,0,0
data/audio_wav/049/049013.wav,50,0,0,0,1,0,0,0,1,0,0,0,0,0,0,0,0,0,0,0,0,1,0,0
data/audio_wav/049/049014.wav,50,0,0,0,1,0,0,0,1,0,0,0,0,0,0,0,0,0,0,0,0,1,0,0
data/audio_wav/049/049015.wav,50,0,0,0,1,0,0,0,1,0,0,0,0,0,0,0,0,0,0,0,0,1,0,0
data/audio_wav/049/049016.wav,50,0,0,0,1,0,0,0,1,0,0,0,0,0,0,0,0,0,0,0,0,1,0,0
data/audio_wav/049/049017.wav,50,0,0,0,1,0,0,0,1,0,0,0,0,0,0,0,0,0,0,0,0,1,0,0
data/audio_wav/049/049018.wav,50,0,0,0,1,0,0,0,1,0,0,0,0,0,0,0,0,0,0,0,0,1,0,0
data/audio_wav/049/049019.wav,50,0,0,0,1,0,0,0,1,0,0,0,0,0,0,0,0,0,0,0,0,1,0,0
data/audio_wav/049/049020.wav,50,0,0,0,1,0,0,0,1,0,0,0,0,0,0,0,0,0,0,0,0,1,0,0
data/audio_wav/049/049021.wav,50,0,0,0,1,0,0,0,1,0,0,0,0,0,0,0,0,0,0,0,0,1,0,0
data/audio_wav/049/049022.wav,50,0,0,0,1,0,0,0,1,0,0,0,0,0,0,0,0,0,0,0,0,1,0,0
data/audio_wav/049/049023.wav,50,0,0,0,1,0,0,0,1,0,0,0,0,0,0,0,0,0,0,0,0,1,0,0
data/audio_wav/049/049024.wav,50,0,0,0,1,0,0,0,1,0,0,0,0,0,0,0,0,0,0,0,0,1,0,0
data/audio_wav/049/049025.wav,50,0,0,0,1,0,0,0,1,0,0,0,0,0,0,0,0,0,0,0,0,1,0,0
data/audio_wav/049/049026.wav,50,0,0,0,1,0,0,0,1,0,0,0,0,0,0,0,0,0,0,0,0,1,0,0
data/audio_wav/049/049027.wav,50,0,0,0,1,0,0,0,1,0,0,0,0,0,0,0,0,0,0,0,0,1,0,0
data/audio_wav/049/049028.wav,50,0,0,0,1,0,0,0,1,0,0,0,0,0,0,0,0,0,0,0,0,1,0,0
data/audio_wav/049/049029.wav,50,0,0,0,1,0,0,0,1,0,0,0,0,0,0,0,0,0,0,0,0,1,0,0
data/audio_wav/049/049030.wav,50,0,0,0,1,0,0,0,1,0,0,0,0,0,0,0,0,0,0,0,0,1,0,0
data/audio_wav/049/049031.wav,50,0,0,0,1,0,0,0,1,0,0,0,0,0,0,0,0,0,0,0,0,1,0,0
data/audio_wav/049/049032.wav,50,0,0,0,1,0,0,0,1,0,0,0,0,0,0,0,0,0,0,0,0,1,0,0
data/audio_wav/049/049033.wav,50,0,0,0,1,0,0,0,1,0,0,0,0,0,0,0,0,0,0,0,0,1,0,0
data/audio_wav/049/049034.wav,50,0,0,0,1,0,0,0,1,0,0,0,0,0,0,0,0,0,0,0,0,1,0,0
data/audio_wav/049/049035.wav,50,0,0,0,1,0,0,0,1,0,0,0,0,0,0,0,0,0,0,0,0,1,0,0
data/audio_wav/049/049036.wav,50,0,0,0,1,0,0,0,1,0,0,0,0,0,0,0,0,0,0,0,0,1,0,0
data/audio_wav/049/049037.wav,50,0,0,0,1,0,0,0,1,0,0,0,0,0,0,0,0,0,0,0,0,1,0,0
data/audio_wav/049/049038.wav,50,0,0,0,1,0,0,0,1,0,0,0,0,0,0,0,0,0,0,0,0,1,0,0
data/audio_wav/049/049039.wav,50,0,0,0,1,0,0,0,1,0,0,0,0,0,0,0,0,0,0,0,0,1,0,0
data/audio_wav/049/049040.wav,50,0,0,0,1,0,0,0,1,0,0,0,0,0,0,0,0,0,0,0,0,1,0,0
data/audio_wav/049/049041.wav,50,0,0,0,1,0,0,0,1,0,0,0,0,0,0,0,0,0,0,0,0,1,0,0
data/audio_wav/049/049042.wav,50,0,0,0,1,0,0,0,1,0,0,0,0,0,0,0,0,0,0,0,0,1,0,0
data/audio_wav/049/049043.wav,50,0,0,0,1,0,0,0,1,0,0,0,0,0,0,0,0,0,0,0,0,1,0,0
data/audio_wav/049/049044.wav,50,0,0,0,1,0,0,0,1,0,0,0,0,0,0,0,0,0,0,0,0,1,0,0
data/audio_wav/049/049045.wav,50,0,0,0,1,0,0,0,1,0,0,0,0,0,0,0,0,0,0,0,0,1,0,0
data/audio_wav/049/049046.wav,50,0,0,0,1,0,0,0,1,0,0,0,0,0,0,0,0,0,0,0,0,1,0,0
data/audio_wav/049/049047.wav,50,0,0,0,1,0,0,0,1,0,0,0,0,0,0,0,0,0,0,0,0,1,0,0
data/audio_wav/049/049048.wav,50,0,0,0,1,0,0,0,1,0,0,0,0,0,0,0,0,0,0,0,0,1,0,0
data/audio_wav/049/049049.wav,50,0,0,0,1,0,0,0,1,0,0,0,0,0,0,0,0,0,0,0,0,1,0,0
data/audio_wav/050/050000.wav,51,1,1,0,1,0,0,0,1,0,0,0,0,0,0,0,0,0,0,0,0,0,1,0
data/audio_wav/050/050001.wav,51,1,1,0,1,0,0,0,1,0,0,0,0,0,0,0,0,0,0,0,0,0,1,0
data/audio_wav/050/050002.wav,51,1,1,0,1,0,0,0,1,0,0,0,0,0,0,0,0,0,0,0,0,0,1,0
data/audio_wav/050/050003.wav,51,1,1,0,1,0,0,0,1,0,0,0,0,0,0,0,0,0,0,0,0,0,1,0
data/audio_wav/050/050004.wav,51,1,1,0,1,0,0,0,1,0,0,0,0,0,0,0,0,0,0,0,0,0,1,0
data/audio_wav/050/050005.wav,51,1,1,0,1,0,0,0,1,0,0,0,0,0,0,0,0,0,0,0,0,0,1,0
data/audio_wav/050/050006.wav,51,1,1,0,1,0,0,0,1,0,0,0,0,0,0,0,0,0,0,0,0,0,1,0
data/audio_wav/050/050007.wav,51,1,1,0,1,0,0,0,1,0,0,0,0,0,0,0,0,0,0,0,0,0,1,0
data/audio_wav/050/050008.wav,51,1,1,0,1,0,0,0,1,0,0,0,0,0,0,0,0,0,0,0,0,0,1,0
data/audio_wav/050/050009.wav,51,1,1,0,1,0,0,0,1,0,0,0,0,0,0,0,0,0,0,0,0,0,1,0
data/audio_wav/050/050010.wav,51,1,1,0,1,0,0,0,1,0,0,0,0,0,0,0,0,0,0,0,0,0,1,0
data/audio_wav/050/050011.wav,51,1,1,0,1,0,0,0,1,0,0,0,0,0,0,0,0,0,0,0,0,0,1,0
data/audio_wav/050/050012.wav,51,1,1,0,1,0,0,0,1,0,0,0,0,0,0,0,0,0,0,0,0,0,1,0
data/audio_wav/050/050013.wav,51,1,1,0,1,0,0,0,1,0,0,0,0,0,0,0,0,0,0,0,0,0,1,0
data/audio_wav/050/050014.wav,51,1,1,0,1,0,0,0,1,0,0,0,0,0,0,0,0,0,0,0,0,0,1,0
data/audio_wav/050/050015.wav,51,1,1,0,1,0,0,0,1,0,0,0,0,0,0,0,0,0,0,0,0,0,1,0
data/audio_wav/050/050016.wav,51,1,1,0,1,0,0,0,1,0,0,0,0,0,0,0,0,0,0,0,0,0,1,0
data/audio_wav/050/050017.wav,51,1,1,0,1,0,0,0,1,0,0,0,0,0,0,0,0,0,0,0,0,0,1,0
data/audio_wav/050/050018.wav,51,1,1,0,1,0,0,0,1,0,0,0,0,0,0,0,0,0,0,0,0,0,1,0
data/audio_wav/050/050019.wav,51,1,1,0,1,0,0,0,1,0,0,0,0,0,0,0,0,0,0,0,0,0,1,0
data/audio_wav/050/050020.wav,51,1,1,0,1,0,0,0,1,0,0,0,0,0,0,0,0,0,0,0,0,0,1,0
data/audio_wav/050/050021.wav,51,1,1,0,1,0,0,0,1,0,0,0,0,0,0,0,0,0,0,0,0,0,1,0
data/audio_wav/050/050022.wav,51,1,1,0,1,0,0,0,1,0,0,0,0,0,0,0,0,0,0,0,0,0,1,0
data/audio_wav/050/050023.wav,51,1,1,0,1,0,0,0,1,0,0,0,0,0,0,0,0,0,0,0,0,0,1,0
data/audio_wav/050/050024.wav,51,1,1,0,1,0,0,0,1,0,0,0,0,0,0,0,0,0,0,0,0,0,1,0
data/audio_wav/050/050025.wav,51,1,1,0,1,0,0,0,1,0,0,0,0,0,0,0,0,0,0,0,0,0,1,0
data/audio_wav/050/050026.wav,51,1,1,0,1,0,0,0,1,0,0,0,0,0,0,0,0,0,0,0,0,0,1,0
data/audio_wav/050/050027.wav,51,1,1,0,1,0,0,0,1,0,0,0,0,0,0,0,0,0,0,0,0,0,1,0
data/audio_wav/050/050028.wav,51,1,1,0,1,0,0,0,1,0,0,0,0,0,0,0,0,0,0,0,0,0,1,0
data/audio_wav/050/050029.wav,51,1,1,0,1,0,0,0,1,0,0,0,0,0,0,0,0,0,0,0,0,0,1,0
data/audio_wav/050/050030.wav,51,1,1,0,1,0,0,0,1,0,0,0,0,0,0,0,0,0,0,0,0,0,1,0
data/audio_wav/050/050031.wav,51,1,1,0,1,0,0,0,1,0,0,0,0,0,0,0,0,0,0,0,0,0,1,0
data/audio_wav/050/050032.wav,51,1,1,0,1,0,0,0,1,0,0,0,0,0,0,0,0,0,0,0,0,0,1,0
data/audio_wav/050/050033.wav,51,1,1,0,1,0,0,0,1,0,0,0,0,0,0,0,0,0,0,0,0,0,1,0
data/audio_wav/050/050034.wav,51,1,1,0,1,0,0,0,1,0,0,0,0,0,0,0,0,0,0,0,0,0,1,0
data/audio_wav/050/050035.wav,51,1,1,0,1,0,0,0,1,0,0,0,0,0,0,0,0,0,0,0,0,0,1,0
data/audio_wav/050/050036.wav,51,1,1,0,1,0,0,0,1,0,0,0,0,0,0,0,0,0,0,0,0,0,1,0
data/audio_wav/050/050037.wav,51,1,1,0,1,0,0,0,1,0,0,0,0,0,0,0,0,0,0,0,0,0,1,0
data/audio_wav/050/050038.wav,51,1,1,0,1,0,0,0,1,0,0,0,0,0,0,0,0,0,0,0,0,0,1,0
data/audio_wav/050/050039.wav,51,1,1,0,1,0,0,0,1,0,0,0,0,0,0,0,0,0,0,0,0,0,1,0
data/audio_wav/050/050040.wav,51,1,1,0,1,0,0,0,1,0,0,0,0,0,0,0,0,0,0,0,0,0,1,0
data/audio_wav/050/050041.wav,51,1,1,0,1,0,0,0,1,0,0,0,0,0,0,0,0,0,0,0,0,0,1,0
data/audio_wav/050/050042.wav,51,1,1,0,1,0,0,0,1,0,0,0,0,0,0,0,0,0,0,0,0,0,1,0
data/audio_wav/050/050043.wav,51,1,1,0,1,0,0,0,1,0,0,0,0,0,0,0,0,0,0,0,0,0,1,0
data/audio_wav/050/050044.wav,51,1,1,0,1,0,0,0,1,0,0,0,0,0,0,0,0,0,0,0,0,0,1,0
data/audio_wav/050/050045.wav,51,1,1,0,1,0,0,0,1,0,0,0,0,0,0,0,0,0,0,0,0,0,1,0
data/audio_wav/050/050046.wav,51,1,1,0,1,0,0,0,1,0,0,0,0,0,0,0,0,0,0,0,0,0,1,0
data/audio_wav/050/050047.wav,51,1,1,0,1,0,0,0,1,0,0,0,0,0,0,0,0,0,0,0,0,0,1,0
data/audio_wav/050/050048.wav,51,1,1,0,1,0,0,0,1,0,0,0,0,0,0,0,0,0,0,0,0,0,1,0
data/audio_wav/050/050049.wav,51,1,1,0,1,0,0,0,1,0,0,0,0,0,0,0,0,0,0,0,0,0,1,0
data/audio_wav/051/051000.wav,52,1,2,0,1,0,0,0,1,0,0,0,0,0,0,0,0,0,0,0,0,0,0,1
data/audio_wav/051/051001.wav,52,1,2,0,1,0,0,0,1,0,0,0,0,0,0,0,0,0,0,0,0,0,0,1
data/audio_wav/051/051002.wav,52,1,2,0,1,0,0,0,1,0,0,0,0,0,0,0,0,0,0,0,0,0,0,1
data/audio_wav/051/051003.wav,52,1,2,0,1,0,0,0,1,0,0,0,0,0,0,0,0,0,0,0,0,0,0,1
data/audio_wav/051/051004.wav,52,1,2,0,1,0,0,0,1,0,0,0,0,0,0,0,0,0,0,0,0,0,0,1
data/audio_wav/051/051005.wav,52,1,2,0,1,0,0,0,1,0,0,0,0,0,0,0,0,0,0,0,0,0,0,1
data/audio_wav/051/051006.wav,52,1,2,0,1,0,0,0,1,0,0,0,0,0,0,0,0,0,0,0,0,0,0,1
data/audio_wav/051/051007.wav,52,1,2,0,1,0,0,0,1,0,0,0,0,0,0,0,0,0,0,0,0,0,0,1
data/audio_wav/051/051008.wav,52,1,2,0,1,0,0,0,1,0,0,0,0,0,0,0,0,0,0,0,0,0,0,1
data/audio_wav/051/051009.wav,52,1,2,0,1,0,0,0,1,0,0,0,0,0,0,0,0,0,0,0,0,0,0,1
data/audio_wav/051/051010.wav,52,1,2,0,1,0,0,0,1,0,0,0,0,0,0,0,0,0,0,0,0,0,0,1
data/audio_wav/051/051011.wav,52,1,2,0,1,0,0,0,1,0,0,0,0,0,0,0,0,0,0,0,0,0,0,1
data/audio_wav/051/051012.wav,52,1,2,0,1,0,0,0,1,0,0,0,0,0,0,0,0,0,0,0,0,0,0,1
data/audio_wav/051/051013.wav,52,1,2,0,1,0,0,0,1,0,0,0,0,0,0,0,0,0,0,0,0,0,0,1
data/audio_wav/051/051014.wav,52,1,2,0,1,0,0,0,1,0,0,0,0,0,0,0,0,0,0,0,0,0,0,1
data/audio_wav/051/051015.wav,52,1,2,0,1,0,0,0,1,0,0,0,0,0,0,0,0,0,0,0,0,0,0,1
data/audio_wav/051/051016.wav,52,1,2,0,1,0,0,0,1,0,0,0,0,0,0,0,0,0,0,0,0,0,0,1
data/audio_wav/051/051017.wav,52,1,2,0,1,0,0,0,1,0,0,0,0,0,0,0,0,0,0,0,0,0,0,1
data/audio_wav/051/051018.wav,52,1,2,0,1,0,0,0,1,0,0,0,0,0,0,0,0,0,0,0,0,0,0,1
data/audio_wav/051/051019.wav,52,1,2,0,1,0,0,0,1,0,0,0,0,0,0,0,0,0,0,0,0,0,0,1
data/audio_wav/051/051020.wav,52,1,2,0,1,0,0,0,1,0,0,0,0,0,0,0,0,0,0,0,0,0,0,1
data/audio_wav/051/051021.wav,52,1,2,0,1,0,0,0,1,0,0,0,0,0,0,0,0,0,0,0,0,0,0,1
data/audio_wav/051/051022.wav,52,1,2,0,1,0,0,0,1,0,0,0,0,0,0,0,0,0,0,0,0,0,0,1
data/audio_wav/051/051023.wav,52,1,2,0,1,0,0,0,1,0,0,0,0,0,0,0,0,0,0,0,0,0,0,1
data/audio_wav/051/051024.wav,52,1,2,0,1,0,0,0,1,0,0,0,0,0,0,0,0,0,0,0,0,0,0,1
data/audio_wav/051/051025.wav,52,1,2,0,1,0,0,0,1,0,0,0,0,0,0,0,0,0,0,0,0,0,0,1
data/audio_wav/051/051026.wav,52,1,2,0,1,0,0,0,1,0,0,0,0,0,0,0,0,0,0,0,0,0,0,1
data/audio_wav/051/051027.wav,52,1,2,0,1,0,0,0,1,0,0,0,0,0,0,0,0,0,0,0,0,0,0,1
data/audio_wav/051/051028.wav,52,1,2,0,1,0,0,0,1,0,0,0,0,0,0,0,0,0,0,0,0,0,0,1
data/audio_wav/051/051029.wav,52,1,2,0,1,0,0,0,1,0,0,0,0,0,0,0,0,0,0,0,0,0,0,1
data/audio_wav/051/051030.wav,52,1,2,0,1,0,0,0,1,0,0,0,0,0,0,0,0,0,0,0,0,0,0,1
data/audio_wav/051/051031.wav,52,1,2,0,1,0,0,0,1,0,0,0,0,0,0,0,0,0,0,0,0,0,0,1
data/audio_wav/051/051032.wav,52,1,2,0,1,0,0,0,1,0,0,0,0,0,0,0,0,0,0,0,0,0,0,1
data/audio_wav/051/051033.wav,52,1,2,0,1,0,0,0,1,0,0,0,0,0,0,0,0,0,0,0,0,0,0,1
data/audio_wav/051/051034.wav,52,1,2,0,1,0,0,0,1,0,0,0,0,0,0,0,0,0,0,0,0,0,0,1
data/audio_wav/051/051035.wav,52,1,2,0,1,0,0,0,1,0,0,0,0,0,0,0,0,0,0,0,0,0,0,1
data/audio_wav/051/051036.wav,52,1,2,0,1,0,0,0,1,0,0,0,0,0,0,0,0,0,0,0,0,0,0,1
data/audio_wav/051/051037.wav,52,1,2,0,1,0,0,0,1,0,0,0,0,0,0,0,0,0,0,0,0,0,0,1
data/audio_wav/051/051038.wav,52,1,2,0,1,0,0,0,1,0,0,0,0,0,0,0,0,0,0,0,0,0,0,1
data/audio_wav/051/051039.wav,52,1,2,0,1,0,0,0,1,0,0,0,0,0,0,0,0,0,0,0,0,0,0,1
data/audio_wav/051/051040.wav,52,1,2,0,1,0,0,0,1,0,0,0,0,0,0,0,0,0,0,0,0,0,0,1
data/audio_wav/051/051041.wav,52,1,2,0,1,0,0,0,1,0,0,0,0,0,0,0,0,0,0,0,0,0,0,1
data/audio_wav/051/051042.wav,52,1,2,0,1,0,0,0,1,0,0,0,0,0,0,0,0,0,0,0,0,0,0,1
data/audio_wav/051/051043.wav,52,1,2,0,1,0,0,0,1,0,0,0,0,0,0,0,0,0,0,0,0,0,0,1
data/audio_wav/051/051044.wav,52,1,2,0,1,0,0,0,1,0,0,0,0,0,0,0,0,0,0,0,0,0,0,1
data/audio_wav/051/051045.wav,52,1,2,0,1,0,0,0,1,0,0,0,0,0,0,0,0,0,0,0,0,0,0,1
data/audio_wav/051/051046.wav,52,1,2,0,1,0,0,0,1,0,0,0,0,0,0,0,0,0,0,0,0,0,0,1
data/audio_wav/051/051047.wav,52,1,2,0,1,0,0,0,1,0,0,0,0,0,0,0,0,0,0,0,0,0,0,1
data/audio_wav/051/051048.wav,52,1,2,0,1,0,0,0,1,0,0,0,0,0,0,0,0,0,0,0,0,0,0,1
data/audio_wav/051/051049.wav,52,1,2,0,1,0,0,0,1,0,0,0,0,0,0,0,0,0,0,0,0,0,0,1
data/audio_wav/052/052000.wav,53,0,0,0,1,0,0,0,0,1,0,1,0,0,0,0,0,0,0,0,0,0,0,0
data/audio_wav/052/052001.wav,53,0,0,0,1,0,0,0,0,1,0,1,0,0,0,0,0,0,0,0,0,0,0,0
data/audio_wav/052/052002.wav,53,0,0,0,1,0,0,0,0,1,0,1,0,0,0,0,0,0,0,0,0,0,0,0
data/audio_wav/052/052003.wav,53,0,0,0,1,0,0,0,0,1,0,1,0,0,0,0,0,0,0,0,0,0,0,0
data/audio_wav/052/052004.wav,53,0,0,0,1,0,0,0,0,1,0,1,0,0,0,0,0,0,0,0,0,0,0,0
data/audio_wav/052/052005.wav,53,0,0,0,1,0,0,0,0,1,0,1,0,0,0,0,0,0,0,0,0,0,0,0
data/audio_wav/052/052006.wav,53,0,0,0,1,0,0,0,0,1,0,1,0,0,0,0,0,0,0,0,0,0,0,0
data/audio_wav/052/052007.wav,53,0,0,0,1,0,0,0,0,1,0,1,0,0,0,0,0,0,0,0,0,0,0,0
data/audio_wav/052/052008.wav,53,0,0,0,1,0,0,0,0,1,0,1,0,0,0,0,0,0,0,0,0,0,0,0
data/audio_wav/052/052009.wav,53,0,0,0,1,0,0,0,0,1,0,1,0,0,0,0,0,0,0,0,0,0,0,0
data/audio_wav/052/052010.wav,53,0,0,0,1,0,0,0,0,1,0,1,0,0,0,0,0,0,0,0,0,0,0,0
data/audio_wav/052/052011.wav,53,0,0,0,1,0,0,0,0,1,0,1,0,0,0,0,0,0,0,0,0,0,0,0
data/audio_wav/052/052012.wav,53,0,0,0,1,0,0,0,0,1,0,1,0,0,0,0,0,0,0,0,0,0,0,0
data/audio_wav/052/052013.wav,53,0,0,0,1,0,0,0,0,1,0,1,0,0,0,0,0,0,0,0,0,0,0,0
data/audio_wav/052/052014.wav,53,0,0,0,1,0,0,0,0,1,0,1,0,0,0,0,0,0,0,0,0,0,0,0
data/audio_wav/052/052015.wav,53,0,0,0,1,0,0,0,0,1,0,1,0,0,0,0,0,0,0,0,0,0,0,0
data/audio_wav/052/052016.wav,53,0,0,0,1,0,0,0,0,1,0,1,0,0,0,0,0,0,0,0,0,0,0,0
data/audio_wav/052/052017.wav,53,0,0,0,1,0,0,0,0,1,0,1,0,0,0,0,0,0,0,0,0,0,0,0
data/audio_wav/052/052018.wav,53,0,0,0,1,0,0,0,0,1,0,1,0,0,0,0,0,0,0,0,0,0,0,0
data/audio_wav/052/052019.wav,53,0,0,0,1,0,0,0,0,1,0,1,0,0,0,0,0,0,0,0,0,0,0,0
data/audio_wav/052/052020.wav,53,0,0,0,1,0,0,0,0,1,0,1,0,0,0,0,0,0,0,0,0,0,0,0
data/audio_wav/052/052021.wav,53,0,0,0,1,0,0,0,0,1,0,1,0,0,0,0,0,0,0,0,0,0,0,0
data/audio_wav/052/052022.wav,53,0,0,0,1,0,0,0,0,1,0,1,0,0,0,0,0,0,0,0,0,0,0,0
data/audio_wav/052/052023.wav,53,0,0,0,1,0,0,0,0,1,0,1,0,0,0,0,0,0,0,0,0,0,0,0
data/audio_wav/052/052024.wav,53,0,0,0,1,0,0,0,0,1,0,1,0,0,0,0,0,0,0,0,0,0,0,0
data/audio_wav/052/052025.wav,53,0,0,0,1,0,0,0,0,1,0,1,0,0,0,0,0,0,0,0,0,0,0,0
data/audio_wav/052/052026.wav,53,0,0,0,1,0,0,0,0,1,0,1,0,0,0,0,0,0,0,0,0,0,0,0
data/audio_wav/052/052027.wav,53,0,0,0,1,0,0,0,0,1,0,1,0,0,0,0,0,0,0,0,0,0,0,0
data/audio_wav/052/052028.wav,53,0,0,0,1,0,0,0,0,1,0,1,0,0,0,0,0,0,0,0,0,0,0,0
data/audio_wav/052/052029.wav,53,0,0,0,1,0,0,0,0,1,0,1,0,0,0,0,0,0,0,0,0,0,0,0
data/audio_wav/052/052030.wav,53,0,0,0,1,0,0,0,0,1,0,1,0,0,0,0,0,0,0,0,0,0,0,0
data/audio_wav/052/052031.wav,53,0,0,0,1,0,0,0,0,1,0,1,0,0,0,0,0,0,0,0,0,0,0,0
data/audio_wav/052/052032.wav,53,0,0,0,1,0,0,0,0,1,0,1,0,0,0,0,0,0,0,0,0,0,0,0
data/audio_wav/052/052033.wav,53,0,0,0,1,0,0,0,0,1,0,1,0,0,0,0,0,0,0,0,0,0,0,0
data/audio_wav/052/052034.wav,53,0,0,0,1,0,0,0,0,1,0,1,0,0,0,0,0,0,0,0,0,0,0,0
data/audio_wav/052/052035.wav,53,0,0,0,1,0,0,0,0,1,0,1,0,0,0,0,0,0,0,0,0,0,0,0
data/audio_wav/052/052036.wav,53,0,0,0,1,0,0,0,0,1,0,1,0,0,0,0,0,0,0,0,0,0,0,0
data/audio_wav/052/052037.wav,53,0,0,0,1,0,0,0,0,1,0,1,0,0,0,0,0,0,0,0,0,0,0,0
data/audio_wav/052/052038.wav,53,0,0,0,1,0,0,0,0,1,0,1,0,0,0,0,0,0,0,0,0,0,0,0
data/audio_wav/052/052039.wav,53,0,0,0,1,0,0,0,0,1,0,1,0,0,0,0,0,0,0,0,0,0,0,0
data/audio_wav/052/052040.wav,53,0,0,0,1,0,0,0,0,1,0,1,0,0,0,0,0,0,0,0,0,0,0,0
data/audio_wav/052/052041.wav,53,0,0,0,1,0,0,0,0,1,0,1,0,0,0,0,0,0,0,0,0,0,0,0
data/audio_wav/052/052042.wav,53,0,0,0,1,0,0,0,0,1,0,1,0,0,0,0,0,0,0,0,0,0,0,0
data/audio_wav/052/052043.wav,53,0,0,0,1,0,0,0,0,1,0,1,0,0,0,0,0,0,0,0,0,0,0,0
data/audio_wav/052/052044.wav,53,0,0,0,1,0,0,0,0,1,0,1,0,0,0,0,0,0,0,0,0,0,0,0
data/audio_wav/052/052045.wav,53,0,0,0,1,0,0,0,0,1,0,1,0,0,0,0,0,0,0,0,0,0,0,0
data/audio_wav/052/052046.wav,53,0,0,0,1,0,0,0,0,1,0,1,0,0,0,0,0,0,0,0,0,0,0,0
data/audio_wav/052/052047.wav,53,0,0,0,1,0,0,0,0,1,0,1,0,0,0,0,0,0,0,0,0,0,0,0
data/audio_wav/052/052048.wav,53,0,0,0,1,0,0,0,0,1,0,1,0,0,0,0,0,0,0,0,0,0,0,0
data/audio_wav/052/052049.wav,53,0,0,0,1,0,0,0,0,1,0,1,0,0,0,0,0,0,0,0,0,0,0,0
data/audio_wav/053/053000.wav,54,1,1,0,1,0,0,0,0,1,0,0,1,0,0,0,0,0,0,0,0,0,0,0
data/audio_wav/053/053001.wav,54,1,1,0,1,0,0,0,0,1,0,0,1,0,0,0,0,0,0,0,0,0,0,0
data/audio_wav/053/053002.wav,54,1,1,0,1,0,0,0,0,1,0,0,1,0,0,0,0,0,0,0,0,0,0,0
data/audio_wav/053/053003.wav,54,1,1,0,1,0,0,0,0,1,0,0,1,0,0,0,0,0,0,0,0,0,0,0
data/audio_wav/053/053004.wav,54,1,1,0,1,0,0,0,0,1,0,0,1,0,0,0,0,0,0,0,0,0,0,0
data/audio_wav/053/053005.wav,54,1,1,0,1,0,0,0,0,1,0,0,1,0,0,0,0,0,0,0,0,0,0,0
data/audio_wav/053/053006.wav,54,1,1,0,1,0,0,0,0,1,0,0,1,0,0,0,0,0,0,0,0,0,0,0
data/audio_wav/053/053007.wav,54,1,1,0,1,0,0,0,0,1,0,0,1,0,0,0,0,0,0,0,0,0,0,0
data/audio_wav/053/053008.wav,54,1,1,0,1,0,0,0,0,1,0,0,1,0,0,0,0,0,0,0,0,0,0,0
data/audio_wav/053/053009.wav,54,1,1,0,1,0,0,0,0,1,0,0,1,0,0,0,0,0,0,0,0,0,0,0
data/audio_wav/053/053010.wav,54,1,1,0,1,0,0,0,0,1,0,0,1,0,0,0,0,0,0,0,0,0,0,0
data/audio_wav/053/053011.wav,54,1,1,0,1,0,0,0,0,1,0,0,1,0,0,0,0,0,0,0,0,0,0,0
data/audio_wav/053/053012.wav,54,1,1,0,1,0,0,0,0,1,0,0,1,0,0,0,0,0,0,0,0,0,0,0
data/audio_wav/053/053013.wav,54,1,1,0,1,0,0,0,0,1,0,0,1,0,0,0,0,0,0,0,0,0,0,0
data/audio_wav/053/053014.wav,54,1,1,0,1,0,0,0,0,1,0,0,1,0,0,0,0,0,0,0,0,0,0,0
data/audio_wav/053/053015.wav,54,1,1,0,1,0,0,0,0,1,0,0,1,0,0,0,0,0,0,0,0,0,0,0
data/audio_wav/053/053016.wav,54,1,1,0,1,0,0,0,0,1,0,0,1,0,0,0,0,0,0,0,0,0,0,0
data/audio_wav/053/053017.wav,54,1,1,0,1,0,0,0,0,1,0,0,1,0,0,0,0,0,0,0,0,0,0,0
data/audio_wav/053/053018.wav,54,1,1,0,1,0,0,0,0,1,0,0,1,0,0,0,0,0,0,0,0,0,0,0
data/audio_wav/053/053019.wav,54,1,1,0,1,0,0,0,0,1,0,0,1,0,0,0,0,0,0,0,0,0,0,0
data/audio_wav/053/053020.wav,54,1,1,0,1,0,0,0,0,1,0,0,1,0,0,0,0,0,0,0,0,0,0,0
data/audio_wav/053/053021.wav,54,1,1,0,1,0,0,0,0,1,0,0,1,0,0,0,0,0,0,0,0,0,0,0
data/audio_wav/053/053022.wav,54,1,1,0,1,0,0,0,0,1,0,0,1,0,0,0,0,0,0,0,0,0,0,0
data/audio_wav/053/053023.wav,54,1,1,0,1,0,0,0,0,1,0,0,1,0,0,0,0,0,0,0,0,0,0,0
data/audio_wav/053/053024.wav,54,1,1,0,1,0,0,0,0,1,0,0,1,0,0,0,0,0,0,0,0,0,0,0
data/audio_wav/053/053025.wav,54,1,1,0,1,0,0,0,0,1,0,0,1,0,0,0,0,0,0,0,0,0,0,0
data/audio_wav/053/053026.wav,54,1,1,0,1,0,0,0,0,1,0,0,1,0,0,0,0,0,0,0,0,0,0,0
data/audio_wav/053/053027.wav,54,1,1,0,1,0,0,0,0,1,0,0,1,0,0,0,0,0,0,0,0,0,0,0
data/audio_wav/053/053028.wav,54,1,1,0,1,0,0,0,0,1,0,0,1,0,0,0,0,0,0,0,0,0,0,0
data/audio_wav/053/053029.wav,54,1,1,0,1,0,0,0,0,1,0,0,1,0,0,0,0,0,0,0,0,0,0,0
data/audio_wav/053/053030.wav,54,1,1,0,1,0,0,0,0,1,0,0,1,0,0,0,0,0,0,0,0,0,0,0
data/audio_wav/053/053031.wav,54,1,1,0,1,0,0,0,0,1,0,0,1,0,0,0,0,0,0,0,0,0,0,0
data/audio_wav/053/053032.wav,54,1,1,0,1,0,0,0,0,1,0,0,1,0,0,0,0,0,0,0,0,0,0,0
data/audio_wav/053/053033.wav,54,1,1,0,1,0,0,0,0,1,0,0,1,0,0,0,0,0,0,0,0,0,0,0
data/audio_wav/053/053034.wav,54,1,1,0,1,0,0,0,0,1,0,0,1,0,0,0,0,0,0,0,0,0,0,0
data/audio_wav/053/053035.wav,54,1,1,0,1,0,0,0,0,1,0,0,1,0,0,0,0,0,0,0,0,0,0,0
data/audio_wav/053/053036.wav,54,1,1,0,1,0,0,0,0,1,0,0,1,0,0,0,0,0,0,0,0,0,0,0
data/audio_wav/053/053037.wav,54,1,1,0,1,0,0,0,0,1,0,0,1,0,0,0,0,0,0,0,0,0,0,0
data/audio_wav/053/053038.wav,54,1,1,0,1,0,0,0,0,1,0,0,1,0,0,0,0,0,0,0,0,0,0,0
data/audio_wav/053/053039.wav,54,1,1,0,1,0,0,0,0,1,0,0,1,0,0,0,0,0,0,0,0,0,0,0
data/audio_wav/053/053040.wav,54,1,1,0,1,0,0,0,0,1,0,0,1,0,0,0,0,0,0,0,0,0,0,0
data/audio_wav/053/053041.wav,54,1,1,0,1,0,0,0,0,1,0,0,1,0,0,0,0,0,0,0,0,0,0,0
data/audio_wav/053/053042.wav,54,1,1,0,1,0,0,0,0,1,0,0,1,0,0,0,0,0,0,0,0,0,0,0
data/audio_wav/053/053043.wav,54,1,1,0,1,0,0,0,0,1,0,0,1,0,0,0,0,0,0,0,0,0,0,0
data/audio_wav/053/053044.wav,54,1,1,0,1,0,0,0,0,1,0,0,1,0,0,0,0,0,0,0,0,0,0,0
data/audio_wav/053/053045.wav,54,1,1,0,1,0,0,0,0,1,0,0,1,0,0,0,0,0,0,0,0,0,0,0
data/audio_wav/053/053046.wav,54,1,1,0,1,0,0,0,0,1,0,0,1,0,0,0,0,0,0,0,0,0,0,0
data/audio_wav/053/053047.wav,54,1,1,0,1,0,0,0,0,1,0,0,1,0,0,0,0,0,0,0,0,0,0,0
data/audio_wav/053/053048.wav,54,1,1,0,1,0,0,0,0,1,0,0,1,0,0,0,0,0,0,0,0,0,0,0
data/audio_wav/053/053049.wav,54,1,1,0,1,0,0,0,0,1,0,0,1,0,0,0,0,0,0,0,0,0,0,0
data/audio_wav/054/054000.wav,55,1,1,0,1,0,0,0,0,1,0,0,0,1,0,0,0,0,0,0,0,0,0,0
data/audio_wav/054/054001.wav,55,1,1,0,1,0,0,0,0,1,0,0,0,1,0,0,0,0,0,0,0,0,0,0
data/audio_wav/054/054002.wav,55,1,1,0,1,0,0,0,0,1,0,0,0,1,0,0,0,0,0,0,0,0,0,0
data/audio_wav/054/054003.wav,55,1,1,0,1,0,0,0,0,1,0,0,0,1,0,0,0,0,0,0,0,0,0,0
data/audio_wav/054/054004.wav,55,1,1,0,1,0,0,0,0,1,0,0,0,1,0,0,0,0,0,0,0,0,0,0
data/audio_wav/054/054005.wav,55,1,1,0,1,0,0,0,0,1,0,0,0,1,0,0,0,0,0,0,0,0,0,0
data/audio_wav/054/054006.wav,55,1,1,0,1,0,0,0,0,1,0,0,0,1,0,0,0,0,0,0,0,0,0,0
data/audio_wav/054/054007.wav,55,1,1,0,1,0,0,0,0,1,0,0,0,1,0,0,0,0,0,0,0,0,0,0
data/audio_wav/054/054008.wav,55,1,1,0,1,0,0,0,0,1,0,0,0,1,0,0,0,0,0,0,0,0,0,0
data/audio_wav/054/054009.wav,55,1,1,0,1,0,0,0,0,1,0,0,0,1,0,0,0,0,0,0,0,0,0,0
data/audio_wav/054/054010.wav,55,1,1,0,1,0,0,0,0,1,0,0,0,1,0,0,0,0,0,0,0,0,0,0
data/audio_wav/054/054011.wav,55,1,1,0,1,0,0,0,0,1,0,0,0,1,0,0,0,0,0,0,0,0,0,0
data/audio_wav/054/054012.wav,55,1,1,0,1,0,0,0,0,1,0,0,0,1,0,0,0,0,0,0,0,0,0,0
data/audio_wav/054/054013.wav,55,1,1,0,1,0,0,0,0,1,0,0,0,1,0,0,0,0,0,0,0,0,0,0
data/audio_wav/054/054014.wav,55,1,1,0,1,0,0,0,0,1,0,0,0,1,0,0,0,0,0,0,0,0,0,0
data/audio_wav/054/054015.wav,55,1,1,0,1,0,0,0,0,1,0,0,0,1,0,0,0,0,0,0,0,0,0,0
data/audio_wav/054/054016.wav,55,1,1,0,1,0,0,0,0,1,0,0,0,1,0,0,0,0,0,0,0,0,0,0
data/audio_wav/054/054017.wav,55,1,1,0,1,0,0,0,0,1,0,0,0,1,0,0,0,0,0,0,0,0,0,0
data/audio_wav/054/054018.wav,55,1,1,0,1,0,0,0,0,1,0,0,0,1,0,0,0,0,0,0,0,0,0,0
data/audio_wav/054/054019.wav,55,1,1,0,1,0,0,0,0,1,0,0,0,1,0,0,0,0,0,0,0,0,0,0
data/audio_wav/054/054020.wav,55,1,1,0,1,0,0,0,0,1,0,0,0,1,0,0,0,0,0,0,0,0,0,0
data/audio_wav/054/054021.wav,55,1,1,0,1,0,0,0,0,1,0,0,0,1,0,0,0,0,0,0,0,0,0,0
data/audio_wav/054/054022.wav,55,1,1,0,1,0,0,0,0,1,0,0,0,1,0,0,0,0,0,0,0,0,0,0
data/audio_wav/054/054023.wav,55,1,1,0,1,0,0,0,0,1,0,0,0,1,0,0,0,0,0,0,0,0,0,0
data/audio_wav/054/054024.wav,55,1,1,0,1,0,0,0,0,1,0,0,0,1,0,0,0,0,0,0,0,0,0,0
data/audio_wav/054/054025.wav,55,1,1,0,1,0,0,0,0,1,0,0,0,1,0,0,0,0,0,0,0,0,0,0
data/audio_wav/054/054026.wav,55,1,1,0,1,0,0,0,0,1,0,0,0,1,0,0,0,0,0,0,0,0,0,0
data/audio_wav/054/054027.wav,55,1,1,0,1,0,0,0,0,1,0,0,0,1,0,0,0,0,0,0,0,0,0,0
data/audio_wav/054/054028.wav,55,1,1,0,1,0,0,0,0,1,0,0,0,1,0,0,0,0,0,0,0,0,0,0
data/audio_wav/054/054029.wav,55,1,1,0,1,0,0,0,0,1,0,0,0,1,0,0,0,0,0,0,0,0,0,0
data/audio_wav/054/054030.wav,55,1,1,0,1,0,0,0,0,1,0,0,0,1,0,0,0,0,0,0,0,0,0,0
data/audio_wav/054/054031.wav,55,1,1,0,1,0,0,0,0,1,0,0,0,1,0,0,0,0,0,0,0,0,0,0
data/audio_wav/054/054032.wav,55,1,1,0,1,0,0,0,0,1,0,0,0,1,0,0,0,0,0,0,0,0,0,0
data/audio_wav/054/054033.wav,55,1,1,0,1,0,0,0,0,1,0,0,0,1,0,0,0,0,0,0,0,0,0,0
data/audio_wav/054/054034.wav,55,1,1,0,1,0,0,0,0,1,0,0,0,1,0,0,0,0,0,0,0,0,0,0
data/audio_wav/054/054035.wav,55,1,1,0,1,0,0,0,0,1,0,0,0,1,0,0,0,0,0,0,0,0,0,0
data/audio_wav/054/054036.wav,55,1,1,0,1,0,0,0,0,1,0,0,0,1,0,0,0,0,0,0,0,0,0,0
data/audio_wav/054/054037.wav,55,1,1,0,1,0,0,0,0,1,0,0,0,1,0,0,0,0,0,0,0,0,0,0
data/audio_wav/054/054038.wav,55,1,1,0,1,0,0,0,0,1,0,0,0,1,0,0,0,0,0,0,0,0,0,0
data/audio_wav/054/054039.wav,55,1,1,0,1,0,0,0,0,1,0,0,0,1,0,0,0,0,0,0,0,0,0,0
data/audio_wav/054/054040.wav,55,1,1,0,1,0,0,0,0,1,0,0,0,1,0,0,0,0,0,0,0,0,0,0
data/audio_wav/054/054041.wav,55,1,1,0,1,0,0,0,0,1,0,0,0,1,0,0,0,0,0,0,0,0,0,0
data/audio_wav/054/054042.wav,55,1,1,0,1,0,0,0,0,1,0,0,0,1,0,0,0,0,0,0,0,0,0,0
data/audio_wav/054/054043.wav,55,1,1,0,1,0,0,0,0,1,0,0,0,1,0,0,0,0,0,0,0,0,0,0
data/audio_wav/054/054044.wav,55,1,1,0,1,0,0,0,0,1,0,0,0,1,0,0,0,0,0,0,0,0,0,0
data/audio_wav/054/054045.wav,55,1,1,0,1,0,0,0,0,1,0,0,0,1,0,0,0,0,0,0,0,0,0,0
data/audio_wav/054/054046.wav,55,1,1,0,1,0,0,0,0,1,0,0,0,1,0,0,0,0,0,0,0,0,0,0
data/audio_wav/054/054047.wav,55,1,1,0,1,0,0,0,0,1,0,0,0,1,0,0,0,0,0,0,0,0,0,0
data/audio_wav/054/054048.wav,55,1,1,0,1,0,0,0,0,1,0,0,0,1,0,0,0,0,0,0,0,0,0,0
data/audio_wav/054/054049.wav,55,1,1,0,1,0,0,0,0,1,0,0,0,1,0,0,0,0,0,0,0,0,0,0
data/audio_wav/055/055000.wav,56,1,1,0,1,0,0,0,0,1,0,0,0,0,1,0,0,0,0,0,0,0,0,0
data/audio_wav/055/055001.wav,56,1,1,0,1,0,0,0,0,1,0,0,0,0,1,0,0,0,0,0,0,0,0,0
data/audio_wav/055/055002.wav,56,1,1,0,1,0,0,0,0,1,0,0,0,0,1,0,0,0,0,0,0,0,0,0
data/audio_wav/055/055003.wav,56,1,1,0,1,0,0,0,0,1,0,0,0,0,1,0,0,0,0,0,0,0,0,0
data/audio_wav/055/055004.wav,56,1,1,0,1,0,0,0,0,1,0,0,0,0,1,0,0,0,0,0,0,0,0,0
data/audio_wav/055/055005.wav,56,1,1,0,1,0,0,0,0,1,0,0,0,0,1,0,0,0,0,0,0,0,0,0
data/audio_wav/055/055006.wav,56,1,1,0,1,0,0,0,0,1,0,0,0,0,1,0,0,0,0,0,0,0,0,0
data/audio_wav/055/055007.wav,56,1,1,0,1,0,0,0,0,1,0,0,0,0,1,0,0,0,0,0,0,0,0,0
data/audio_wav/055/055008.wav,56,1,1,0,1,0,0,0,0,1,0,0,0,0,1,0,0,0,0,0,0,0,0,0
data/audio_wav/055/055009.wav,56,1,1,0,1,0,0,0,0,1,0,0,0,0,1,0,0,0,0,0,0,0,0,0
data/audio_wav/055/055010.wav,56,1,1,0,1,0,0,0,0,1,0,0,0,0,1,0,0,0,0,0,0,0,0,0
data/audio_wav/055/055011.wav,56,1,1,0,1,0,0,0,0,1,0,0,0,0,1,0,0,0,0,0,0,0,0,0
data/audio_wav/055/055012.wav,56,1,1,0,1,0,0,0,0,1,0,0,0,0,1,0,0,0,0,0,0,0,0,0
data/audio_wav/055/055013.wav,56,1,1,0,1,0,0,0,0,1,0,0,0,0,1,0,0,0,0,0,0,0,0,0
data/audio_wav/055/055014.wav,56,1,1,0,1,0,0,0,0,1,0,0,0,0,1,0,0,0,0,0,0,0,0,0
data/audio_wav/055/055015.wav,56,1,1,0,1,0,0,0,0,1,0,0,0,0,1,0,0,0,0,0,0,0,0,0
data/audio_wav/055/055016.wav,56,1,1,0,1,0,0,0,0,1,0,0,0,0,1,0,0,0,0,0,0,0,0,0
data/audio_wav/055/055017.wav,56,1,1,0,1,0,0,0,0,1,0,0,0,0,1,0,0,0,0,0,0,0,0,0
data/audio_wav/055/055018.wav,56,1,1,0,1,0,0,0,0,1,0,0,0,0,1,0,0,0,0,0,0,0,0,0
data/audio_wav/055/055019.wav,56,1,1,0,1,0,0,0,0,1,0,0,0,0,1,0,0,0,0,0,0,0,0,0
data/audio_wav/055/055020.wav,56,1,1,0,1,0,0,0,0,1,0,0,0,0,1,0,0,0,0,0,0,0,0,0
data/audio_wav/055/055021.wav,56,1,1,0,1,0,0,0,0,1,0,0,0,0,1,0,0,0,0,0,0,0,0,0
data/audio_wav/055/055022.wav,56,1,1,0,1,0,0,0,0,1,0,0,0,0,1,0,0,0,0,0,0,0,0,0
data/audio_wav/055/055023.wav,56,1,1,0,1,0,0,0,0,1,0,0,0,0,1,0,0,0,0,0,0,0,0,0
data/audio_wav/055/055024.wav,56,1,1,0,1,0,0,0,0,1,0,0,0,0,1,0,0,0,0,0,0,0,0,0
data/audio_wav/055/055025.wav,56,1,1,0,1,0,0,0,0,1,0,0,0,0,1,0,0,0,0,0,0,0,0,0
data/audio_wav/055/055026.wav,56,1,1,0,1,0,0,0,0,1,0,0,0,0,1,0,0,0,0,0,0,0,0,0
data/audio_wav/055/055027.wav,56,1,1,0,1,0,0,0,0,1,0,0,0,0,1,0,0,0,0,0,0,0,0,0
data/audio_wav/055/055028.wav,56,1,1,0,1,0,0,0,0,1,0,0,0,0,1,0,0,0,0,0,0,0,0,0
data/audio_wav/055/055029.wav,56,1,1,0,1,0,0,0,0,1,0,0,0,0,1,0,0,0,0,0,0,0,0,0
data/audio_wav/055/055030.wav,56,1,1,0,1,0,0,0,0,1,0,0,0,0,1,0,0,0,0,0,0,0,0,0
data/audio_wav/055/055031.wav,56,1,1,0,1,0,0,0,0,1,0,0,0,0,1,0,0,0,0,0,0,0,0,0
data/audio_wav/055/055032.wav,56,1,1,0,1,0,0,0,0,1,0,0,0,0,1,0,0,0,0,0,0,0,0,0
data/audio_wav/055/055033.wav,56,1,1,0,1,0,0,0,0,1,0,0,0,0,1,0,0,0,0,0,0,0,0,0
data/audio_wav/055/055034.wav,56,1,1,0,1,0,0,0,0,1,0,0,0,0,1,0,0,0,0,0,0,0,0,0
data/audio_wav/055/055035.wav,56,1,1,0,1,0,0,0,0,1,0,0,0,0,1,0,0,0,0,0,0,0,0,0
data/audio_wav/055/055036.wav,56,1,1,0,1,0,0,0,0,1,0,0,0,0,1,0,0,0,0,0,0,0,0,0
data/audio_wav/055/055037.wav,56,1,1,0,1,0,0,0,0,1,0,0,0,0,1,0,0,0,0,0,0,0,0,0
data/audio_wav/055/055038.wav,56,1,1,0,1,0,0,0,0,1,0,0,0,0,1,0,0,0,0,0,0,0,0,0
data/audio_wav/055/055039.wav,56,1,1,0,1,0,0,0,0,1,0,0,0,0,1,0,0,0,0,0,0,0,0,0
data/audio_wav/055/055040.wav,56,1,1,0,1,0,0,0,0,1,0,0,0,0,1,0,0,0,0,0,0,0,0,0
data/audio_wav/055/055041.wav,56,1,1,0,1,0,0,0,0,1,0,0,0,0,1,0,0,0,0,0,0,0,0,0
data/audio_wav/055/055042.wav,56,1,1,0,1,0,0,0,0,1,0,0,0,0,1,0,0,0,0,0,0,0,0,0
data/audio_wav/055/055043.wav,56,1,1,0,1,0,0,0,0,1,0,0,0,0,1,0,0,0,0,0,0,0,0,0
data/audio_wav/055/055044.wav,56,1,1,0,1,0,0,0,0,1,0,0,0,0,1,0,0,0,0,0,0,0,0,0
data/audio_wav/055/055045.wav,56,1,1,0,1,0,0,0,0,1,0,0,0,0,1,0,0,0,0,0,0,0,0,0
data/audio_wav/055/055046.wav,56,1,1,0,1,0,0,0,0,1,0,0,0,0,1,0,0,0,0,0,0,0,0,0
data/audio_wav/055/055047.wav,56,1,1,0,1,0,0,0,0,1,0,0,0,0,1,0,0,0,0,0,0,0,0,0
data/audio_wav/055/055048.wav,56,1,1,0,1,0,0,0,0,1,0,0,0,0,1,0,0,0,0,0,0,0,0,0
data/audio_wav/055/055049.wav,56,1,1,0,1,0,0,0,0,1,0,0,0,0,1,0,0,0,0,0,0,0,0,0
data/audio_wav/056/056000.wav,57,1,1,0,1,0,0,0,0,1,0,0,0,0,0,1,0,0,0,0,0,0,0,0
data/audio_wav/056/056001.wav,57,1,1,0,1,0,0,0,0,1,0,0,0,0,0,1,0,0,0,0,0,0,0,0
data/audio_wav/056/056002.wav,57,1,1,0,1,0,0,0,0,1,0,0,0,0,0,1,0,0,0,0,0,0,0,0
data/audio_wav/056/056003.wav,57,1,1,0,1,0,0,0,0,1,0,0,0,0,0,1,0,0,0,0,0,0,0,0
data/audio_wav/056/056004.wav,57,1,1,0,1,0,0,0,0,1,0,0,0,0,0,1,0,0,0,0,0,0,0,0
data/audio_wav/056/056005.wav,57,1,1,0,1,0,0,0,0,1,0,0,0,0,0,1,0,0,0,0,0,0,0,0
data/audio_wav/056/056006.wav,57,1,1,0,1,0,0,0,0,1,0,0,0,0,0,1,0,0,0,0,0,0,0,0
data/audio_wav/056/056007.wav,57,1,1,0,1,0,0,0,0,1,0,0,0,0,0,1,0,0,0,0,0,0,0,0
data/audio_wav/056/056008.wav,57,1,1,0,1,0,0,0,0,1,0,0,0,0,0,1,0,0,0,0,0,0,0,0
data/audio_wav/056/056009.wav,57,1,1,0,1,0,0,0,0,1,0,0,0,0,0,1,0,0,0,0,0,0,0,0
data/audio_wav/056/056010.wav,57,1,1,0,1,0,0,0,0,1,0,0,0,0,0,1,0,0,0,0,0,0,0,0
data/audio_wav/056/056011.wav,57,1,1,0,1,0,0,0,0,1,0,0,0,0,0,1,0,0,0,0,0,0,0,0
data/audio_wav/056/056012.wav,57,1,1,0,1,0,0,0,0,1,0,0,0,0,0,1,0,0,0,0,0,0,0,0
data/audio_wav/056/056013.wav,57,1,1,0,1,0,0,0,0,1,0,0,0,0,0,1,0,0,0,0,0,0,0,0
data/audio_wav/056/056014.wav,57,1,1,0,1,0,0,0,0,1,0,0,0,0,0,1,0,0,0,0,0,0,0,0
data/audio_wav/056/056015.wav,57,1,1,0,1,0,0,0,0,1,0,0,0,0,0,1,0,0,0,0,0,0,0,0
data/audio_wav/056/056016.wav,57,1,1,0,1,0,0,0,0,1,0,0,0,0,0,1,0,0,0,0,0,0,0,0
data/audio_wav/056/056017.wav,57,1,1,0,1,0,0,0,0,1,0,0,0,0,0,1,0,0,0,0,0,0,0,0
data/audio_wav/056/056018.wav,57,1,1,0,1,0,0,0,0,1,0,0,0,0,0,1,0,0,0,0,0,0,0,0
data/audio_wav/056/056019.wav,57,1,1,0,1,0,0,0,0,1,0,0,0,0,0,1,0,0,0,0,0,0,0,0
data/audio_wav/056/056020.wav,57,1,1,0,1,0,0,0,0,1,0,0,0,0,0,1,0,0,0,0,0,0,0,0
data/audio_wav/056/056021.wav,57,1,1,0,1,0,0,0,0,1,0,0,0,0,0,1,0,0,0,0,0,0,0,0
data/audio_wav/056/056022.wav,57,1,1,0,1,0,0,0,0,1,0,0,0,0,0,1,0,0,0,0,0,0,0,0
data/audio_wav/056/056023.wav,57,1,1,0,1,0,0,0,0,1,0,0,0,0,0,1,0,0,0,0,0,0,0,0
data/audio_wav/056/056024.wav,57,1,1,0,1,0,0,0,0,1,0,0,0,0,0,1,0,0,0,0,0,0,0,0
data/audio_wav/056/056025.wav,57,1,1,0,1,0,0,0,0,1,0,0,0,0,0,1,0,0,0,0,0,0,0,0
data/audio_wav/056/056026.wav,57,1,1,0,1,0,0,0,0,1,0,0,0,0,0,1,0,0,0,0,0,0,0,0
data/audio_wav/056/056027.wav,57,1,1,0,1,0,0,0,0,1,0,0,0,0,0,1,0,0,0,0,0,0,0,0
data/audio_wav/056/056028.wav,57,1,1,0,1,0,0,0,0,1,0,0,0,0,0,1,0,0,0,0,0,0,0,0
data/audio_wav/056/056029.wav,57,1,1,0,1,0,0,0,0,1,0,0,0,0,0,1,0,0,0,0,0,0,0,0
data/audio_wav/056/056030.wav,57,1,1,0,1,0,0,0,0,1,0,0,0,0,0,1,0,0,0,0,0,0,0,0
data/audio_wav/056/056031.wav,57,1,1,0,1,0,0,0,0,1,0,0,0,0,0,1,0,0,0,0,0,0,0,0
data/audio_wav/056/056032.wav,57,1,1,0,1,0,0,0,0,1,0,0,0,0,0,1,0,0,0,0,0,0,0,0
data/audio_wav/056/056033.wav,57,1,1,0,1,0,0,0,0,1,0,0,0,0,0,1,0,0,0,0,0,0,0,0
data/audio_wav/056/056034.wav,57,1,1,0,1,0,0,0,0,1,0,0,0,0,0,1,0,0,0,0,0,0,0,0
data/audio_wav/056/056035.wav,57,1,1,0,1,0,0,0,0,1,0,0,0,0,0,1,0,0,0,0,0,0,0,0
data/audio_wav/056/056036.wav,57,1,1,0,1,0,0,0,0,1,0,0,0,0,0,1,0,0,0,0,0,0,0,0
data/audio_wav/056/056037.wav,57,1,1,0,1,0,0,0,0,1,0,0,0,0,0,1,0,0,0,0,0,0,0,0
data/audio_wav/056/056038.wav,57,1,1,0,1,0,0,0,0,1,0,0,0,0,0,1,0,0,0,0,0,0,0,0
data/audio_wav/056/056039.wav,57,1,1,0,1,0,0,0,0,1,0,0,0,0,0,1,0,0,0,0,0,0,0,0
data/audio_wav/056/056040.wav,57,1,1,0,1,0,0,0,0,1,0,0,0,0,0,1,0,0,0,0,0,0,0,0
data/audio_wav/056/056041.wav,57,1,1,0,1,0,0,0,0,1,0,0,0,0,0,1,0,0,0,0,0,0,0,0
data/audio_wav/056/056042.wav,57,1,1,0,1,0,0,0,0,1,0,0,0,0,0,1,0,0,0,0,0,0,0,0
data/audio_wav/056/056043.wav,57,1,1,0,1,0,0,0,0,1,0,0,0,0,0,1,0,0,0,0,0,0,0,0
data/audio_wav/056/056044.wav,57,1,1,0,1,0,0,0,0,1,0,0,0,0,0,1,0,0,0,0,0,0,0,0
data/audio_wav/056/056045.wav,57,1,1,0,1,0,0,0,0,1,0,0,0,0,0,1,0,0,0,0,0,0,0,0
data/audio_wav/056/056046.wav,57,1,1,0,1,0,0,0,0,1,0,0,0,0,0,1,0,0,0,0,0,0,0,0
data/audio_wav/056/056047.wav,57,1,1,0,1,0,0,0,0,1,0,0,0,0,0,1,0,0,0,0,0,0,0,0
data/audio_wav/056/056048.wav,57,1,1,0,1,0,0,0,0,1,0,0,0,0,0,1,0,0,0,0,0,0,0,0
data/audio_wav/056/056049.wav,57,1,1,0,1,0,0,0,0,1,0,0,0,0,0,1,0,0,0,0,0,0,0,0
data/audio_wav/057/057000.wav,58,1,1,0,1,0,0,0,0,1,0,0,0,0,0,0,1,0,0,0,0,0,0,0
data/audio_wav/057/057001.wav,58,1,1,0,1,0,0,0,0,1,0,0,0,0,0,0,1,0,0,0,0,0,0,0
data/audio_wav/057/057002.wav,58,1,1,0,1,0,0,0,0,1,0,0,0,0,0,0,1,0,0,0,0,0,0,0
data/audio_wav/057/057003.wav,58,1,1,0,1,0,0,0,0,1,0,0,0,0,0,0,1,0,0,0,0,0,0,0
data/audio_wav/057/057004.wav,58,1,1,0,1,0,0,0,0,1,0,0,0,0,0,0,1,0,0,0,0,0,0,0
data/audio_wav/057/057005.wav,58,1,1,0,1,0,0,0,0,1,0,0,0,0,0,0,1,0,0,0,0,0,0,0
data/audio_wav/057/057006.wav,58,1,1,0,1,0,0,0,0,1,0,0,0,0,0,0,1,0,0,0,0,0,0,0
data/audio_wav/057/057007.wav,58,1,1,0,1,0,0,0,0,1,0,0,0,0,0,0,1,0,0,0,0,0,0,0
data/audio_wav/057/057008.wav,58,1,1,0,1,0,0,0,0,1,0,0,0,0,0,0,1,0,0,0,0,0,0,0
data/audio_wav/057/057009.wav,58,1,1,0,1,0,0,0,0,1,0,0,0,0,0,0,1,0,0,0,0,0,0,0
data/audio_wav/057/057010.wav,58,1,1,0,1,0,0,0,0,1,0,0,0,0,0,0,1,0,0,0,0,0,0,0
data/audio_wav/057/057011.wav,58,1,1,0,1,0,0,0,0,1,0,0,0,0,0,0,1,0,0,0,0,0,0,0
data/audio_wav/057/057012.wav,58,1,1,0,1,0,0,0,0,1,0,0,0,0,0,0,1,0,0,0,0,0,0,0
data/audio_wav/057/057013.wav,58,1,1,0,1,0,0,0,0,1,0,0,0,0,0,0,1,0,0,0,0,0,0,0
data/audio_wav/057/057014.wav,58,1,1,0,1,0,0,0,0,1,0,0,0,0,0,0,1,0,0,0,0,0,0,0
data/audio_wav/057/057015.wav,58,1,1,0,1,0,0,0,0,1,0,0,0,0,0,0,1,0,0,0,0,0,0,0
data/audio_wav/057/057016.wav,58,1,1,0,1,0,0,0,0,1,0,0,0,0,0,0,1,0,0,0,0,0,0,0
data/audio_wav/057/057017.wav,58,1,1,0,1,0,0,0,0,1,0,0,0,0,0,0,1,0,0,0,0,0,0,0
data/audio_wav/057/057018.wav,58,1,1,0,1,0,0,0,0,1,0,0,0,0,0,0,1,0,0,0,0,0,0,0
data/audio_wav/057/057019.wav,58,1,1,0,1,0,0,0,0,1,0,0,0,0,0,0,1,0,0,0,0,0,0,0
data/audio_wav/057/057020.wav,58,1,1,0,1,0,0,0,0,1,0,0,0,0,0,0,1,0,0,0,0,0,0,0
data/audio_wav/057/057021.wav,58,1,1,0,1,0,0,0,0,1,0,0,0,0,0,0,1,0,0,0,0,0,0,0
data/audio_wav/057/057022.wav,58,1,1,0,1,0,0,0,0,1,0,0,0,0,0,0,1,0,0,0,0,0,0,0
data/audio_wav/057/057023.wav,58,1,1,0,1,0,0,0,0,1,0,0,0,0,0,0,1,0,0,0,0,0,0,0
data/audio_wav/057/057024.wav,58,1,1,0,1,0,0,0,0,1,0,0,0,0,0,0,1,0,0,0,0,0,0,0
data/audio_wav/057/057025.wav,58,1,1,0,1,0,0,0,0,1,0,0,0,0,0,0,1,0,0,0,0,0,0,0
data/audio_wav/057/057026.wav,58,1,1,0,1,0,0,0,0,1,0,0,0,0,0,0,1,0,0,0,0,0,0,0
data/audio_wav/057/057027.wav,58,1,1,0,1,0,0,0,0,1,0,0,0,0,0,0,1,0,0,0,0,0,0,0
data/audio_wav/057/057028.wav,58,1,1,0,1,0,0,0,0,1,0,0,0,0,0,0,1,0,0,0,0,0,0,0
data/audio_wav/057/057029.wav,58,1,1,0,1,0,0,0,0,1,0,0,0,0,0,0,1,0,0,0,0,0,0,0
data/audio_wav/057/057030.wav,58,1,1,0,1,0,0,0,0,1,0,0,0,0,0,0,1,0,0,0,0,0,0,0
data/audio_wav/057/057031.wav,58,1,1,0,1,0,0,0,0,1,0,0,0,0,0,0,1,0,0,0,0,0,0,0
data/audio_wav/057/057032.wav,58,1,1,0,1,0,0,0,0,1,0,0,0,0,0,0,1,0,0,0,0,0,0,0
data/audio_wav/057/057033.wav,58,1,1,0,1,0,0,0,0,1,0,0,0,0,0,0,1,0,0,0,0,0,0,0
data/audio_wav/057/057034.wav,58,1,1,0,1,0,0,0,0,1,0,0,0,0,0,0,1,0,0,0,0,0,0,0
data/audio_wav/057/057035.wav,58,1,1,0,1,0,0,0,0,1,0,0,0,0,0,0,1,0,0,0,0,0,0,0
data/audio_wav/057/057036.wav,58,1,1,0,1,0,0,0,0,1,0,0,0,0,0,0,1,0,0,0,0,0,0,0
data/audio_wav/057/057037.wav,58,1,1,0,1,0,0,0,0,1,0,0,0,0,0,0,1,0,0,0,0,0,0,0
data/audio_wav/057/057038.wav,58,1,1,0,1,0,0,0,0,1,0,0,0,0,0,0,1,0,0,0,0,0,0,0
data/audio_wav/057/057039.wav,58,1,1,0,1,0,0,0,0,1,0,0,0,0,0,0,1,0,0,0,0,0,0,0
data/audio_wav/057/057040.wav,58,1,1,0,1,0,0,0,0,1,0,0,0,0,0,0,1,0,0,0,0,0,0,0
data/audio_wav/057/057041.wav,58,1,1,0,1,0,0,0,0,1,0,0,0,0,0,0,1,0,0,0,0,0,0,0
data/audio_wav/057/057042.wav,58,1,1,0,1,0,0,0,0,1,0,0,0,0,0,0,1,0,0,0,0,0,0,0
data/audio_wav/057/057043.wav,58,1,1,0,1,0,0,0,0,1,0,0,0,0,0,0,1,0,0,0,0,0,0,0
data/audio_wav/057/057044.wav,58,1,1,0,1,0,0,0,0,1,0,0,0,0,0,0,1,0,0,0,0,0,0,0
data/audio_wav/057/057045.wav,58,1,1,0,1,0,0,0,0,1,0,0,0,0,0,0,1,0,0,0,0,0,0,0
data/audio_wav/057/057046.wav,58,1,1,0,1,0,0,0,0,1,0,0,0,0,0,0,1,0,0,0,0,0,0,0
data/audio_wav/057/057047.wav,58,1,1,0,1,0,0,0,0,1,0,0,0,0,0,0,1,0,0,0,0,0,0,0
data/audio_wav/057/057048.wav,58,1,1,0,1,0,0,0,0,1,0,0,0,0,0,0,1,0,0,0,0,0,0,0
data/audio_wav/057/057049.wav,58,1,1,0,1,0,0,0,0,1,0,0,0,0,0,0,1,0,0,0,0,0,0,0
data/audio_wav/058/058000.wav,59,0,0,0,1,0,0,0,0,1,0,0,0,0,0,0,0,1,0,0,0,0,0,0
data/audio_wav/058/058001.wav,59,0,0,0,1,0,0,0,0,1,0,0,0,0,0,0,0,1,0,0,0,0,0,0
data/audio_wav/058/058002.wav,59,0,0,0,1,0,0,0,0,1,0,0,0,0,0,0,0,1,0,0,0,0,0,0
data/audio_wav/058/058003.wav,59,0,0,0,1,0,0,0,0,1,0,0,0,0,0,0,0,1,0,0,0,0,0,0
data/audio_wav/058/058004.wav,59,0,0,0,1,0,0,0,0,1,0,0,0,0,0,0,0,1,0,0,0,0,0,0
data/audio_wav/058/058005.wav,59,0,0,0,1,0,0,0,0,1,0,0,0,0,0,0,0,1,0,0,0,0,0,0
data/audio_wav/058/058006.wav,59,0,0,0,1,0,0,0,0,1,0,0,0,0,0,0,0,1,0,0,0,0,0,0
data/audio_wav/058/058007.wav,59,0,0,0,1,0,0,0,0,1,0,0,0,0,0,0,0,1,0,0,0,0,0,0
data/audio_wav/058/058008.wav,59,0,0,0,1,0,0,0,0,1,0,0,0,0,0,0,0,1,0,0,0,0,0,0
data/audio_wav/058/058009.wav,59,0,0,0,1,0,0,0,0,1,0,0,0,0,0,0,0,1,0,0,0,0,0,0
data/audio_wav/058/058010.wav,59,0,0,0,1,0,0,0,0,1,0,0,0,0,0,0,0,1,0,0,0,0,0,0
data/audio_wav/058/058011.wav,59,0,0,0,1,0,0,0,0,1,0,0,0,0,0,0,0,1,0,0,0,0,0,0
data/audio_wav/058/058012.wav,59,0,0,0,1,0,0,0,0,1,0,0,0,0,0,0,0,1,0,0,0,0,0,0
data/audio_wav/058/058013.wav,59,0,0,0,1,0,0,0,0,1,0,0,0,0,0,0,0,1,0,0,0,0,0,0
data/audio_wav/058/058014.wav,59,0,0,0,1,0,0,0,0,1,0,0,0,0,0,0,0,1,0,0,0,0,0,0
data/audio_wav/058/058015.wav,59,0,0,0,1,0,0,0,0,1,0,0,0,0,0,0,0,1,0,0,0,0,0,0
data/audio_wav/058/058016.wav,59,0,0,0,1,0,0,0,0,1,0,0,0,0,0,0,0,1,0,0,0,0,0,0
data/audio_wav/058/058017.wav,59,0,0,0,1,0,0,0,0,1,0,0,0,0,0,0,0,1,0,0,0,0,0,0
data/audio_wav/058/058018.wav,59,0,0,0,1,0,0,0,0,1,0,0,0,0,0,0,0,1,0,0,0,0,0,0
data/audio_wav/058/058019.wav,59,0,0,0,1,0,0,0,0,1,0,0,0,0,0,0,0,1,0,0,0,0,0,0
data/audio_wav/058/058020.wav,59,0,0,0,1,0,0,0,0,1,0,0,0,0,0,0,0,1,0,0,0,0,0,0
data/audio_wav/058/058021.wav,59,0,0,0,1,0,0,0,0,1,0,0,0,0,0,0,0,1,0,0,0,0,0,0
data/audio_wav/058/058022.wav,59,0,0,0,1,0,0,0,0,1,0,0,0,0,0,0,0,1,0,0,0,0,0,0
data/audio_wav/058/058023.wav,59,0,0,0,1,0,0,0,0,1,0,0,0,0,0,0,0,1,0,0,0,0,0,0
data/audio_wav/058/058024.wav,59,0,0,0,1,0,0,0,0,1,0,0,0,0,0,0,0,1,0,0,0,0,0,0
data/audio_wav/058/058025.wav,59,0,0,0,1,0,0,0,0,1,0,0,0,0,0,0,0,1,0,0,0,0,0,0
data/audio_wav/058/058026.wav,59,0,0,0,1,0,0,0,0,1,0,0,0,0,0,0,0,1,0,0,0,0,0,0
data/audio_wav/058/058027.wav,59,0,0,0,1,0,0,0,0,1,0,0,0,0,0,0,0,1,0,0,0,0,0,0
data/audio_wav/058/058028.wav,59,0,0,0,1,0,0,0,0,1,0,0,0,0,0,0,0,1,0,0,0,0,0,0
data/audio_wav/058/058029.wav,59,0,0,0,1,0,0,0,0,1,0,0,0,0,0,0,0,1,0,0,0,0,0,0
data/audio_wav/058/058030.wav,59,0,0,0,1,0,0,0,0,1,0,0,0,0,0,0,0,1,0,0,0,0,0,0
data/audio_wav/058/058031.wav,59,0,0,0,1,0,0,0,0,1,0,0,0,0,0,0,0,1,0,0,0,0,0,0
data/audio_wav/058/058032.wav,59,0,0,0,1,0,0,0,0,1,0,0,0,0,0,0,0,1,0,0,0,0,0,0
data/audio_wav/058/058033.wav,59,0,0,0,1,0,0,0,0,1,0,0,0,0,0,0,0,1,0,0,0,0,0,0
data/audio_wav/058/058034.wav,59,0,0,0,1,0,0,0,0,1,0,0,0,0,0,0,0,1,0,0,0,0,0,0
data/audio_wav/058/058035.wav,59,0,0,0,1,0,0,0,0,1,0,0,0,0,0,0,0,1,0,0,0,0,0,0
data/audio_wav/058/058036.wav,59,0,0,0,1,0,0,0,0,1,0,0,0,0,0,0,0,1,0,0,0,0,0,0
data/audio_wav/058/058037.wav,59,0,0,0,1,0,0,0,0,1,0,0,0,0,0,0,0,1,0,0,0,0,0,0
data/audio_wav/058/058038.wav,59,0,0,0,1,0,0,0,0,1,0,0,0,0,0,0,0,1,0,0,0,0,0,0
data/audio_wav/058/058039.wav,59,0,0,0,1,0,0,0,0,1,0,0,0,0,0,0,0,1,0,0,0,0,0,0
data/audio_wav/058/058040.wav,59,0,0,0,1,0,0,0,0,1,0,0,0,0,0,0,0,1,0,0,0,0,0,0
data/audio_wav/058/058041.wav,59,0,0,0,1,0,0,0,0,1,0,0,0,0,0,0,0,1,0,0,0,0,0,0
data/audio_wav/058/058042.wav,59,0,0,0,1,0,0,0,0,1,0,0,0,0,0,0,0,1,0,0,0,0,0,0
data/audio_wav/058/058043.wav,59,0,0,0,1,0,0,0,0,1,0,0,0,0,0,0,0,1,0,0,0,0,0,0
data/audio_wav/058/058044.wav,59,0,0,0,1,0,0,0,0,1,0,0,0,0,0,0,0,1,0,0,0,0,0,0
data/audio_wav/058/058045.wav,59,0,0,0,1,0,0,0,0,1,0,0,0,0,0,0,0,1,0,0,0,0,0,0
data/audio_wav/058/058046.wav,59,0,0,0,1,0,0,0,0,1,0,0,0,0,0,0,0,1,0,0,0,0,0,0
data/audio_wav/058/058047.wav,59,0,0,0,1,0,0,0,0,1,0,0,0,0,0,0,0,1,0,0,0,0,0,0
data/audio_wav/058/058048.wav,59,0,0,0,1,0,0,0,0,1,0,0,0,0,0,0,0,1,0,0,0,0,0,0
data/audio_wav/058/058049.wav,59,0,0,0,1,0,0,0,0,1,0,0,0,0,0,0,0,1,0,0,0,0,0,0
data/audio_wav/059/059000.wav,60,1,2,0,1,0,0,0,0,1,0,0,0,0,0,0,0,0,1,0,0,0,0,0
data/audio_wav/059/059001.wav,60,1,2,0,1,0,0,0,0,1,0,0,0,0,0,0,0,0,1,0,0,0,0,0
data/audio_wav/059/059002.wav,60,1,2,0,1,0,0,0,0,1,0,0,0,0,0,0,0,0,1,0,0,0,0,0
data/audio_wav/059/059003.wav,60,1,2,0,1,0,0,0,0,1,0,0,0,0,0,0,0,0,1,0,0,0,0,0
data/audio_wav/059/059004.wav,60,1,2,0,1,0,0,0,0,1,0,0,0,0,0,0,0,0,1,0,0,0,0,0
data/audio_wav/059/059005.wav,60,1,2,0,1,0,0,0,0,1,0,0,0,0,0,0,0,0,1,0,0,0,0,0
data/audio_wav/059/059006.wav,60,1,2,0,1,0,0,0,0,1,0,0,0,0,0,0,0,0,1,0,0,0,0,0
data/audio_wav/059/059007.wav,60,1,2,0,1,0,0,0,0,1,0,0,0,0,0,0,0,0,1,0,0,0,0,0
data/audio_wav/059/059008.wav,60,1,2,0,1,0,0,0,0,1,0,0,0,0,0,0,0,0,1,0,0,0,0,0
data/audio_wav/059/059009.wav,60,1,2,0,1,0,0,0,0,1,0,0,0,0,0,0,0,0,1,0,0,0,0,0
data/audio_wav/059/059010.wav,60,1,2,0,1,0,0,0,0,1,0,0,0,0,0,0,0,0,1,0,0,0,0,0
data/audio_wav/059/059011.wav,60,1,2,0,1,0,0,0,0,1,0,0,0,0,0,0,0,0,1,0,0,0,0,0
data/audio_wav/059/059012.wav,60,1,2,0,1,0,0,0,0,1,0,0,0,0,0,0,0,0,1,0,0,0,0,0
data/audio_wav/059/059013.wav,60,1,2,0,1,0,0,0,0,1,0,0,0,0,0,0,0,0,1,0,0,0,0,0
data/audio_wav/059/059014.wav,60,1,2,0,1,0,0,0,0,1,0,0,0,0,0,0,0,0,1,0,0,0,0,0
data/audio_wav/059/059015.wav,60,1,2,0,1,0,0,0,0,1,0,0,0,0,0,0,0,0,1,0,0,0,0,0
data/audio_wav/059/059016.wav,60,1,2,0,1,0,0,0,0,1,0,0,0,0,0,0,0,0,1,0,0,0,0,0
data/audio_wav/059/059017.wav,60,1,2,0,1,0,0,0,0,1,0,0,0,0,0,0,0,0,1,0,0,0,0,0
data/audio_wav/059/059018.wav,60,1,2,0,1,0,0,0,0,1,0,0,0,0,0,0,0,0,1,0,0,0,0,0
data/audio_wav/059/059019.wav,60,1,2,0,1,0,0,0,0,1,0,0,0,0,0,0,0,0,1,0,0,0,0,0
data/audio_wav/059/059020.wav,60,1,2,0,1,0,0,0,0,1,0,0,0,0,0,0,0,0,1,0,0,0,0,0
data/audio_wav/059/059021.wav,60,1,2,0,1,0,0,0,0,1,0,0,0,0,0,0,0,0,1,0,0,0,0,0
data/audio_wav/059/059022.wav,60,1,2,0,1,0,0,0,0,1,0,0,0,0,0,0,0,0,1,0,0,0,0,0
data/audio_wav/059/059023.wav,60,1,2,0,1,0,0,0,0,1,0,0,0,0,0,0,0,0,1,0,0,0,0,0
data/audio_wav/059/059024.wav,60,1,2,0,1,0,0,0,0,1,0,0,0,0,0,0,0,0,1,0,0,0,0,0
data/audio_wav/059/059025.wav,60,1,2,0,1,0,0,0,0,1,0,0,0,0,0,0,0,0,1,0,0,0,0,0
data/audio_wav/059/059026.wav,60,1,2,0,1,0,0,0,0,1,0,0,0,0,0,0,0,0,1,0,0,0,0,0
data/audio_wav/059/059027.wav,60,1,2,0,1,0,0,0,0,1,0,0,0,0,0,0,0,0,1,0,0,0,0,0
data/audio_wav/059/059028.wav,60,1,2,0,1,0,0,0,0,1,0,0,0,0,0,0,0,0,1,0,0,0,0,0
data/audio_wav/059/059029.wav,60,1,2,0,1,0,0,0,0,1,0,0,0,0,0,0,0,0,1,0,0,0,0,0
data/audio_wav/059/059030.wav,60,1,2,0,1,0,0,0,0,1,0,0,0,0,0,0,0,0,1,0,0,0,0,0
data/audio_wav/059/059031.wav,60,1,2,0,1,0,0,0,0,1,0,0,0,0,0,0,0,0,1,0,0,0,0,0
data/audio_wav/059/059032.wav,60,1,2,0,1,0,0,0,0,1,0,0,0,0,0,0,0,0,1,0,0,0,0,0
data/audio_wav/059/059033.wav,60,1,2,0,1,0,0,0,0,1,0,0,0,0,0,0,0,0,1,0,0,0,0,0
data/audio_wav/059/059034.wav,60,1,2,0,1,0,0,0,0,1,0,0,0,0,0,0,0,0,1,0,0,0,0,0
data/audio_wav/059/059035.wav,60,1,2,0,1,0,0,0,0,1,0,0,0,0,0,0,0,0,1,0,0,0,0,0
data/audio_wav/059/059036.wav,60,1,2,0,1,0,0,0,0,1,0,0,0,0,0,0,0,0,1,0,0,0,0,0
data/audio_wav/059/059037.wav,60,1,2,0,1,0,0,0,0,1,0,0,0,0,0,0,0,0,1,0,0,0,0,0
data/audio_wav/059/059038.wav,60,1,2,0,1,0,0,0,0,1,0,0,0,0,0,0,0,0,1,0,0,0,0,0
data/audio_wav/059/059039.wav,60,1,2,0,1,0,0,0,0,1,0,0,0,0,0,0,0,0,1,0,0,0,0,0
data/audio_wav/059/059040.wav,60,1,2,0,1,0,0,0,0,1,0,0,0,0,0,0,0,0,1,0,0,0,0,0
data/audio_wav/059/059041.wav,60,1,2,0,1,0,0,0,0,1,0,0,0,0,0,0,0,0,1,0,0,0,0,0
data/audio_wav/059/059042.wav,60,1,2,0,1,0,0,0,0,1,0,0,0,0,0,0,0,0,1,0,0,0,0,0
data/audio_wav/059/059043.wav,60,1,2,0,1,0,0,0,0,1,0,0,0,0,0,0,0,0,1,0,0,0,0,0
data/audio_wav/059/059044.wav,60,1,2,0,1,0,0,0,0,1,0,0,0,0,0,0,0,0,1,0,0,0,0,0
data/audio_wav/059/059045.wav,60,1,2,0,1,0,0,0,0,1,0,0,0,0,0,0,0,0,1,0,0,0,0,0
data/audio_wav/059/059046.wav,60,1,2,0,1,0,0,0,0,1,0,0,0,0,0,0,0,0,1,0,0,0,0,0
data/audio_wav/059/059047.wav,60,1,2,0,1,0,0,0,0,1,0,0,0,0,0,0,0,0,1,0,0,0,0,0
data/audio_wav/059/059048.wav,60,1,2,0,1,0,0,0,0,1,0,0,0,0,0,0,0,0,1,0,0,0,0,0
data/audio_wav/059/059049.wav,60,1,2,0,1,0,0,0,0,1,0,0,0,0,0,0,0,0,1,0,0,0,0,0
data/audio_wav/060/060000.wav,61,1,1,0,1,0,0,0,0,1,0,0,0,0,0,0,0,0,0,1,0,0,0,0
data/audio_wav/060/060001.wav,61,1,1,0,1,0,0,0,0,1,0,0,0,0,0,0,0,0,0,1,0,0,0,0
data/audio_wav/060/060002.wav,61,1,1,0,1,0,0,0,0,1,0,0,0,0,0,0,0,0,0,1,0,0,0,0
data/audio_wav/060/060003.wav,61,1,1,0,1,0,0,0,0,1,0,0,0,0,0,0,0,0,0,1,0,0,0,0
data/audio_wav/060/060004.wav,61,1,1,0,1,0,0,0,0,1,0,0,0,0,0,0,0,0,0,1,0,0,0,0
data/audio_wav/060/060005.wav,61,1,1,0,1,0,0,0,0,1,0,0,0,0,0,0,0,0,0,1,0,0,0,0
data/audio_wav/060/060006.wav,61,1,1,0,1,0,0,0,0,1,0,0,0,0,0,0,0,0,0,1,0,0,0,0
data/audio_wav/060/060007.wav,61,1,1,0,1,0,0,0,0,1,0,0,0,0,0,0,0,0,0,1,0,0,0,0
data/audio_wav/060/060008.wav,61,1,1,0,1,0,0,0,0,1,0,0,0,0,0,0,0,0,0,1,0,0,0,0
data/audio_wav/060/060009.wav,61,1,1,0,1,0,0,0,0,1,0,0,0,0,0,0,0,0,0,1,0,0,0,0
data/audio_wav/060/060010.wav,61,1,1,0,1,0,0,0,0,1,0,0,0,0,0,0,0,0,0,1,0,0,0,0
data/audio_wav/060/060011.wav,61,1,1,0,1,0,0,0,0,1,0,0,0,0,0,0,0,0,0,1,0,0,0,0
data/audio_wav/060/060012.wav,61,1,1,0,1,0,0,0,0,1,0,0,0,0,0,0,0,0,0,1,0,0,0,0
data/audio_wav/060/060013.wav,61,1,1,0,1,0,0,0,0,1,0,0,0,0,0,0,0,0,0,1,0,0,0,0
data/audio_wav/060/060014.wav,61,1,1,0,1,0,0,0,0,1,0,0,0,0,0,0,0,0,0,1,0,0,0,0
data/audio_wav/060/060015.wav,61,1,1,0,1,0,0,0,0,1,0,0,0,0,0,0,0,0,0,1,0,0,0,0
data/audio_wav/060/060016.wav,61,1,1,0,1,0,0,0,0,1,0,0,0,0,0,0,0,0,0,1,0,0,0,0
data/audio_wav/060/060017.wav,61,1,1,0,1,0,0,0,0,1,0,0,0,0,0,0,0,0,0,1,0,0,0,0
data/audio_wav/060/060018.wav,61,1,1,0,1,0,0,0,0,1,0,0,0,0,0,0,0,0,0,1,0,0,0,0
data/audio_wav/060/060019.wav,61,1,1,0,1,0,0,0,0,1,0,0,0,0,0,0,0,0,0,1,0,0,0,0
data/audio_wav/060/060020.wav,61,1,1,0,1,0,0,0,0,1,0,0,0,0,0,0,0,0,0,1,0,0,0,0
data/audio_wav/060/060021.wav,61,1,1,0,1,0,0,0,0,1,0,0,0,0,0,0,0,0,0,1,0,0,0,0
data/audio_wav/060/060022.wav,61,1,1,0,1,0,0,0,0,1,0,0,0,0,0,0,0,0,0,1,0,0,0,0
data/audio_wav/060/060023.wav,61,1,1,0,1,0,0,0,0,1,0,0,0,0,0,0,0,0,0,1,0,0,0,0
data/audio_wav/060/060024.wav,61,1,1,0,1,0,0,0,0,1,0,0,0,0,0,0,0,0,0,1,0,0,0,0
data/audio_wav/060/060025.wav,61,1,1,0,1,0,0,0,0,1,0,0,0,0,0,0,0,0,0,1,0,0,0,0
data/audio_wav/060/060026.wav,61,1,1,0,1,0,0,0,0,1,0,0,0,0,0,0,0,0,0,1,0,0,0,0
data/audio_wav/060/060027.wav,61,1,1,0,1,0,0,0,0,1,0,0,0,0,0,0,0,0,0,1,0,0,0,0
data/audio_wav/060/060028.wav,61,1,1,0,1,0,0,0,0,1,0,0,0,0,0,0,0,0,0,1,0,0,0,0
data/audio_wav/060/060029.wav,61,1,1,0,1,0,0,0,0,1,0,0,0,0,0,0,0,0,0,1,0,0,0,0
data/audio_wav/060/060030.wav,61,1,1,0,1,0,0,0,0,1,0,0,0,0,0,0,0,0,0,1,0,0,0,0
data/audio_wav/060/060031.wav,61,1,1,0,1,0,0,0,0,1,0,0,0,0,0,0,0,0,0,1,0,0,0,0
data/audio_wav/060/060032.wav,61,1,1,0,1,0,0,0,0,1,0,0,0,0,0,0,0,0,0,1,0,0,0,0
data/audio_wav/060/060033.wav,61,1,1,0,1,0,0,0,0,1,0,0,0,0,0,0,0,0,0,1,0,0,0,0
data/audio_wav/060/060034.wav,61,1,1,0,1,0,0,0,0,1,0,0,0,0,0,0,0,0,0,1,0,0,0,0
data/audio_wav/060/060035.wav,61,1,1,0,1,0,0,0,0,1,0,0,0,0,0,0,0,0,0,1,0,0,0,0
data/audio_wav/060/060036.wav,61,1,1,0,1,0,0,0,0,1,0,0,0,0,0,0,0,0,0,1,0,0,0,0
data/audio_wav/060/060037.wav,61,1,1,0,1,0,0,0,0,1,0,0,0,0,0,0,0,0,0,1,0,0,0,0
data/audio_wav/060/060038.wav,61,1,1,0,1,0,0,0,0,1,0,0,0,0,0,0,0,0,0,1,0,0,0,0
data/audio_wav/060/060039.wav,61,1,1,0,1,0,0,0,0,1,0,0,0,0,0,0,0,0,0,1,0,0,0,0
data/audio_wav/060/060040.wav,61,1,1,0,1,0,0,0,0,1,0,0,0,0,0,0,0,0,0,1,0,0,0,0
data/audio_wav/060/060041.wav,61,1,1,0,1,0,0,0,0,1,0,0,0,0,0,0,0,0,0,1,0,0,0,0
data/audio_wav/060/060042.wav,61,1,1,0,1,0,0,0,0,1,0,0,0,0,0,0,0,0,0,1,0,0,0,0
data/audio_wav/060/060043.wav,61,1,1,0,1,0,0,0,0,1,0,0,0,0,0,0,0,0,0,1,0,0,0,0
data/audio_wav/060/060044.wav,61,1,1,0,1,0,0,0,0,1,0,0,0,0,0,0,0,0,0,1,0,0,0,0
data/audio_wav/060/060045.wav,61,1,1,0,1,0,0,0,0,1,0,0,0,0,0,0,0,0,0,1,0,0,0,0
data/audio_wav/060/060046.wav,61,1,1,0,1,0,0,0,0,1,0,0,0,0,0,0,0,0,0,1,0,0,0,0
data/audio_wav/060/060047.wav,61,1,1,0,1,0,0,0,0,1,0,0,0,0,0,0,0,0,0,1,0,0,0,0
data/audio_wav/060/060048.wav,61,1,1,0,1,0,0,0,0,1,0,0,0,0,0,0,0,0,0,1,0,0,0,0
data/audio_wav/060/060049.wav,61,1,1,0,1,0,0,0,0,1,0,0,0,0,0,0,0,0,0,1,0,0,0,0
data/audio_wav/061/061000.wav,62,1,2,0,1,0,0,0,0,1,0,0,0,0,0,0,0,0,0,0,1,0,0,0
data/audio_wav/061/061001.wav,62,1,2,0,1,0,0,0,0,1,0,0,0,0,0,0,0,0,0,0,1,0,0,0
data/audio_wav/061/061002.wav,62,1,2,0,1,0,0,0,0,1,0,0,0,0,0,0,0,0,0,0,1,0,0,0
data/audio_wav/061/061003.wav,62,1,2,0,1,0,0,0,0,1,0,0,0,0,0,0,0,0,0,0,1,0,0,0
data/audio_wav/061/061004.wav,62,1,2,0,1,0,0,0,0,1,0,0,0,0,0,0,0,0,0,0,1,0,0,0
data/audio_wav/061/061005.wav,62,1,2,0,1,0,0,0,0,1,0,0,0,0,0,0,0,0,0,0,1,0,0,0
data/audio_wav/061/061006.wav,62,1,2,0,1,0,0,0,0,1,0,0,0,0,0,0,0,0,0,0,1,0,0,0
data/audio_wav/061/061007.wav,62,1,2,0,1,0,0,0,0,1,0,0,0,0,0,0,0,0,0,0,1,0,0,0
data/audio_wav/061/061008.wav,62,1,2,0,1,0,0,0,0,1,0,0,0,0,0,0,0,0,0,0,1,0,0,0
data/audio_wav/061/061009.wav,62,1,2,0,1,0,0,0,0,1,0,0,0,0,0,0,0,0,0,0,1,0,0,0
data/audio_wav/061/061010.wav,62,1,2,0,1,0,0,0,0,1,0,0,0,0,0,0,0,0,0,0,1,0,0,0
data/audio_wav/061/061011.wav,62,1,2,0,1,0,0,0,0,1,0,0,0,0,0,0,0,0,0,0,1,0,0,0
data/audio_wav/061/061012.wav,62,1,2,0,1,0,0,0,0,1,0,0,0,0,0,0,0,0,0,0,1,0,0,0
data/audio_wav/061/061013.wav,62,1,2,0,1,0,0,0,0,1,0,0,0,0,0,0,0,0,0,0,1,0,0,0
data/audio_wav/061/061014.wav,62,1,2,0,1,0,0,0,0,1,0,0,0,0,0,0,0,0,0,0,1,0,0,0
data/audio_wav/061/061015.wav,62,1,2,0,1,0,0,0,0,1,0,0,0,0,0,0,0,0,0,0,1,0,0,0
data/audio_wav/061/061016.wav,62,1,2,0,1,0,0,0,0,1,0,0,0,0,0,0,0,0,0,0,1,0,0,0
data/audio_wav/061/061017.wav,62,1,2,0,1,0,0,0,0,1,0,0,0,0,0,0,0,0,0,0,1,0,0,0
data/audio_wav/061/061018.wav,62,1,2,0,1,0,0,0,0,1,0,0,0,0,0,0,0,0,0,0,1,0,0,0
data/audio_wav/061/061019.wav,62,1,2,0,1,0,0,0,0,1,0,0,0,0,0,0,0,0,0,0,1,0,0,0
data/audio_wav/061/061020.wav,62,1,2,0,1,0,0,0,0,1,0,0,0,0,0,0,0,0,0,0,1,0,0,0
data/audio_wav/061/061021.wav,62,1,2,0,1,0,0,0,0,1,0,0,0,0,0,0,0,0,0,0,1,0,0,0
data/audio_wav/061/061022.wav,62,1,2,0,1,0,0,0,0,1,0,0,0,0,0,0,0,0,0,0,1,0,0,0
data/audio_wav/061/061023.wav,62,1,2,0,1,0,0,0,0,1,0,0,0,0,0,0,0,0,0,0,1,0,0,0
data/audio_wav/061/061024.wav,62,1,2,0,1,0,0,0,0,1,0,0,0,0,0,0,0,0,0,0,1,0,0,0
data/audio_wav/061/061025.wav,62,1,2,0,1,0,0,0,0,1,0,0,0,0,0,0,0,0,0,0,1,0,0,0
data/audio_wav/061/061026.wav,62,1,2,0,1,0,0,0,0,1,0,0,0,0,0,0,0,0,0,0,1,0,0,0
data/audio_wav/061/061027.wav,62,1,2,0,1,0,0,0,0,1,0,0,0,0,0,0,0,0,0,0,1,0,0,0
data/audio_wav/061/061028.wav,62,1,2,0,1,0,0,0,0,1,0,0,0,0,0,0,0,0,0,0,1,0,0,0
data/audio_wav/061/061029.wav,62,1,2,0,1,0,0,0,0,1,0,0,0,0,0,0,0,0,0,0,1,0,0,0
data/audio_wav/061/061030.wav,62,1,2,0,1,0,0,0,0,1,0,0,0,0,0,0,0,0,0,0,1,0,0,0
data/audio_wav/061/061031.wav,62,1,2,0,1,0,0,0,0,1,0,0,0,0,0,0,0,0,0,0,1,0,0,0
data/audio_wav/061/061032.wav,62,1,2,0,1,0,0,0,0,1,0,0,0,0,0,0,0,0,0,0,1,0,0,0
data/audio_wav/061/061033.wav,62,1,2,0,1,0,0,0,0,1,0,0,0,0,0,0,0,0,0,0,1,0,0,0
data/audio_wav/061/061034.wav,62,1,2,0,1,0,0,0,0,1,0,0,0,0,0,0,0,0,0,0,1,0,0,0
data/audio_wav/061/061035.wav,62,1,2,0,1,0,0,0,0,1,0,0,0,0,0,0,0,0,0,0,1,0,0,0
data/audio_wav/061/061036.wav,62,1,2,0,1,0,0,0,0,1,0,0,0,0,0,0,0,0,0,0,1,0,0,0
data/audio_wav/061/061037.wav,62,1,2,0,1,0,0,0,0,1,0,0,0,0,0,0,0,0,0,0,1,0,0,0
data/audio_wav/061/061038.wav,62,1,2,0,1,0,0,0,0,1,0,0,0,0,0,0,0,0,0,0,1,0,0,0
data/audio_wav/061/061039.wav,62,1,2,0,1,0,0,0,0,1,0,0,0,0,0,0,0,0,0,0,1,0,0,0
data/audio_wav/061/061040.wav,62,1,2,0,1,0,0,0,0,1,0,0,0,0,0,0,0,0,0,0,1,0,0,0
data/audio_wav/061/061041.wav,62,1,2,0,1,0,0,0,0,1,0,0,0,0,0,0,0,0,0,0,1,0,0,0
data/audio_wav/061/061042.wav,62,1,2,0,1,0,0,0,0,1,0,0,0,0,0,0,0,0,0,0,1,0,0,0
data/audio_wav/061/061043.wav,62,1,2,0,1,0,0,0,0,1,0,0,0,0,0,0,0,0,0,0,1,0,0,0
data/audio_wav/061/061044.wav,62,1,2,0,1,0,0,0,0,1,0,0,0,0,0,0,0,0,0,0,1,0,0,0
data/audio_wav/061/061045.wav,62,1,2,0,1,0,0,0,0,1,0,0,0,0,0,0,0,0,0,0,1,0,0,0
data/audio_wav/061/061046.wav,62,1,2,0,1,0,0,0,0,1,0,0,0,0,0,0,0,0,0,0,1,0,0,0
data/audio_wav/061/061047.wav,62,1,2,0,1,0,0,0,0,1,0,0,0,0,0,0,0,0,0,0,1,0,0,0
data/audio_wav/061/061048.wav,62,1,2,0,1,0,0,0,0,1,0,0,0,0,0,0,0,0,0,0,1,0,0,0
data/audio_wav/061/061049.wav,62,1,2,0,1,0,0,0,0,1,0,0,0,0,0,0,0,0,0,0,1,0,0,0
data/audio_wav/062/062000.wav,63,1,1,0,1,0,0,0,0,1,0,0,0,0,0,0,0,0,0,0,0,1,0,0
data/audio_wav/062/062001.wav,63,1,1,0,1,0,0,0,0,1,0,0,0,0,0,0,0,0,0,0,0,1,0,0
data/audio_wav/062/062002.wav,63,1,1,0,1,0,0,0,0,1,0,0,0,0,0,0,0,0,0,0,0,1,0,0
data/audio_wav/062/062003.wav,63,1,1,0,1,0,0,0,0,1,0,0,0,0,0,0,0,0,0,0,0,1,0,0
data/audio_wav/062/062004.wav,63,1,1,0,1,0,0,0,0,1,0,0,0,0,0,0,0,0,0,0,0,1,0,0
data/audio_wav/062/062005.wav,63,1,1,0,1,0,0,0,0,1,0,0,0,0,0,0,0,0,0,0,0,1,0,0
data/audio_wav/062/062006.wav,63,1,1,0,1,0,0,0,0,1,0,0,0,0,0,0,0,0,0,0,0,1,0,0
data/audio_wav/062/062007.wav,63,1,1,0,1,0,0,0,0,1,0,0,0,0,0,0,0,0,0,0,0,1,0,0
data/audio_wav/062/062008.wav,63,1,1,0,1,0,0,0,0,1,0,0,0,0,0,0,0,0,0,0,0,1,0,0
data/audio_wav/062/062009.wav,63,1,1,0,1,0,0,0,0,1,0,0,0,0,0,0,0,0,0,0,0,1,0,0
data/audio_wav/062/062010.wav,63,1,1,0,1,0,0,0,0,1,0,0,0,0,0,0,0,0,0,0,0,1,0,0
data/audio_wav/062/062011.wav,63,1,1,0,1,0,0,0,0,1,0,0,0,0,0,0,0,0,0,0,0,1,0,0
data/audio_wav/062/062012.wav,63,1,1,0,1,0,0,0,0,1,0,0,0,0,0,0,0,0,0,0,0,1,0,0
data/audio_wav/062/062013.wav,63,1,1,0,1,0,0,0,0,1,0,0,0,0,0,0,0,0,0,0,0,1,0,0
data/audio_wav/062/062014.wav,63,1,1,0,1,0,0,0,0,1,0,0,0,0,0,0,0,0,0,0,0,1,0,0
data/audio_wav/062/062015.wav,63,1,1,0,1,0,0,0,0,1,0,0,0,0,0,0,0,0,0,0,0,1,0,0
data/audio_wav/062/062016.wav,63,1,1,0,1,0,0,0,0,1,0,0,0,0,0,0,0,0,0,0,0,1,0,0
data/audio_wav/062/062017.wav,63,1,1,0,1,0,0,0,0,1,0,0,0,0,0,0,0,0,0,0,0,1,0,0
data/audio_wav/062/062018.wav,63,1,1,0,1,0,0,0,0,1,0,0,0,0,0,0,0,0,0,0,0,1,0,0
data/audio_wav/062/062019.wav,63,1,1,0,1,0,0,0,0,1,0,0,0,0,0,0,0,0,0,0,0,1,0,0
data/audio_wav/062/062020.wav,63,1,1,0,1,0,0,0,0,1,0,0,0,0,0,0,0,0,0,0,0,1,0,0
data/audio_wav/062/062021.wav,63,1,1,0,1,0,0,0,0,1,0,0,0,0,0,0,0,0,0,0,0,1,0,0
data/audio_wav/062/062022.wav,63,1,1,0,1,0,0,0,0,1,0,0,0,0,0,0,0,0,0,0,0,1,0,0
data/audio_wav/062/062023.wav,63,1,1,0,1,0,0,0,0,1,0,0,0,0,0,0,0,0,0,0,0,1,0,0
data/audio_wav/062/062024.wav,63,1,1,0,1,0,0,0,0,1,0,0,0,0,0,0,0,0,0,0,0,1,0,0
data/audio_wav/062/062025.wav,63,1,1,0,1,0,0,0,0,1,0,0,0,0,0,0,0,0,0,0,0,1,0,0
data/audio_wav/062/062026.wav,63,1,1,0,1,0,0,0,0,1,0,0,0,0,0,0,0,0,0,0,0,1,0,0
data/audio_wav/062/062027.wav,63,1,1,0,1,0,0,0,0,1,0,0,0,0,0,0,0,0,0,0,0,1,0,0
data/audio_wav/062/062028.wav,63,1,1,0,1,0,0,0,0,1,0,0,0,0,0,0,0,0,0,0,0,1,0,0
data/audio_wav/062/062029.wav,63,1,1,0,1,0,0,0,0,1,0,0,0,0,0,0,0,0,0,0,0,1,0,0
data/audio_wav/062/062030.wav,63,1,1,0,1,0,0,0,0,1,0,0,0,0,0,0,0,0,0,0,0,1,0,0
data/audio_wav/062/062031.wav,63,1,1,0,1,0,0,0,0,1,0,0,0,0,0,0,0,0,0,0,0,1,0,0
data/audio_wav/062/062032.wav,63,1,1,0,1,0,0,0,0,1,0,0,0,0,0,0,0,0,0,0,0,1,0,0
data/audio_wav/062/062033.wav,63,1,1,0,1,0,0,0,0,1,0,0,0,0,0,0,0,0,0,0,0,1,0,0
data/audio_wav/062/062034.wav,63,1,1,0,1,0,0,0,0,1,0,0,0,0,0,0,0,0,0,0,0,1,0,0
data/audio_wav/062/062035.wav,63,1,1,0,1,0,0,0,0,1,0,0,0,0,0,0,0,0,0,0,0,1,0,0
data/audio_wav/062/062036.wav,63,1,1,0,1,0,0,0,0,1,0,0,0,0,0,0,0,0,0,0,0,1,0,0
data/audio_wav/062/062037.wav,63,1,1,0,1,0,0,0,0,1,0,0,0,0,0,0,0,0,0,0,0,1,0,0
data/audio_wav/062/062038.wav,63,1,1,0,1,0,0,0,0,1,0,0,0,0,0,0,0,0,0,0,0,1,0,0
data/audio_wav/062/062039.wav,63,1,1,0,1,0,0,0,0,1,0,0,0,0,0,0,0,0,0,0,0,1,0,0
data/audio_wav/062/062040.wav,63,1,1,0,1,0,0,0,0,1,0,0,0,0,0,0,0,0,0,0,0,1,0,0
data/audio_wav/062/062041.wav,63,1,1,0,1,0,0,0,0,1,0,0,0,0,0,0,0,0,0,0,0,1,0,0
data/audio_wav/062/062042.wav,63,1,1,0,1,0,0,0,0,1,0,0,0,0,0,0,0,0,0,0,0,1,0,0
data/audio_wav/062/062043.wav,63,1,1,0,1,0,0,0,0,1,0,0,0,0,0,0,0,0,0,0,0,1,0,0
data/audio_wav/062/062044.wav,63,1,1,0,1,0,0,0,0,1,0,0,0,0,0,0,0,0,0,0,0,1,0,0
data/audio_wav/062/062045.wav,63,1,1,0,1,0,0,0,0,1,0,0,0,0,0,0,0,0,0,0,0,1,0,0
data/audio_wav/062/062046.wav,63,1,1,0,1,0,0,0,0,1,0,0,0,0,0,0,0,0,0,0,0,1,0,0
data/audio_wav/062/062047.wav,63,1,1,0,1,0,0,0,0,1,0,0,0,0,0,0,0,0,0,0,0,1,0,0
data/audio_wav/062/062048.wav,63,1,1,0,1,0,0,0,0,1,0,0,0,0,0,0,0,0,0,0,0,1,0,0
data/audio_wav/062/062049.wav,63,1,1,0,1,0,0,0,0,1,0,0,0,0,0,0,0,0,0,0,0,1,0,0
data/audio_wav/063/063000.wav,64,1,1,0,1,0,0,0,0,1,0,0,0,0,0,0,0,0,0,0,0,0,1,0
data/audio_wav/063/063001.wav,64,1,1,0,1,0,0,0,0,1,0,0,0,0,0,0,0,0,0,0,0,0,1,0
data/audio_wav/063/063002.wav,64,1,1,0,1,0,0,0,0,1,0,0,0,0,0,0,0,0,0,0,0,0,1,0
data/audio_wav/063/063003.wav,64,1,1,0,1,0,0,0,0,1,0,0,0,0,0,0,0,0,0,0,0,0,1,0
data/audio_wav/063/063004.wav,64,1,1,0,1,0,0,0,0,1,0,0,0,0,0,0,0,0,0,0,0,0,1,0
data/audio_wav/063/063005.wav,64,1,1,0,1,0,0,0,0,1,0,0,0,0,0,0,0,0,0,0,0,0,1,0
data/audio_wav/063/063006.wav,64,1,1,0,1,0,0,0,0,1,0,0,0,0,0,0,0,0,0,0,0,0,1,0
data/audio_wav/063/063007.wav,64,1,1,0,1,0,0,0,0,1,0,0,0,0,0,0,0,0,0,0,0,0,1,0
data/audio_wav/063/063008.wav,64,1,1,0,1,0,0,0,0,1,0,0,0,0,0,0,0,0,0,0,0,0,1,0
data/audio_wav/063/063009.wav,64,1,1,0,1,0,0,0,0,1,0,0,0,0,0,0,0,0,0,0,0,0,1,0
data/audio_wav/063/063010.wav,64,1,1,0,1,0,0,0,0,1,0,0,0,0,0,0,0,0,0,0,0,0,1,0
data/audio_wav/063/063011.wav,64,1,1,0,1,0,0,0,0,1,0,0,0,0,0,0,0,0,0,0,0,0,1,0
data/audio_wav/063/063012.wav,64,1,1,0,1,0,0,0,0,1,0,0,0,0,0,0,0,0,0,0,0,0,1,0
data/audio_wav/063/063013.wav,64,1,1,0,1,0,0,0,0,1,0,0,0,0,0,0,0,0,0,0,0,0,1,0
data/audio_wav/063/063014.wav,64,1,1,0,1,0,0,0,0,1,0,0,0,0,0,0,0,0,0,0,0,0,1,0
data/audio_wav/063/063015.wav,64,1,1,0,1,0,0,0,0,1,0,0,0,0,0,0,0,0,0,0,0,0,1,0
data/audio_wav/063/063016.wav,64,1,1,0,1,0,0,0,0,1,0,0,0,0,0,0,0,0,0,0,0,0,1,0
data/audio_wav/063/063017.wav,64,1,1,0,1,0,0,0,0,1,0,0,0,0,0,0,0,0,0,0,0,0,1,0
data/audio_wav/063/063018.wav,64,1,1,0,1,0,0,0,0,1,0,0,0,0,0,0,0,0,0,0,0,0,1,0
data/audio_wav/063/063019.wav,64,1,1,0,1,0,0,0,0,1,0,0,0,0,0,0,0,0,0,0,0,0,1,0
data/audio_wav/063/063020.wav,64,1,1,0,1,0,0,0,0,1,0,0,0,0,0,0,0,0,0,0,0,0,1,0
data/audio_wav/063/063021.wav,64,1,1,0,1,0,0,0,0,1,0,0,0,0,0,0,0,0,0,0,0,0,1,0
data/audio_wav/063/063022.wav,64,1,1,0,1,0,0,0,0,1,0,0,0,0,0,0,0,0,0,0,0,0,1,0
data/audio_wav/063/063023.wav,64,1,1,0,1,0,0,0,0,1,0,0,0,0,0,0,0,0,0,0,0,0,1,0
data/audio_wav/063/063024.wav,64,1,1,0,1,0,0,0,0,1,0,0,0,0,0,0,0,0,0,0,0,0,1,0
data/audio_wav/063/063025.wav,64,1,1,0,1,0,0,0,0,1,0,0,0,0,0,0,0,0,0,0,0,0,1,0
data/audio_wav/063/063026.wav,64,1,1,0,1,0,0,0,0,1,0,0,0,0,0,0,0,0,0,0,0,0,1,0
data/audio_wav/063/063027.wav,64,1,1,0,1,0,0,0,0,1,0,0,0,0,0,0,0,0,0,0,0,0,1,0
data/audio_wav/063/063028.wav,64,1,1,0,1,0,0,0,0,1,0,0,0,0,0,0,0,0,0,0,0,0,1,0
data/audio_wav/063/063029.wav,64,1,1,0,1,0,0,0,0,1,0,0,0,0,0,0,0,0,0,0,0,0,1,0
data/audio_wav/063/063030.wav,64,1,1,0,1,0,0,0,0,1,0,0,0,0,0,0,0,0,0,0,0,0,1,0
data/audio_wav/063/063031.wav,64,1,1,0,1,0,0,0,0,1,0,0,0,0,0,0,0,0,0,0,0,0,1,0
data/audio_wav/063/063032.wav,64,1,1,0,1,0,0,0,0,1,0,0,0,0,0,0,0,0,0,0,0,0,1,0
data/audio_wav/063/063033.wav,64,1,1,0,1,0,0,0,0,1,0,0,0,0,0,0,0,0,0,0,0,0,1,0
data/audio_wav/063/063034.wav,64,1,1,0,1,0,0,0,0,1,0,0,0,0,0,0,0,0,0,0,0,0,1,0
data/audio_wav/063/063035.wav,64,1,1,0,1,0,0,0,0,1,0,0,0,0,0,0,0,0,0,0,0,0,1,0
data/audio_wav/063/063036.wav,64,1,1,0,1,0,0,0,0,1,0,0,0,0,0,0,0,0,0,0,0,0,1,0
data/audio_wav/063/063037.wav,64,1,1,0,1,0,0,0,0,1,0,0,0,0,0,0,0,0,0,0,0,0,1,0
data/audio_wav/063/063038.wav,64,1,1,0,1,0,0,0,0,1,0,0,0,0,0,0,0,0,0,0,0,0,1,0
data/audio_wav/063/063039.wav,64,1,1,0,1,0,0,0,0,1,0,0,0,0,0,0,0,0,0,0,0,0,1,0
data/audio_wav/063/063040.wav,64,1,1,0,1,0,0,0,0,1,0,0,0,0,0,0,0,0,0,0,0,0,1,0
data/audio_wav/063/063041.wav,64,1,1,0,1,0,0,0,0,1,0,0,0,0,0,0,0,0,0,0,0,0,1,0
data/audio_wav/063/063042.wav,64,1,1,0,1,0,0,0,0,1,0,0,0,0,0,0,0,0,0,0,0,0,1,0
data/audio_wav/063/063043.wav,64,1,1,0,1,0,0,0,0,1,0,0,0,0,0,0,0,0,0,0,0,0,1,0
data/audio_wav/063/063044.wav,64,1,1,0,1,0,0,0,0,1,0,0,0,0,0,0,0,0,0,0,0,0,1,0
data/audio_wav/063/063045.wav,64,1,1,0,1,0,0,0,0,1,0,0,0,0,0,0,0,0,0,0,0,0,1,0
data/audio_wav/063/063046.wav,64,1,1,0,1,0,0,0,0,1,0,0,0,0,0,0,0,0,0,0,0,0,1,0
data/audio_wav/063/063047.wav,64,1,1,0,1,0,0,0,0,1,0,0,0,0,0,0,0,0,0,0,0,0,1,0
data/audio_wav/063/063048.wav,64,1,1,0,1,0,0,0,0,1,0,0,0,0,0,0,0,0,0,0,0,0,1,0
data/audio_wav/063/063049.wav,64,1,1,0,1,0,0,0,0,1,0,0,0,0,0,0,0,0,0,0,0,0,1,0
data/audio_wav/064/064000.wav,65,1,1,0,1,0,0,0,0,1,0,0,0,0,0,0,0,0,0,0,0,0,0,1
data/audio_wav/064/064001.wav,65,1,1,0,1,0,0,0,0,1,0,0,0,0,0,0,0,0,0,0,0,0,0,1
data/audio_wav/064/064002.wav,65,1,1,0,1,0,0,0,0,1,0,0,0,0,0,0,0,0,0,0,0,0,0,1
data/audio_wav/064/064003.wav,65,1,1,0,1,0,0,0,0,1,0,0,0,0,0,0,0,0,0,0,0,0,0,1
data/audio_wav/064/064004.wav,65,1,1,0,1,0,0,0,0,1,0,0,0,0,0,0,0,0,0,0,0,0,0,1
data/audio_wav/064/064005.wav,65,1,1,0,1,0,0,0,0,1,0,0,0,0,0,0,0,0,0,0,0,0,0,1
data/audio_wav/064/064006.wav,65,1,1,0,1,0,0,0,0,1,0,0,0,0,0,0,0,0,0,0,0,0,0,1
data/audio_wav/064/064007.wav,65,1,1,0,1,0,0,0,0,1,0,0,0,0,0,0,0,0,0,0,0,0,0,1
data/audio_wav/064/064008.wav,65,1,1,0,1,0,0,0,0,1,0,0,0,0,0,0,0,0,0,0,0,0,0,1
data/audio_wav/064/064009.wav,65,1,1,0,1,0,0,0,0,1,0,0,0,0,0,0,0,0,0,0,0,0,0,1
data/audio_wav/064/064010.wav,65,1,1,0,1,0,0,0,0,1,0,0,0,0,0,0,0,0,0,0,0,0,0,1
data/audio_wav/064/064011.wav,65,1,1,0,1,0,0,0,0,1,0,0,0,0,0,0,0,0,0,0,0,0,0,1
data/audio_wav/064/064012.wav,65,1,1,0,1,0,0,0,0,1,0,0,0,0,0,0,0,0,0,0,0,0,0,1
data/audio_wav/064/064013.wav,65,1,1,0,1,0,0,0,0,1,0,0,0,0,0,0,0,0,0,0,0,0,0,1
data/audio_wav/064/064014.wav,65,1,1,0,1,0,0,0,0,1,0,0,0,0,0,0,0,0,0,0,0,0,0,1
data/audio_wav/064/064015.wav,65,1,1,0,1,0,0,0,0,1,0,0,0,0,0,0,0,0,0,0,0,0,0,1
data/audio_wav/064/064016.wav,65,1,1,0,1,0,0,0,0,1,0,0,0,0,0,0,0,0,0,0,0,0,0,1
data/audio_wav/064/064017.wav,65,1,1,0,1,0,0,0,0,1,0,0,0,0,0,0,0,0,0,0,0,0,0,1
data/audio_wav/064/064018.wav,65,1,1,0,1,0,0,0,0,1,0,0,0,0,0,0,0,0,0,0,0,0,0,1
data/audio_wav/064/064019.wav,65,1,1,0,1,0,0,0,0,1,0,0,0,0,0,0,0,0,0,0,0,0,0,1
data/audio_wav/064/064020.wav,65,1,1,0,1,0,0,0,0,1,0,0,0,0,0,0,0,0,0,0,0,0,0,1
data/audio_wav/064/064021.wav,65,1,1,0,1,0,0,0,0,1,0,0,0,0,0,0,0,0,0,0,0,0,0,1
data/audio_wav/064/064022.wav,65,1,1,0,1,0,0,0,0,1,0,0,0,0,0,0,0,0,0,0,0,0,0,1
data/audio_wav/064/064023.wav,65,1,1,0,1,0,0,0,0,1,0,0,0,0,0,0,0,0,0,0,0,0,0,1
data/audio_wav/064/064024.wav,65,1,1,0,1,0,0,0,0,1,0,0,0,0,0,0,0,0,0,0,0,0,0,1
data/audio_wav/064/064025.wav,65,1,1,0,1,0,0,0,0,1,0,0,0,0,0,0,0,0,0,0,0,0,0,1
data/audio_wav/064/064026.wav,65,1,1,0,1,0,0,0,0,1,0,0,0,0,0,0,0,0,0,0,0,0,0,1
data/audio_wav/064/064027.wav,65,1,1,0,1,0,0,0,0,1,0,0,0,0,0,0,0,0,0,0,0,0,0,1
data/audio_wav/064/064028.wav,65,1,1,0,1,0,0,0,0,1,0,0,0,0,0,0,0,0,0,0,0,0,0,1
data/audio_wav/064/064029.wav,65,1,1,0,1,0,0,0,0,1,0,0,0,0,0,0,0,0,0,0,0,0,0,1
data/audio_wav/064/064030.wav,65,1,1,0,1,0,0,0,0,1,0,0,0,0,0,0,0,0,0,0,0,0,0,1
data/audio_wav/064/064031.wav,65,1,1,0,1,0,0,0,0,1,0,0,0,0,0,0,0,0,0,0,0,0,0,1
data/audio_wav/064/064032.wav,65,1,1,0,1,0,0,0,0,1,0,0,0,0,0,0,0,0,0,0,0,0,0,1
data/audio_wav/064/064033.wav,65,1,1,0,1,0,0,0,0,1,0,0,0,0,0,0,0,0,0,0,0,0,0,1
data/audio_wav/064/064034.wav,65,1,1,0,1,0,0,0,0,1,0,0,0,0,0,0,0,0,0,0,0,0,0,1
data/audio_wav/064/064035.wav,65,1,1,0,1,0,0,0,0,1,0,0,0,0,0,0,0,0,0,0,0,0,0,1
data/audio_wav/064/064036.wav,65,1,1,0,1,0,0,0,0,1,0,0,0,0,0,0,0,0,0,0,0,0,0,1
data/audio_wav/064/064037.wav,65,1,1,0,1,0,0,0,0,1,0,0,0,0,0,0,0,0,0,0,0,0,0,1
data/audio_wav/064/064038.wav,65,1,1,0,1,0,0,0,0,1,0,0,0,0,0,0,0,0,0,0,0,0,0,1
data/audio_wav/064/064039.wav,65,1,1,0,1,0,0,0,0,1,0,0,0,0,0,0,0,0,0,0,0,0,0,1
data/audio_wav/064/064040.wav,65,1,1,0,1,0,0,0,0,1,0,0,0,0,0,0,0,0,0,0,0,0,0,1
data/audio_wav/064/064041.wav,65,1,1,0,1,0,0,0,0,1,0,0,0,0,0,0,0,0,0,0,0,0,0,1
data/audio_wav/064/064042.wav,65,1,1,0,1,0,0,0,0,1,0,0,0,0,0,0,0,0,0,0,0,0,0,1
data/audio_wav/064/064043.wav,65,1,1,0,1,0,0,0,0,1,0,0,0,0,0,0,0,0,0,0,0,0,0,1
data/audio_wav/064/064044.wav,65,1,1,0,1,0,0,0,0,1,0,0,0,0,0,0,0,0,0,0,0,0,0,1
data/audio_wav/064/064045.wav,65,1,1,0,1,0,0,0,0,1,0,0,0,0,0,0,0,0,0,0,0,0,0,1
data/audio_wav/064/064046.wav,65,1,1,0,1,0,0,0,0,1,0,0,0,0,0,0,0,0,0,0,0,0,0,1
data/audio_wav/064/064047.wav,65,1,1,0,1,0,0,0,0,1,0,0,0,0,0,0,0,0,0,0,0,0,0,1
data/audio_wav/064/064048.wav,65,1,1,0,1,0,0,0,0,1,0,0,0,0,0,0,0,0,0,0,0,0,0,1
data/audio_wav/064/064049.wav,65,1,1,0,1,0,0,0,0,1,0,0,0,0,0,0,0,0,0,0,0,0,0,1
data/audio_wav/065/065000.wav,66,1,1,0,1,0,0,0,0,0,1,1,0,0,0,0,0,0,0,0,0,0,0,0
data/audio_wav/065/065001.wav,66,1,1,0,1,0,0,0,0,0,1,1,0,0,0,0,0,0,0,0,0,0,0,0
data/audio_wav/065/065002.wav,66,1,1,0,1,0,0,0,0,0,1,1,0,0,0,0,0,0,0,0,0,0,0,0
data/audio_wav/065/065003.wav,66,1,1,0,1,0,0,0,0,0,1,1,0,0,0,0,0,0,0,0,0,0,0,0
data/audio_wav/065/065004.wav,66,1,1,0,1,0,0,0,0,0,1,1,0,0,0,0,0,0,0,0,0,0,0,0
data/audio_wav/065/065005.wav,66,1,1,0,1,0,0,0,0,0,1,1,0,0,0,0,0,0,0,0,0,0,0,0
data/audio_wav/065/065006.wav,66,1,1,0,1,0,0,0,0,0,1,1,0,0,0,0,0,0,0,0,0,0,0,0
data/audio_wav/065/065007.wav,66,1,1,0,1,0,0,0,0,0,1,1,0,0,0,0,0,0,0,0,0,0,0,0
data/audio_wav/065/065008.wav,66,1,1,0,1,0,0,0,0,0,1,1,0,0,0,0,0,0,0,0,0,0,0,0
data/audio_wav/065/065009.wav,66,1,1,0,1,0,0,0,0,0,1,1,0,0,0,0,0,0,0,0,0,0,0,0
data/audio_wav/065/065010.wav,66,1,1,0,1,0,0,0,0,0,1,1,0,0,0,0,0,0,0,0,0,0,0,0
data/audio_wav/065/065011.wav,66,1,1,0,1,0,0,0,0,0,1,1,0,0,0,0,0,0,0,0,0,0,0,0
data/audio_wav/065/065012.wav,66,1,1,0,1,0,0,0,0,0,1,1,0,0,0,0,0,0,0,0,0,0,0,0
data/audio_wav/065/065013.wav,66,1,1,0,1,0,0,0,0,0,1,1,0,0,0,0,0,0,0,0,0,0,0,0
data/audio_wav/065/065014.wav,66,1,1,0,1,0,0,0,0,0,1,1,0,0,0,0,0,0,0,0,0,0,0,0
data/audio_wav/065/065015.wav,66,1,1,0,1,0,0,0,0,0,1,1,0,0,0,0,0,0,0,0,0,0,0,0
data/audio_wav/065/065016.wav,66,1,1,0,1,0,0,0,0,0,1,1,0,0,0,0,0,0,0,0,0,0,0,0
data/audio_wav/065/065017.wav,66,1,1,0,1,0,0,0,0,0,1,1,0,0,0,0,0,0,0,0,0,0,0,0
data/audio_wav/065/065018.wav,66,1,1,0,1,0,0,0,0,0,1,1,0,0,0,0,0,0,0,0,0,0,0,0
data/audio_wav/065/065019.wav,66,1,1,0,1,0,0,0,0,0,1,1,0,0,0,0,0,0,0,0,0,0,0,0
data/audio_wav/065/065020.wav,66,1,1,0,1,0,0,0,0,0,1,1,0,0,0,0,0,0,0,0,0,0,0,0
data/audio_wav/065/065021.wav,66,1,1,0,1,0,0,0,0,0,1,1,0,0,0,0,0,0,0,0,0,0,0,0
data/audio_wav/065/065022.wav,66,1,1,0,1,0,0,0,0,0,1,1,0,0,0,0,0,0,0,0,0,0,0,0
data/audio_wav/065/065023.wav,66,1,1,0,1,0,0,0,0,0,1,1,0,0,0,0,0,0,0,0,0,0,0,0
data/audio_wav/065/065024.wav,66,1,1,0,1,0,0,0,0,0,1,1,0,0,0,0,0,0,0,0,0,0,0,0
data/audio_wav/065/065025.wav,66,1,1,0,1,0,0,0,0,0,1,1,0,0,0,0,0,0,0,0,0,0,0,0
data/audio_wav/065/065026.wav,66,1,1,0,1,0,0,0,0,0,1,1,0,0,0,0,0,0,0,0,0,0,0,0
data/audio_wav/065/065027.wav,66,1,1,0,1,0,0,0,0,0,1,1,0,0,0,0,0,0,0,0,0,0,0,0
data/audio_wav/065/065028.wav,66,1,1,0,1,0,0,0,0,0,1,1,0,0,0,0,0,0,0,0,0,0,0,0
data/audio_wav/065/065029.wav,66,1,1,0,1,0,0,0,0,0,1,1,0,0,0,0,0,0,0,0,0,0,0,0
data/audio_wav/065/065030.wav,66,1,1,0,1,0,0,0,0,0,1,1,0,0,0,0,0,0,0,0,0,0,0,0
data/audio_wav/065/065031.wav,66,1,1,0,1,0,0,0,0,0,1,1,0,0,0,0,0,0,0,0,0,0,0,0
data/audio_wav/065/065032.wav,66,1,1,0,1,0,0,0,0,0,1,1,0,0,0,0,0,0,0,0,0,0,0,0
data/audio_wav/065/065033.wav,66,1,1,0,1,0,0,0,0,0,1,1,0,0,0,0,0,0,0,0,0,0,0,0
data/audio_wav/065/065034.wav,66,1,1,0,1,0,0,0,0,0,1,1,0,0,0,0,0,0,0,0,0,0,0,0
data/audio_wav/065/065035.wav,66,1,1,0,1,0,0,0,0,0,1,1,0,0,0,0,0,0,0,0,0,0,0,0
data/audio_wav/065/065036.wav,66,1,1,0,1,0,0,0,0,0,1,1,0,0,0,0,0,0,0,0,0,0,0,0
data/audio_wav/065/065037.wav,66,1,1,0,1,0,0,0,0,0,1,1,0,0,0,0,0,0,0,0,0,0,0,0
data/audio_wav/065/065038.wav,66,1,1,0,1,0,0,0,0,0,1,1,0,0,0,0,0,0,0,0,0,0,0,0
data/audio_wav/065/065039.wav,66,1,1,0,1,0,0,0,0,0,1,1,0,0,0,0,0,0,0,0,0,0,0,0
data/audio_wav/065/065040.wav,66,1,1,0,1,0,0,0,0,0,1,1,0,0,0,0,0,0,0,0,0,0,0,0
data/audio_wav/065/065041.wav,66,1,1,0,1,0,0,0,0,0,1,1,0,0,0,0,0,0,0,0,0,0,0,0
data/audio_wav/065/065042.wav,66,1,1,0,1,0,0,0,0,0,1,1,0,0,0,0,0,0,0,0,0,0,0,0
data/audio_wav/065/065043.wav,66,1,1,0,1,0,0,0,0,0,1,1,0,0,0,0,0,0,0,0,0,0,0,0
data/audio_wav/065/065044.wav,66,1,1,0,1,0,0,0,0,0,1,1,0,0,0,0,0,0,0,0,0,0,0,0
data/audio_wav/065/065045.wav,66,1,1,0,1,0,0,0,0,0,1,1,0,0,0,0,0,0,0,0,0,0,0,0
data/audio_wav/065/065046.wav,66,1,1,0,1,0,0,0,0,0,1,1,0,0,0,0,0,0,0,0,0,0,0,0
data/audio_wav/065/065047.wav,66,1,1,0,1,0,0,0,0,0,1,1,0,0,0,0,0,0,0,0,0,0,0,0
data/audio_wav/065/065048.wav,66,1,1,0,1,0,0,0,0,0,1,1,0,0,0,0,0,0,0,0,0,0,0,0
data/audio_wav/065/065049.wav,66,1,1,0,1,0,0,0,0,0,1,1,0,0,0,0,0,0,0,0,0,0,0,0
data/audio_wav/066/066000.wav,67,1,1,0,1,0,0,0,0,0,1,0,1,0,0,0,0,0,0,0,0,0,0,0
data/audio_wav/066/066001.wav,67,1,1,0,1,0,0,0,0,0,1,0,1,0,0,0,0,0,0,0,0,0,0,0
data/audio_wav/066/066002.wav,67,1,1,0,1,0,0,0,0,0,1,0,1,0,0,0,0,0,0,0,0,0,0,0
data/audio_wav/066/066003.wav,67,1,1,0,1,0,0,0,0,0,1,0,1,0,0,0,0,0,0,0,0,0,0,0
data/audio_wav/066/066004.wav,67,1,1,0,1,0,0,0,0,0,1,0,1,0,0,0,0,0,0,0,0,0,0,0
data/audio_wav/066/066005.wav,67,1,1,0,1,0,0,0,0,0,1,0,1,0,0,0,0,0,0,0,0,0,0,0
data/audio_wav/066/066006.wav,67,1,1,0,1,0,0,0,0,0,1,0,1,0,0,0,0,0,0,0,0,0,0,0
data/audio_wav/066/066007.wav,67,1,1,0,1,0,0,0,0,0,1,0,1,0,0,0,0,0,0,0,0,0,0,0
data/audio_wav/066/066008.wav,67,1,1,0,1,0,0,0,0,0,1,0,1,0,0,0,0,0,0,0,0,0,0,0
data/audio_wav/066/066009.wav,67,1,1,0,1,0,0,0,0,0,1,0,1,0,0,0,0,0,0,0,0,0,0,0
data/audio_wav/066/066010.wav,67,1,1,0,1,0,0,0,0,0,1,0,1,0,0,0,0,0,0,0,0,0,0,0
data/audio_wav/066/066011.wav,67,1,1,0,1,0,0,0,0,0,1,0,1,0,0,0,0,0,0,0,0,0,0,0
data/audio_wav/066/066012.wav,67,1,1,0,1,0,0,0,0,0,1,0,1,0,0,0,0,0,0,0,0,0,0,0
data/audio_wav/066/066013.wav,67,1,1,0,1,0,0,0,0,0,1,0,1,0,0,0,0,0,0,0,0,0,0,0
data/audio_wav/066/066014.wav,67,1,1,0,1,0,0,0,0,0,1,0,1,0,0,0,0,0,0,0,0,0,0,0
data/audio_wav/066/066015.wav,67,1,1,0,1,0,0,0,0,0,1,0,1,0,0,0,0,0,0,0,0,0,0,0
data/audio_wav/066/066016.wav,67,1,1,0,1,0,0,0,0,0,1,0,1,0,0,0,0,0,0,0,0,0,0,0
data/audio_wav/066/066017.wav,67,1,1,0,1,0,0,0,0,0,1,0,1,0,0,0,0,0,0,0,0,0,0,0
data/audio_wav/066/066018.wav,67,1,1,0,1,0,0,0,0,0,1,0,1,0,0,0,0,0,0,0,0,0,0,0
data/audio_wav/066/066019.wav,67,1,1,0,1,0,0,0,0,0,1,0,1,0,0,0,0,0,0,0,0,0,0,0
data/audio_wav/066/066020.wav,67,1,1,0,1,0,0,0,0,0,1,0,1,0,0,0,0,0,0,0,0,0,0,0
data/audio_wav/066/066021.wav,67,1,1,0,1,0,0,0,0,0,1,0,1,0,0,0,0,0,0,0,0,0,0,0
data/audio_wav/066/066022.wav,67,1,1,0,1,0,0,0,0,0,1,0,1,0,0,0,0,0,0,0,0,0,0,0
data/audio_wav/066/066023.wav,67,1,1,0,1,0,0,0,0,0,1,0,1,0,0,0,0,0,0,0,0,0,0,0
data/audio_wav/066/066024.wav,67,1,1,0,1,0,0,0,0,0,1,0,1,0,0,0,0,0,0,0,0,0,0,0
data/audio_wav/066/066025.wav,67,1,1,0,1,0,0,0,0,0,1,0,1,0,0,0,0,0,0,0,0,0,0,0
data/audio_wav/066/066026.wav,67,1,1,0,1,0,0,0,0,0,1,0,1,0,0,0,0,0,0,0,0,0,0,0
data/audio_wav/066/066027.wav,67,1,1,0,1,0,0,0,0,0,1,0,1,0,0,0,0,0,0,0,0,0,0,0
data/audio_wav/066/066028.wav,67,1,1,0,1,0,0,0,0,0,1,0,1,0,0,0,0,0,0,0,0,0,0,0
data/audio_wav/066/066029.wav,67,1,1,0,1,0,0,0,0,0,1,0,1,0,0,0,0,0,0,0,0,0,0,0
data/audio_wav/066/066030.wav,67,1,1,0,1,0,0,0,0,0,1,0,1,0,0,0,0,0,0,0,0,0,0,0
data/audio_wav/066/066031.wav,67,1,1,0,1,0,0,0,0,0,1,0,1,0,0,0,0,0,0,0,0,0,0,0
data/audio_wav/066/066032.wav,67,1,1,0,1,0,0,0,0,0,1,0,1,0,0,0,0,0,0,0,0,0,0,0
data/audio_wav/066/066033.wav,67,1,1,0,1,0,0,0,0,0,1,0,1,0,0,0,0,0,0,0,0,0,0,0
data/audio_wav/066/066034.wav,67,1,1,0,1,0,0,0,0,0,1,0,1,0,0,0,0,0,0,0,0,0,0,0
data/audio_wav/066/066035.wav,67,1,1,0,1,0,0,0,0,0,1,0,1,0,0,0,0,0,0,0,0,0,0,0
data/audio_wav/066/066036.wav,67,1,1,0,1,0,0,0,0,0,1,0,1,0,0,0,0,0,0,0,0,0,0,0
data/audio_wav/066/066037.wav,67,1,1,0,1,0,0,0,0,0,1,0,1,0,0,0,0,0,0,0,0,0,0,0
data/audio_wav/066/066038.wav,67,1,1,0,1,0,0,0,0,0,1,0,1,0,0,0,0,0,0,0,0,0,0,0
data/audio_wav/066/066039.wav,67,1,1,0,1,0,0,0,0,0,1,0,1,0,0,0,0,0,0,0,0,0,0,0
data/audio_wav/066/066040.wav,67,1,1,0,1,0,0,0,0,0,1,0,1,0,0,0,0,0,0,0,0,0,0,0
data/audio_wav/066/066041.wav,67,1,1,0,1,0,0,0,0,0,1,0,1,0,0,0,0,0,0,0,0,0,0,0
data/audio_wav/066/066042.wav,67,1,1,0,1,0,0,0,0,0,1,0,1,0,0,0,0,0,0,0,0,0,0,0
data/audio_wav/066/066043.wav,67,1,1,0,1,0,0,0,0,0,1,0,1,0,0,0,0,0,0,0,0,0,0,0
data/audio_wav/066/066044.wav,67,1,1,0,1,0,0,0,0,0,1,0,1,0,0,0,0,0,0,0,0,0,0,0
data/audio_wav/066/066045.wav,67,1,1,0,1,0,0,0,0,0,1,0,1,0,0,0,0,0,0,0,0,0,0,0
data/audio_wav/066/066046.wav,67,1,1,0,1,0,0,0,0,0,1,0,1,0,0,0,0,0,0,0,0,0,0,0
data/audio_wav/066/066047.wav,67,1,1,0,1,0,0,0,0,0,1,0,1,0,0,0,0,0,0,0,0,0,0,0
data/audio_wav/066/066048.wav,67,1,1,0,1,0,0,0,0,0,1,0,1,0,0,0,0,0,0,0,0,0,0,0
data/audio_wav/066/066049.wav,67,1,1,0,1,0,0,0,0,0,1,0,1,0,0,0,0,0,0,0,0,0,0,0
data/audio_wav/067/067000.wav,68,1,1,0,1,0,0,0,0,0,1,0,0,1,0,0,0,0,0,0,0,0,0,0
data/audio_wav/067/067001.wav,68,1,1,0,1,0,0,0,0,0,1,0,0,1,0,0,0,0,0,0,0,0,0,0
data/audio_wav/067/067002.wav,68,1,1,0,1,0,0,0,0,0,1,0,0,1,0,0,0,0,0,0,0,0,0,0
data/audio_wav/067/067003.wav,68,1,1,0,1,0,0,0,0,0,1,0,0,1,0,0,0,0,0,0,0,0,0,0
data/audio_wav/067/067004.wav,68,1,1,0,1,0,0,0,0,0,1,0,0,1,0,0,0,0,0,0,0,0,0,0
data/audio_wav/067/067005.wav,68,1,1,0,1,0,0,0,0,0,1,0,0,1,0,0,0,0,0,0,0,0,0,0
data/audio_wav/067/067006.wav,68,1,1,0,1,0,0,0,0,0,1,0,0,1,0,0,0,0,0,0,0,0,0,0
data/audio_wav/067/067007.wav,68,1,1,0,1,0,0,0,0,0,1,0,0,1,0,0,0,0,0,0,0,0,0,0
data/audio_wav/067/067008.wav,68,1,1,0,1,0,0,0,0,0,1,0,0,1,0,0,0,0,0,0,0,0,0,0
data/audio_wav/067/067009.wav,68,1,1,0,1,0,0,0,0,0,1,0,0,1,0,0,0,0,0,0,0,0,0,0
data/audio_wav/067/067010.wav,68,1,1,0,1,0,0,0,0,0,1,0,0,1,0,0,0,0,0,0,0,0,0,0
data/audio_wav/067/067011.wav,68,1,1,0,1,0,0,0,0,0,1,0,0,1,0,0,0,0,0,0,0,0,0,0
data/audio_wav/067/067012.wav,68,1,1,0,1,0,0,0,0,0,1,0,0,1,0,0,0,0,0,0,0,0,0,0
data/audio_wav/067/067013.wav,68,1,1,0,1,0,0,0,0,0,1,0,0,1,0,0,0,0,0,0,0,0,0,0
data/audio_wav/067/067014.wav,68,1,1,0,1,0,0,0,0,0,1,0,0,1,0,0,0,0,0,0,0,0,0,0
data/audio_wav/067/067015.wav,68,1,1,0,1,0,0,0,0,0,1,0,0,1,0,0,0,0,0,0,0,0,0,0
data/audio_wav/067/067016.wav,68,1,1,0,1,0,0,0,0,0,1,0,0,1,0,0,0,0,0,0,0,0,0,0
data/audio_wav/067/067017.wav,68,1,1,0,1,0,0,0,0,0,1,0,0,1,0,0,0,0,0,0,0,0,0,0
data/audio_wav/067/067018.wav,68,1,1,0,1,0,0,0,0,0,1,0,0,1,0,0,0,0,0,0,0,0,0,0
data/audio_wav/067/067019.wav,68,1,1,0,1,0,0,0,0,0,1,0,0,1,0,0,0,0,0,0,0,0,0,0
data/audio_wav/067/067020.wav,68,1,1,0,1,0,0,0,0,0,1,0,0,1,0,0,0,0,0,0,0,0,0,0
data/audio_wav/067/067021.wav,68,1,1,0,1,0,0,0,0,0,1,0,0,1,0,0,0,0,0,0,0,0,0,0
data/audio_wav/067/067022.wav,68,1,1,0,1,0,0,0,0,0,1,0,0,1,0,0,0,0,0,0,0,0,0,0
data/audio_wav/067/067023.wav,68,1,1,0,1,0,0,0,0,0,1,0,0,1,0,0,0,0,0,0,0,0,0,0
data/audio_wav/067/067024.wav,68,1,1,0,1,0,0,0,0,0,1,0,0,1,0,0,0,0,0,0,0,0,0,0
data/audio_wav/067/067025.wav,68,1,1,0,1,0,0,0,0,0,1,0,0,1,0,0,0,0,0,0,0,0,0,0
data/audio_wav/067/067026.wav,68,1,1,0,1,0,0,0,0,0,1,0,0,1,0,0,0,0,0,0,0,0,0,0
data/audio_wav/067/067027.wav,68,1,1,0,1,0,0,0,0,0,1,0,0,1,0,0,0,0,0,0,0,0,0,0
data/audio_wav/067/067028.wav,68,1,1,0,1,0,0,0,0,0,1,0,0,1,0,0,0,0,0,0,0,0,0,0
data/audio_wav/067/067029.wav,68,1,1,0,1,0,0,0,0,0,1,0,0,1,0,0,0,0,0,0,0,0,0,0
data/audio_wav/067/067030.wav,68,1,1,0,1,0,0,0,0,0,1,0,0,1,0,0,0,0,0,0,0,0,0,0
data/audio_wav/067/067031.wav,68,1,1,0,1,0,0,0,0,0,1,0,0,1,0,0,0,0,0,0,0,0,0,0
data/audio_wav/067/067032.wav,68,1,1,0,1,0,0,0,0,0,1,0,0,1,0,0,0,0,0,0,0,0,0,0
data/audio_wav/067/067033.wav,68,1,1,0,1,0,0,0,0,0,1,0,0,1,0,0,0,0,0,0,0,0,0,0
data/audio_wav/067/067034.wav,68,1,1,0,1,0,0,0,0,0,1,0,0,1,0,0,0,0,0,0,0,0,0,0
data/audio_wav/067/067035.wav,68,1,1,0,1,0,0,0,0,0,1,0,0,1,0,0,0,0,0,0,0,0,0,0
data/audio_wav/067/067036.wav,68,1,1,0,1,0,0,0,0,0,1,0,0,1,0,0,0,0,0,0,0,0,0,0
data/audio_wav/067/067037.wav,68,1,1,0,1,0,0,0,0,0,1,0,0,1,0,0,0,0,0,0,0,0,0,0
data/audio_wav/067/067038.wav,68,1,1,0,1,0,0,0,0,0,1,0,0,1,0,0,0,0,0,0,0,0,0,0
data/audio_wav/067/067039.wav,68,1,1,0,1,0,0,0,0,0,1,0,0,1,0,0,0,0,0,0,0,0,0,0
data/audio_wav/067/067040.wav,68,1,1,0,1,0,0,0,0,0,1,0,0,1,0,0,0,0,0,0,0,0,0,0
data/audio_wav/067/067041.wav,68,1,1,0,1,0,0,0,0,0,1,0,0,1,0,0,0,0,0,0,0,0,0,0
data/audio_wav/067/067042.wav,68,1,1,0,1,0,0,0,0,0,1,0,0,1,0,0,0,0,0,0,0,0,0,0
data/audio_wav/067/067043.wav,68,1,1,0,1,0,0,0,0,0,1,0,0,1,0,0,0,0,0,0,0,0,0,0
data/audio_wav/067/067044.wav,68,1,1,0,1,0,0,0,0,0,1,0,0,1,0,0,0,0,0,0,0,0,0,0
data/audio_wav/067/067045.wav,68,1,1,0,1,0,0,0,0,0,1,0,0,1,0,0,0,0,0,0,0,0,0,0
data/audio_wav/067/067046.wav,68,1,1,0,1,0,0,0,0,0,1,0,0,1,0,0,0,0,0,0,0,0,0,0
data/audio_wav/067/067047.wav,68,1,1,0,1,0,0,0,0,0,1,0,0,1,0,0,0,0,0,0,0,0,0,0
data/audio_wav/067/067048.wav,68,1,1,0,1,0,0,0,0,0,1,0,0,1,0,0,0,0,0,0,0,0,0,0
data/audio_wav/067/067049.wav,68,1,1,0,1,0,0,0,0,0,1,0,0,1,0,0,0,0,0,0,0,0,0,0
data/audio_wav/068/068000.wav,69,1,1,0,1,0,0,0,0,0,1,0,0,0,1,0,0,0,0,0,0,0,0,0
data/audio_wav/068/068001.wav,69,1,1,0,1,0,0,0,0,0,1,0,0,0,1,0,0,0,0,0,0,0,0,0
data/audio_wav/068/068002.wav,69,1,1,0,1,0,0,0,0,0,1,0,0,0,1,0,0,0,0,0,0,0,0,0
data/audio_wav/068/068003.wav,69,1,1,0,1,0,0,0,0,0,1,0,0,0,1,0,0,0,0,0,0,0,0,0
data/audio_wav/068/068004.wav,69,1,1,0,1,0,0,0,0,0,1,0,0,0,1,0,0,0,0,0,0,0,0,0
data/audio_wav/068/068005.wav,69,1,1,0,1,0,0,0,0,0,1,0,0,0,1,0,0,0,0,0,0,0,0,0
data/audio_wav/068/068006.wav,69,1,1,0,1,0,0,0,0,0,1,0,0,0,1,0,0,0,0,0,0,0,0,0
data/audio_wav/068/068007.wav,69,1,1,0,1,0,0,0,0,0,1,0,0,0,1,0,0,0,0,0,0,0,0,0
data/audio_wav/068/068008.wav,69,1,1,0,1,0,0,0,0,0,1,0,0,0,1,0,0,0,0,0,0,0,0,0
data/audio_wav/068/068009.wav,69,1,1,0,1,0,0,0,0,0,1,0,0,0,1,0,0,0,0,0,0,0,0,0
data/audio_wav/068/068010.wav,69,1,1,0,1,0,0,0,0,0,1,0,0,0,1,0,0,0,0,0,0,0,0,0
data/audio_wav/068/068011.wav,69,1,1,0,1,0,0,0,0,0,1,0,0,0,1,0,0,0,0,0,0,0,0,0
data/audio_wav/068/068012.wav,69,1,1,0,1,0,0,0,0,0,1,0,0,0,1,0,0,0,0,0,0,0,0,0
data/audio_wav/068/068013.wav,69,1,1,0,1,0,0,0,0,0,1,0,0,0,1,0,0,0,0,0,0,0,0,0
data/audio_wav/068/068014.wav,69,1,1,0,1,0,0,0,0,0,1,0,0,0,1,0,0,0,0,0,0,0,0,0
data/audio_wav/068/068015.wav,69,1,1,0,1,0,0,0,0,0,1,0,0,0,1,0,0,0,0,0,0,0,0,0
data/audio_wav/068/068016.wav,69,1,1,0,1,0,0,0,0,0,1,0,0,0,1,0,0,0,0,0,0,0,0,0
data/audio_wav/068/068017.wav,69,1,1,0,1,0,0,0,0,0,1,0,0,0,1,0,0,0,0,0,0,0,0,0
data/audio_wav/068/068018.wav,69,1,1,0,1,0,0,0,0,0,1,0,0,0,1,0,0,0,0,0,0,0,0,0
data/audio_wav/068/068019.wav,69,1,1,0,1,0,0,0,0,0,1,0,0,0,1,0,0,0,0,0,0,0,0,0
data/audio_wav/068/068020.wav,69,1,1,0,1,0,0,0,0,0,1,0,0,0,1,0,0,0,0,0,0,0,0,0
data/audio_wav/068/068021.wav,69,1,1,0,1,0,0,0,0,0,1,0,0,0,1,0,0,0,0,0,0,0,0,0
data/audio_wav/068/068022.wav,69,1,1,0,1,0,0,0,0,0,1,0,0,0,1,0,0,0,0,0,0,0,0,0
data/audio_wav/068/068023.wav,69,1,1,0,1,0,0,0,0,0,1,0,0,0,1,0,0,0,0,0,0,0,0,0
data/audio_wav/068/068024.wav,69,1,1,0,1,0,0,0,0,0,1,0,0,0,1,0,0,0,0,0,0,0,0,0
data/audio_wav/068/068025.wav,69,1,1,0,1,0,0,0,0,0,1,0,0,0,1,0,0,0,0,0,0,0,0,0
data/audio_wav/068/068026.wav,69,1,1,0,1,0,0,0,0,0,1,0,0,0,1,0,0,0,0,0,0,0,0,0
data/audio_wav/068/068027.wav,69,1,1,0,1,0,0,0,0,0,1,0,0,0,1,0,0,0,0,0,0,0,0,0
data/audio_wav/068/068028.wav,69,1,1,0,1,0,0,0,0,0,1,0,0,0,1,0,0,0,0,0,0,0,0,0
data/audio_wav/068/068029.wav,69,1,1,0,1,0,0,0,0,0,1,0,0,0,1,0,0,0,0,0,0,0,0,0
data/audio_wav/068/068030.wav,69,1,1,0,1,0,0,0,0,0,1,0,0,0,1,0,0,0,0,0,0,0,0,0
data/audio_wav/068/068031.wav,69,1,1,0,1,0,0,0,0,0,1,0,0,0,1,0,0,0,0,0,0,0,0,0
data/audio_wav/068/068032.wav,69,1,1,0,1,0,0,0,0,0,1,0,0,0,1,0,0,0,0,0,0,0,0,0
data/audio_wav/068/068033.wav,69,1,1,0,1,0,0,0,0,0,1,0,0,0,1,0,0,0,0,0,0,0,0,0
data/audio_wav/068/068034.wav,69,1,1,0,1,0,0,0,0,0,1,0,0,0,1,0,0,0,0,0,0,0,0,0
data/audio_wav/068/068035.wav,69,1,1,0,1,0,0,0,0,0,1,0,0,0,1,0,0,0,0,0,0,0,0,0
data/audio_wav/068/068036.wav,69,1,1,0,1,0,0,0,0,0,1,0,0,0,1,0,0,0,0,0,0,0,0,0
data/audio_wav/068/068037.wav,69,1,1,0,1,0,0,0,0,0,1,0,0,0,1,0,0,0,0,0,0,0,0,0
data/audio_wav/068/068038.wav,69,1,1,0,1,0,0,0,0,0,1,0,0,0,1,0,0,0,0,0,0,0,0,0
data/audio_wav/068/068039.wav,69,1,1,0,1,0,0,0,0,0,1,0,0,0,1,0,0,0,0,0,0,0,0,0
data/audio_wav/068/068040.wav,69,1,1,0,1,0,0,0,0,0,1,0,0,0,1,0,0,0,0,0,0,0,0,0
data/audio_wav/068/068041.wav,69,1,1,0,1,0,0,0,0,0,1,0,0,0,1,0,0,0,0,0,0,0,0,0
data/audio_wav/068/068042.wav,69,1,1,0,1,0,0,0,0,0,1,0,0,0,1,0,0,0,0,0,0,0,0,0
data/audio_wav/068/068043.wav,69,1,1,0,1,0,0,0,0,0,1,0,0,0,1,0,0,0,0,0,0,0,0,0
data/audio_wav/068/068044.wav,69,1,1,0,1,0,0,0,0,0,1,0,0,0,1,0,0,0,0,0,0,0,0,0
data/audio_wav/068/068045.wav,69,1,1,0,1,0,0,0,0,0,1,0,0,0,1,0,0,0,0,0,0,0,0,0
data/audio_wav/068/068046.wav,69,1,1,0,1,0,0,0,0,0,1,0,0,0,1,0,0,0,0,0,0,0,0,0
data/audio_wav/068/068047.wav,69,1,1,0,1,0,0,0,0,0,1,0,0,0,1,0,0,0,0,0,0,0,0,0
data/audio_wav/068/068048.wav,69,1,1,0,1,0,0,0,0,0,1,0,0,0,1,0,0,0,0,0,0,0,0,0
data/audio_wav/068/068049.wav,69,1,1,0,1,0,0,0,0,0,1,0,0,0,1,0,0,0,0,0,0,0,0,0
data/audio_wav/069/069000.wav,70,1,1,0,1,0,0,0,0,0,1,0,0,0,0,1,0,0,0,0,0,0,0,0
data/audio_wav/069/069001.wav,70,1,1,0,1,0,0,0,0,0,1,0,0,0,0,1,0,0,0,0,0,0,0,0
data/audio_wav/069/069002.wav,70,1,1,0,1,0,0,0,0,0,1,0,0,0,0,1,0,0,0,0,0,0,0,0
data/audio_wav/069/069003.wav,70,1,1,0,1,0,0,0,0,0,1,0,0,0,0,1,0,0,0,0,0,0,0,0
data/audio_wav/069/069004.wav,70,1,1,0,1,0,0,0,0,0,1,0,0,0,0,1,0,0,0,0,0,0,0,0
data/audio_wav/069/069005.wav,70,1,1,0,1,0,0,0,0,0,1,0,0,0,0,1,0,0,0,0,0,0,0,0
data/audio_wav/069/069006.wav,70,1,1,0,1,0,0,0,0,0,1,0,0,0,0,1,0,0,0,0,0,0,0,0
data/audio_wav/069/069007.wav,70,1,1,0,1,0,0,0,0,0,1,0,0,0,0,1,0,0,0,0,0,0,0,0
data/audio_wav/069/069008.wav,70,1,1,0,1,0,0,0,0,0,1,0,0,0,0,1,0,0,0,0,0,0,0,0
data/audio_wav/069/069009.wav,70,1,1,0,1,0,0,0,0,0,1,0,0,0,0,1,0,0,0,0,0,0,0,0
data/audio_wav/069/069010.wav,70,1,1,0,1,0,0,0,0,0,1,0,0,0,0,1,0,0,0,0,0,0,0,0
data/audio_wav/069/069011.wav,70,1,1,0,1,0,0,0,0,0,1,0,0,0,0,1,0,0,0,0,0,0,0,0
data/audio_wav/069/069012.wav,70,1,1,0,1,0,0,0,0,0,1,0,0,0,0,1,0,0,0,0,0,0,0,0
data/audio_wav/069/069013.wav,70,1,1,0,1,0,0,0,0,0,1,0,0,0,0,1,0,0,0,0,0,0,0,0
data/audio_wav/069/069014.wav,70,1,1,0,1,0,0,0,0,0,1,0,0,0,0,1,0,0,0,0,0,0,0,0
data/audio_wav/069/069015.wav,70,1,1,0,1,0,0,0,0,0,1,0,0,0,0,1,0,0,0,0,0,0,0,0
data/audio_wav/069/069016.wav,70,1,1,0,1,0,0,0,0,0,1,0,0,0,0,1,0,0,0,0,0,0,0,0
data/audio_wav/069/069017.wav,70,1,1,0,1,0,0,0,0,0,1,0,0,0,0,1,0,0,0,0,0,0,0,0
data/audio_wav/069/069018.wav,70,1,1,0,1,0,0,0,0,0,1,0,0,0,0,1,0,0,0,0,0,0,0,0
data/audio_wav/069/069019.wav,70,1,1,0,1,0,0,0,0,0,1,0,0,0,0,1,0,0,0,0,0,0,0,0
data/audio_wav/069/069020.wav,70,1,1,0,1,0,0,0,0,0,1,0,0,0,0,1,0,0,0,0,0,0,0,0
data/audio_wav/069/069021.wav,70,1,1,0,1,0,0,0,0,0,1,0,0,0,0,1,0,0,0,0,0,0,0,0
data/audio_wav/069/069022.wav,70,1,1,0,1,0,0,0,0,0,1,0,0,0,0,1,0,0,0,0,0,0,0,0
data/audio_wav/069/069023.wav,70,1,1,0,1,0,0,0,0,0,1,0,0,0,0,1,0,0,0,0,0,0,0,0
data/audio_wav/069/069024.wav,70,1,1,0,1,0,0,0,0,0,1,0,0,0,0,1,0,0,0,0,0,0,0,0
data/audio_wav/069/069025.wav,70,1,1,0,1,0,0,0,0,0,1,0,0,0,0,1,0,0,0,0,0,0,0,0
data/audio_wav/069/069026.wav,70,1,1,0,1,0,0,0,0,0,1,0,0,0,0,1,0,0,0,0,0,0,0,0
data/audio_wav/069/069027.wav,70,1,1,0,1,0,0,0,0,0,1,0,0,0,0,1,0,0,0,0,0,0,0,0
data/audio_wav/069/069028.wav,70,1,1,0,1,0,0,0,0,0,1,0,0,0,0,1,0,0,0,0,0,0,0,0
data/audio_wav/069/069029.wav,70,1,1,0,1,0,0,0,0,0,1,0,0,0,0,1,0,0,0,0,0,0,0,0
data/audio_wav/069/069030.wav,70,1,1,0,1,0,0,0,0,0,1,0,0,0,0,1,0,0,0,0,0,0,0,0
data/audio_wav/069/069031.wav,70,1,1,0,1,0,0,0,0,0,1,0,0,0,0,1,0,0,0,0,0,0,0,0
data/audio_wav/069/069032.wav,70,1,1,0,1,0,0,0,0,0,1,0,0,0,0,1,0,0,0,0,0,0,0,0
data/audio_wav/069/069033.wav,70,1,1,0,1,0,0,0,0,0,1,0,0,0,0,1,0,0,0,0,0,0,0,0
data/audio_wav/069/069034.wav,70,1,1,0,1,0,0,0,0,0,1,0,0,0,0,1,0,0,0,0,0,0,0,0
data/audio_wav/069/069035.wav,70,1,1,0,1,0,0,0,0,0,1,0,0,0,0,1,0,0,0,0,0,0,0,0
data/audio_wav/069/069036.wav,70,1,1,0,1,0,0,0,0,0,1,0,0,0,0,1,0,0,0,0,0,0,0,0
data/audio_wav/069/069037.wav,70,1,1,0,1,0,0,0,0,0,1,0,0,0,0,1,0,0,0,0,0,0,0,0
data/audio_wav/069/069038.wav,70,1,1,0,1,0,0,0,0,0,1,0,0,0,0,1,0,0,0,0,0,0,0,0
data/audio_wav/069/069039.wav,70,1,1,0,1,0,0,0,0,0,1,0,0,0,0,1,0,0,0,0,0,0,0,0
data/audio_wav/069/069040.wav,70,1,1,0,1,0,0,0,0,0,1,0,0,0,0,1,0,0,0,0,0,0,0,0
data/audio_wav/069/069041.wav,70,1,1,0,1,0,0,0,0,0,1,0,0,0,0,1,0,0,0,0,0,0,0,0
data/audio_wav/069/069042.wav,70,1,1,0,1,0,0,0,0,0,1,0,0,0,0,1,0,0,0,0,0,0,0,0
data/audio_wav/069/069043.wav,70,1,1,0,1,0,0,0,0,0,1,0,0,0,0,1,0,0,0,0,0,0,0,0
data/audio_wav/069/069044.wav,70,1,1,0,1,0,0,0,0,0,1,0,0,0,0,1,0,0,0,0,0,0,0,0
data/audio_wav/069/069045.wav,70,1,1,0,1,0,0,0,0,0,1,0,0,0,0,1,0,0,0,0,0,0,0,0
data/audio_wav/069/069046.wav,70,1,1,0,1,0,0,0,0,0,1,0,0,0,0,1,0,0,0,0,0,0,0,0
data/audio_wav/069/069047.wav,70,1,1,0,1,0,0,0,0,0,1,0,0,0,0,1,0,0,0,0,0,0,0,0
data/audio_wav/069/069048.wav,70,1,1,0,1,0,0,0,0,0,1,0,0,0,0,1,0,0,0,0,0,0,0,0
data/audio_wav/069/069049.wav,70,1,1,0,1,0,0,0,0,0,1,0,0,0,0,1,0,0,0,0,0,0,0,0
data/audio_wav/070/070000.wav,71,1,1,0,1,0,0,0,0,0,1,0,0,0,0,0,1,0,0,0,0,0,0,0
data/audio_wav/070/070001.wav,71,1,1,0,1,0,0,0,0,0,1,0,0,0,0,0,1,0,0,0,0,0,0,0
data/audio_wav/070/070002.wav,71,1,1,0,1,0,0,0,0,0,1,0,0,0,0,0,1,0,0,0,0,0,0,0
data/audio_wav/070/070003.wav,71,1,1,0,1,0,0,0,0,0,1,0,0,0,0,0,1,0,0,0,0,0,0,0
data/audio_wav/070/070004.wav,71,1,1,0,1,0,0,0,0,0,1,0,0,0,0,0,1,0,0,0,0,0,0,0
data/audio_wav/070/070005.wav,71,1,1,0,1,0,0,0,0,0,1,0,0,0,0,0,1,0,0,0,0,0,0,0
data/audio_wav/070/070006.wav,71,1,1,0,1,0,0,0,0,0,1,0,0,0,0,0,1,0,0,0,0,0,0,0
data/audio_wav/070/070007.wav,71,1,1,0,1,0,0,0,0,0,1,0,0,0,0,0,1,0,0,0,0,0,0,0
data/audio_wav/070/070008.wav,71,1,1,0,1,0,0,0,0,0,1,0,0,0,0,0,1,0,0,0,0,0,0,0
data/audio_wav/070/070009.wav,71,1,1,0,1,0,0,0,0,0,1,0,0,0,0,0,1,0,0,0,0,0,0,0
data/audio_wav/070/070010.wav,71,1,1,0,1,0,0,0,0,0,1,0,0,0,0,0,1,0,0,0,0,0,0,0
data/audio_wav/070/070011.wav,71,1,1,0,1,0,0,0,0,0,1,0,0,0,0,0,1,0,0,0,0,0,0,0
data/audio_wav/070/070012.wav,71,1,1,0,1,0,0,0,0,0,1,0,0,0,0,0,1,0,0,0,0,0,0,0
data/audio_wav/070/070013.wav,71,1,1,0,1,0,0,0,0,0,1,0,0,0,0,0,1,0,0,0,0,0,0,0
data/audio_wav/070/070014.wav,71,1,1,0,1,0,0,0,0,0,1,0,0,0,0,0,1,0,0,0,0,0,0,0
data/audio_wav/070/070015.wav,71,1,1,0,1,0,0,0,0,0,1,0,0,0,0,0,1,0,0,0,0,0,0,0
data/audio_wav/070/070016.wav,71,1,1,0,1,0,0,0,0,0,1,0,0,0,0,0,1,0,0,0,0,0,0,0
data/audio_wav/070/070017.wav,71,1,1,0,1,0,0,0,0,0,1,0,0,0,0,0,1,0,0,0,0,0,0,0
data/audio_wav/070/070018.wav,71,1,1,0,1,0,0,0,0,0,1,0,0,0,0,0,1,0,0,0,0,0,0,0
data/audio_wav/070/070019.wav,71,1,1,0,1,0,0,0,0,0,1,0,0,0,0,0,1,0,0,0,0,0,0,0
data/audio_wav/070/070020.wav,71,1,1,0,1,0,0,0,0,0,1,0,0,0,0,0,1,0,0,0,0,0,0,0
data/audio_wav/070/070021.wav,71,1,1,0,1,0,0,0,0,0,1,0,0,0,0,0,1,0,0,0,0,0,0,0
data/audio_wav/070/070022.wav,71,1,1,0,1,0,0,0,0,0,1,0,0,0,0,0,1,0,0,0,0,0,0,0
data/audio_wav/070/070023.wav,71,1,1,0,1,0,0,0,0,0,1,0,0,0,0,0,1,0,0,0,0,0,0,0
data/audio_wav/070/070024.wav,71,1,1,0,1,0,0,0,0,0,1,0,0,0,0,0,1,0,0,0,0,0,0,0
data/audio_wav/070/070025.wav,71,1,1,0,1,0,0,0,0,0,1,0,0,0,0,0,1,0,0,0,0,0,0,0
data/audio_wav/070/070026.wav,71,1,1,0,1,0,0,0,0,0,1,0,0,0,0,0,1,0,0,0,0,0,0,0
data/audio_wav/070/070027.wav,71,1,1,0,1,0,0,0,0,0,1,0,0,0,0,0,1,0,0,0,0,0,0,0
data/audio_wav/070/070028.wav,71,1,1,0,1,0,0,0,0,0,1,0,0,0,0,0,1,0,0,0,0,0,0,0
data/audio_wav/070/070029.wav,71,1,1,0,1,0,0,0,0,0,1,0,0,0,0,0,1,0,0,0,0,0,0,0
data/audio_wav/070/070030.wav,71,1,1,0,1,0,0,0,0,0,1,0,0,0,0,0,1,0,0,0,0,0,0,0
data/audio_wav/070/070031.wav,71,1,1,0,1,0,0,0,0,0,1,0,0,0,0,0,1,0,0,0,0,0,0,0
data/audio_wav/070/070032.wav,71,1,1,0,1,0,0,0,0,0,1,0,0,0,0,0,1,0,0,0,0,0,0,0
data/audio_wav/070/070033.wav,71,1,1,0,1,0,0,0,0,0,1,0,0,0,0,0,1,0,0,0,0,0,0,0
data/audio_wav/070/070034.wav,71,1,1,0,1,0,0,0,0,0,1,0,0,0,0,0,1,0,0,0,0,0,0,0
data/audio_wav/070/070035.wav,71,1,1,0,1,0,0,0,0,0,1,0,0,0,0,0,1,0,0,0,0,0,0,0
data/audio_wav/070/070036.wav,71,1,1,0,1,0,0,0,0,0,1,0,0,0,0,0,1,0,0,0,0,0,0,0
data/audio_wav/070/070037.wav,71,1,1,0,1,0,0,0,0,0,1,0,0,0,0,0,1,0,0,0,0,0,0,0
data/audio_wav/070/070038.wav,71,1,1,0,1,0,0,0,0,0,1,0,0,0,0,0,1,0,0,0,0,0,0,0
data/audio_wav/070/070039.wav,71,1,1,0,1,0,0,0,0,0,1,0,0,0,0,0,1,0,0,0,0,0,0,0
data/audio_wav/070/070040.wav,71,1,1,0,1,0,0,0,0,0,1,0,0,0,0,0,1,0,0,0,0,0,0,0
data/audio_wav/070/070041.wav,71,1,1,0,1,0,0,0,0,0,1,0,0,0,0,0,1,0,0,0,0,0,0,0
data/audio_wav/070/070042.wav,71,1,1,0,1,0,0,0,0,0,1,0,0,0,0,0,1,0,0,0,0,0,0,0
data/audio_wav/070/070043.wav,71,1,1,0,1,0,0,0,0,0,1,0,0,0,0,0,1,0,0,0,0,0,0,0
data/audio_wav/070/070044.wav,71,1,1,0,1,0,0,0,0,0,1,0,0,0,0,0,1,0,0,0,0,0,0,0
data/audio_wav/070/070045.wav,71,1,1,0,1,0,0,0,0,0,1,0,0,0,0,0,1,0,0,0,0,0,0,0
data/audio_wav/070/070046.wav,71,1,1,0,1,0,0,0,0,0,1,0,0,0,0,0,1,0,0,0,0,0,0,0
data/audio_wav/070/070047.wav,71,1,1,0,1,0,0,0,0,0,1,0,0,0,0,0,1,0,0,0,0,0,0,0
data/audio_wav/070/070048.wav,71,1,1,0,1,0,0,0,0,0,1,0,0,0,0,0,1,0,0,0,0,0,0,0
data/audio_wav/070/070049.wav,71,1,1,0,1,0,0,0,0,0,1,0,0,0,0,0,1,0,0,0,0,0,0,0
data/audio_wav/071/071000.wav,72,1,1,0,1,0,0,0,0,0,1,0,0,0,0,0,0,1,0,0,0,0,0,0
data/audio_wav/071/071001.wav,72,1,1,0,1,0,0,0,0,0,1,0,0,0,0,0,0,1,0,0,0,0,0,0
data/audio_wav/071/071002.wav,72,1,1,0,1,0,0,0,0,0,1,0,0,0,0,0,0,1,0,0,0,0,0,0
data/audio_wav/071/071003.wav,72,1,1,0,1,0,0,0,0,0,1,0,0,0,0,0,0,1,0,0,0,0,0,0
data/audio_wav/071/071004.wav,72,1,1,0,1,0,0,0,0,0,1,0,0,0,0,0,0,1,0,0,0,0,0,0
data/audio_wav/071/071005.wav,72,1,1,0,1,0,0,0,0,0,1,0,0,0,0,0,0,1,0,0,0,0,0,0
data/audio_wav/071/071006.wav,72,1,1,0,1,0,0,0,0,0,1,0,0,0,0,0,0,1,0,0,0,0,0,0
data/audio_wav/071/071007.wav,72,1,1,0,1,0,0,0,0,0,1,0,0,0,0,0,0,1,0,0,0,0,0,0
data/audio_wav/071/071008.wav,72,1,1,0,1,0,0,0,0,0,1,0,0,0,0,0,0,1,0,0,0,0,0,0
data/audio_wav/071/071009.wav,72,1,1,0,1,0,0,0,0,0,1,0,0,0,0,0,0,1,0,0,0,0,0,0
data/audio_wav/071/071010.wav,72,1,1,0,1,0,0,0,0,0,1,0,0,0,0,0,0,1,0,0,0,0,0,0
data/audio_wav/071/071011.wav,72,1,1,0,1,0,0,0,0,0,1,0,0,0,0,0,0,1,0,0,0,0,0,0
data/audio_wav/071/071012.wav,72,1,1,0,1,0,0,0,0,0,1,0,0,0,0,0,0,1,0,0,0,0,0,0
data/audio_wav/071/071013.wav,72,1,1,0,1,0,0,0,0,0,1,0,0,0,0,0,0,1,0,0,0,0,0,0
data/audio_wav/071/071014.wav,72,1,1,0,1,0,0,0,0,0,1,0,0,0,0,0,0,1,0,0,0,0,0,0
data/audio_wav/071/071015.wav,72,1,1,0,1,0,0,0,0,0,1,0,0,0,0,0,0,1,0,0,0,0,0,0
data/audio_wav/071/071016.wav,72,1,1,0,1,0,0,0,0,0,1,0,0,0,0,0,0,1,0,0,0,0,0,0
data/audio_wav/071/071017.wav,72,1,1,0,1,0,0,0,0,0,1,0,0,0,0,0,0,1,0,0,0,0,0,0
data/audio_wav/071/071018.wav,72,1,1,0,1,0,0,0,0,0,1,0,0,0,0,0,0,1,0,0,0,0,0,0
data/audio_wav/071/071019.wav,72,1,1,0,1,0,0,0,0,0,1,0,0,0,0,0,0,1,0,0,0,0,0,0
data/audio_wav/071/071020.wav,72,1,1,0,1,0,0,0,0,0,1,0,0,0,0,0,0,1,0,0,0,0,0,0
data/audio_wav/071/071021.wav,72,1,1,0,1,0,0,0,0,0,1,0,0,0,0,0,0,1,0,0,0,0,0,0
data/audio_wav/071/071022.wav,72,1,1,0,1,0,0,0,0,0,1,0,0,0,0,0,0,1,0,0,0,0,0,0
data/audio_wav/071/071023.wav,72,1,1,0,1,0,0,0,0,0,1,0,0,0,0,0,0,1,0,0,0,0,0,0
data/audio_wav/071/071024.wav,72,1,1,0,1,0,0,0,0,0,1,0,0,0,0,0,0,1,0,0,0,0,0,0
data/audio_wav/071/071025.wav,72,1,1,0,1,0,0,0,0,0,1,0,0,0,0,0,0,1,0,0,0,0,0,0
data/audio_wav/071/071026.wav,72,1,1,0,1,0,0,0,0,0,1,0,0,0,0,0,0,1,0,0,0,0,0,0
data/audio_wav/071/071027.wav,72,1,1,0,1,0,0,0,0,0,1,0,0,0,0,0,0,1,0,0,0,0,0,0
data/audio_wav/071/071028.wav,72,1,1,0,1,0,0,0,0,0,1,0,0,0,0,0,0,1,0,0,0,0,0,0
data/audio_wav/071/071029.wav,72,1,1,0,1,0,0,0,0,0,1,0,0,0,0,0,0,1,0,0,0,0,0,0
data/audio_wav/071/071030.wav,72,1,1,0,1,0,0,0,0,0,1,0,0,0,0,0,0,1,0,0,0,0,0,0
data/audio_wav/071/071031.wav,72,1,1,0,1,0,0,0,0,0,1,0,0,0,0,0,0,1,0,0,0,0,0,0
data/audio_wav/071/071032.wav,72,1,1,0,1,0,0,0,0,0,1,0,0,0,0,0,0,1,0,0,0,0,0,0
data/audio_wav/071/071033.wav,72,1,1,0,1,0,0,0,0,0,1,0,0,0,0,0,0,1,0,0,0,0,0,0
data/audio_wav/071/071034.wav,72,1,1,0,1,0,0,0,0,0,1,0,0,0,0,0,0,1,0,0,0,0,0,0
data/audio_wav/071/071035.wav,72,1,1,0,1,0,0,0,0,0,1,0,0,0,0,0,0,1,0,0,0,0,0,0
data/audio_wav/071/071036.wav,72,1,1,0,1,0,0,0,0,0,1,0,0,0,0,0,0,1,0,0,0,0,0,0
data/audio_wav/071/071037.wav,72,1,1,0,1,0,0,0,0,0,1,0,0,0,0,0,0,1,0,0,0,0,0,0
data/audio_wav/071/071038.wav,72,1,1,0,1,0,0,0,0,0,1,0,0,0,0,0,0,1,0,0,0,0,0,0
data/audio_wav/071/071039.wav,72,1,1,0,1,0,0,0,0,0,1,0,0,0,0,0,0,1,0,0,0,0,0,0
data/audio_wav/071/071040.wav,72,1,1,0,1,0,0,0,0,0,1,0,0,0,0,0,0,1,0,0,0,0,0,0
data/audio_wav/071/071041.wav,72,1,1,0,1,0,0,0,0,0,1,0,0,0,0,0,0,1,0,0,0,0,0,0
data/audio_wav/071/071042.wav,72,1,1,0,1,0,0,0,0,0,1,0,0,0,0,0,0,1,0,0,0,0,0,0
data/audio_wav/071/071043.wav,72,1,1,0,1,0,0,0,0,0,1,0,0,0,0,0,0,1,0,0,0,0,0,0
data/audio_wav/071/071044.wav,72,1,1,0,1,0,0,0,0,0,1,0,0,0,0,0,0,1,0,0,0,0,0,0
data/audio_wav/071/071045.wav,72,1,1,0,1,0,0,0,0,0,1,0,0,0,0,0,0,1,0,0,0,0,0,0
data/audio_wav/071/071046.wav,72,1,1,0,1,0,0,0,0,0,1,0,0,0,0,0,0,1,0,0,0,0,0,0
data/audio_wav/071/071047.wav,72,1,1,0,1,0,0,0,0,0,1,0,0,0,0,0,0,1,0,0,0,0,0,0
data/audio_wav/071/071048.wav,72,1,1,0,1,0,0,0,0,0,1,0,0,0,0,0,0,1,0,0,0,0,0,0
data/audio_wav/071/071049.wav,72,1,1,0,1,0,0,0,0,0,1,0,0,0,0,0,0,1,0,0,0,0,0,0
data/audio_wav/072/072000.wav,73,0,0,0,1,0,0,0,0,0,1,0,0,0,0,0,0,0,1,0,0,0,0,0
data/audio_wav/072/072001.wav,73,0,0,0,1,0,0,0,0,0,1,0,0,0,0,0,0,0,1,0,0,0,0,0
data/audio_wav/072/072002.wav,73,0,0,0,1,0,0,0,0,0,1,0,0,0,0,0,0,0,1,0,0,0,0,0
data/audio_wav/072/072003.wav,73,0,0,0,1,0,0,0,0,0,1,0,0,0,0,0,0,0,1,0,0,0,0,0
data/audio_wav/072/072004.wav,73,0,0,0,1,0,0,0,0,0,1,0,0,0,0,0,0,0,1,0,0,0,0,0
data/audio_wav/072/072005.wav,73,0,0,0,1,0,0,0,0,0,1,0,0,0,0,0,0,0,1,0,0,0,0,0
data/audio_wav/072/072006.wav,73,0,0,0,1,0,0,0,0,0,1,0,0,0,0,0,0,0,1,0,0,0,0,0
data/audio_wav/072/072007.wav,73,0,0,0,1,0,0,0,0,0,1,0,0,0,0,0,0,0,1,0,0,0,0,0
data/audio_wav/072/072008.wav,73,0,0,0,1,0,0,0,0,0,1,0,0,0,0,0,0,0,1,0,0,0,0,0
data/audio_wav/072/072009.wav,73,0,0,0,1,0,0,0,0,0,1,0,0,0,0,0,0,0,1,0,0,0,0,0
data/audio_wav/072/072010.wav,73,0,0,0,1,0,0,0,0,0,1,0,0,0,0,0,0,0,1,0,0,0,0,0
data/audio_wav/072/072011.wav,73,0,0,0,1,0,0,0,0,0,1,0,0,0,0,0,0,0,1,0,0,0,0,0
data/audio_wav/072/072012.wav,73,0,0,0,1,0,0,0,0,0,1,0,0,0,0,0,0,0,1,0,0,0,0,0
data/audio_wav/072/072013.wav,73,0,0,0,1,0,0,0,0,0,1,0,0,0,0,0,0,0,1,0,0,0,0,0
data/audio_wav/072/072014.wav,73,0,0,0,1,0,0,0,0,0,1,0,0,0,0,0,0,0,1,0,0,0,0,0
data/audio_wav/072/072015.wav,73,0,0,0,1,0,0,0,0,0,1,0,0,0,0,0,0,0,1,0,0,0,0,0
data/audio_wav/072/072016.wav,73,0,0,0,1,0,0,0,0,0,1,0,0,0,0,0,0,0,1,0,0,0,0,0
data/audio_wav/072/072017.wav,73,0,0,0,1,0,0,0,0,0,1,0,0,0,0,0,0,0,1,0,0,0,0,0
data/audio_wav/072/072018.wav,73,0,0,0,1,0,0,0,0,0,1,0,0,0,0,0,0,0,1,0,0,0,0,0
data/audio_wav/072/072019.wav,73,0,0,0,1,0,0,0,0,0,1,0,0,0,0,0,0,0,1,0,0,0,0,0
data/audio_wav/072/072020.wav,73,0,0,0,1,0,0,0,0,0,1,0,0,0,0,0,0,0,1,0,0,0,0,0
data/audio_wav/072/072021.wav,73,0,0,0,1,0,0,0,0,0,1,0,0,0,0,0,0,0,1,0,0,0,0,0
data/audio_wav/072/072022.wav,73,0,0,0,1,0,0,0,0,0,1,0,0,0,0,0,0,0,1,0,0,0,0,0
data/audio_wav/072/072023.wav,73,0,0,0,1,0,0,0,0,0,1,0,0,0,0,0,0,0,1,0,0,0,0,0
data/audio_wav/072/072024.wav,73,0,0,0,1,0,0,0,0,0,1,0,0,0,0,0,0,0,1,0,0,0,0,0
data/audio_wav/072/072025.wav,73,0,0,0,1,0,0,0,0,0,1,0,0,0,0,0,0,0,1,0,0,0,0,0
data/audio_wav/072/072026.wav,73,0,0,0,1,0,0,0,0,0,1,0,0,0,0,0,0,0,1,0,0,0,0,0
data/audio_wav/072/072027.wav,73,0,0,0,1,0,0,0,0,0,1,0,0,0,0,0,0,0,1,0,0,0,0,0
data/audio_wav/072/072028.wav,73,0,0,0,1,0,0,0,0,0,1,0,0,0,0,0,0,0,1,0,0,0,0,0
data/audio_wav/072/072029.wav,73,0,0,0,1,0,0,0,0,0,1,0,0,0,0,0,0,0,1,0,0,0,0,0
data/audio_wav/072/072030.wav,73,0,0,0,1,0,0,0,0,0,1,0,0,0,0,0,0,0,1,0,0,0,0,0
data/audio_wav/072/072031.wav,73,0,0,0,1,0,0,0,0,0,1,0,0,0,0,0,0,0,1,0,0,0,0,0
data/audio_wav/072/072032.wav,73,0,0,0,1,0,0,0,0,0,1,0,0,0,0,0,0,0,1,0,0,0,0,0
data/audio_wav/072/072033.wav,73,0,0,0,1,0,0,0,0,0,1,0,0,0,0,0,0,0,1,0,0,0,0,0
data/audio_wav/072/072034.wav,73,0,0,0,1,0,0,0,0,0,1,0,0,0,0,0,0,0,1,0,0,0,0,0
data/audio_wav/072/072035.wav,73,0,0,0,1,0,0,0,0,0,1,0,0,0,0,0,0,0,1,0,0,0,0,0
data/audio_wav/072/072036.wav,73,0,0,0,1,0,0,0,0,0,1,0,0,0,0,0,0,0,1,0,0,0,0,0
data/audio_wav/072/072037.wav,73,0,0,0,1,0,0,0,0,0,1,0,0,0,0,0,0,0,1,0,0,0,0,0
data/audio_wav/072/072038.wav,73,0,0,0,1,0,0,0,0,0,1,0,0,0,0,0,0,0,1,0,0,0,0,0
data/audio_wav/072/072039.wav,73,0,0,0,1,0,0,0,0,0,1,0,0,0,0,0,0,0,1,0,0,0,0,0
data/audio_wav/072/072040.wav,73,0,0,0,1,0,0,0,0,0,1,0,0,0,0,0,0,0,1,0,0,0,0,0
data/audio_wav/072/072041.wav,73,0,0,0,1,0,0,0,0,0,1,0,0,0,0,0,0,0,1,0,0,0,0,0
data/audio_wav/072/072042.wav,73,0,0,0,1,0,0,0,0,0,1,0,0,0,0,0,0,0,1,0,0,0,0,0
data/audio_wav/072/072043.wav,73,0,0,0,1,0,0,0,0,0,1,0,0,0,0,0,0,0,1,0,0,0,0,0
data/audio_wav/072/072044.wav,73,0,0,0,1,0,0,0,0,0,1,0,0,0,0,0,0,0,1,0,0,0,0,0
data/audio_wav/072/072045.wav,73,0,0,0,1,0,0,0,0,0,1,0,0,0,0,0,0,0,1,0,0,0,0,0
data/audio_wav/072/072046.wav,73,0,0,0,1,0,0,0,0,0,1,0,0,0,0,0,0,0,1,0,0,0,0,0
data/audio_wav/072/072047.wav,73,0,0,0,1,0,0,0,0,0,1,0,0,0,0,0,0,0,1,0,0,0,0,0
data/audio_wav/072/072048.wav,73,0,0,0,1,0,0,0,0,0,1,0,0,0,0,0,0,0,1,0,0,0,0,0
data/audio_wav/072/072049.wav,73,0,0,0,1,0,0,0,0,0,1,0,0,0,0,0,0,0,1,0,0,0,0,0
data/audio_wav/073/073000.wav,74,0,0,0,1,0,0,0,0,0,1,0,0,0,0,0,0,0,0,1,0,0,0,0
data/audio_wav/073/073001.wav,74,0,0,0,1,0,0,0,0,0,1,0,0,0,0,0,0,0,0,1,0,0,0,0
data/audio_wav/073/073002.wav,74,0,0,0,1,0,0,0,0,0,1,0,0,0,0,0,0,0,0,1,0,0,0,0
data/audio_wav/073/073003.wav,74,0,0,0,1,0,0,0,0,0,1,0,0,0,0,0,0,0,0,1,0,0,0,0
data/audio_wav/073/073004.wav,74,0,0,0,1,0,0,0,0,0,1,0,0,0,0,0,0,0,0,1,0,0,0,0
data/audio_wav/073/073005.wav,74,0,0,0,1,0,0,0,0,0,1,0,0,0,0,0,0,0,0,1,0,0,0,0
data/audio_wav/073/073006.wav,74,0,0,0,1,0,0,0,0,0,1,0,0,0,0,0,0,0,0,1,0,0,0,0
data/audio_wav/073/073007.wav,74,0,0,0,1,0,0,0,0,0,1,0,0,0,0,0,0,0,0,1,0,0,0,0
data/audio_wav/073/073008.wav,74,0,0,0,1,0,0,0,0,0,1,0,0,0,0,0,0,0,0,1,0,0,0,0
data/audio_wav/073/073009.wav,74,0,0,0,1,0,0,0,0,0,1,0,0,0,0,0,0,0,0,1,0,0,0,0
data/audio_wav/073/073010.wav,74,0,0,0,1,0,0,0,0,0,1,0,0,0,0,0,0,0,0,1,0,0,0,0
data/audio_wav/073/073011.wav,74,0,0,0,1,0,0,0,0,0,1,0,0,0,0,0,0,0,0,1,0,0,0,0
data/audio_wav/073/073012.wav,74,0,0,0,1,0,0,0,0,0,1,0,0,0,0,0,0,0,0,1,0,0,0,0
data/audio_wav/073/073013.wav,74,0,0,0,1,0,0,0,0,0,1,0,0,0,0,0,0,0,0,1,0,0,0,0
data/audio_wav/073/073014.wav,74,0,0,0,1,0,0,0,0,0,1,0,0,0,0,0,0,0,0,1,0,0,0,0
data/audio_wav/073/073015.wav,74,0,0,0,1,0,0,0,0,0,1,0,0,0,0,0,0,0,0,1,0,0,0,0
data/audio_wav/073/073016.wav,74,0,0,0,1,0,0,0,0,0,1,0,0,0,0,0,0,0,0,1,0,0,0,0
data/audio_wav/073/073017.wav,74,0,0,0,1,0,0,0,0,0,1,0,0,0,0,0,0,0,0,1,0,0,0,0
data/audio_wav/073/073018.wav,74,0,0,0,1,0,0,0,0,0,1,0,0,0,0,0,0,0,0,1,0,0,0,0
data/audio_wav/073/073019.wav,74,0,0,0,1,0,0,0,0,0,1,0,0,0,0,0,0,0,0,1,0,0,0,0
data/audio_wav/073/073020.wav,74,0,0,0,1,0,0,0,0,0,1,0,0,0,0,0,0,0,0,1,0,0,0,0
data/audio_wav/073/073021.wav,74,0,0,0,1,0,0,0,0,0,1,0,0,0,0,0,0,0,0,1,0,0,0,0
data/audio_wav/073/073022.wav,74,0,0,0,1,0,0,0,0,0,1,0,0,0,0,0,0,0,0,1,0,0,0,0
data/audio_wav/073/073023.wav,74,0,0,0,1,0,0,0,0,0,1,0,0,0,0,0,0,0,0,1,0,0,0,0
data/audio_wav/073/073024.wav,74,0,0,0,1,0,0,0,0,0,1,0,0,0,0,0,0,0,0,1,0,0,0,0
data/audio_wav/073/073025.wav,74,0,0,0,1,0,0,0,0,0,1,0,0,0,0,0,0,0,0,1,0,0,0,0
data/audio_wav/073/073026.wav,74,0,0,0,1,0,0,0,0,0,1,0,0,0,0,0,0,0,0,1,0,0,0,0
data/audio_wav/073/073027.wav,74,0,0,0,1,0,0,0,0,0,1,0,0,0,0,0,0,0,0,1,0,0,0,0
data/audio_wav/073/073028.wav,74,0,0,0,1,0,0,0,0,0,1,0,0,0,0,0,0,0,0,1,0,0,0,0
data/audio_wav/073/073029.wav,74,0,0,0,1,0,0,0,0,0,1,0,0,0,0,0,0,0,0,1,0,0,0,0
data/audio_wav/073/073030.wav,74,0,0,0,1,0,0,0,0,0,1,0,0,0,0,0,0,0,0,1,0,0,0,0
data/audio_wav/073/073031.wav,74,0,0,0,1,0,0,0,0,0,1,0,0,0,0,0,0,0,0,1,0,0,0,0
data/audio_wav/073/073032.wav,74,0,0,0,1,0,0,0,0,0,1,0,0,0,0,0,0,0,0,1,0,0,0,0
data/audio_wav/073/073033.wav,74,0,0,0,1,0,0,0,0,0,1,0,0,0,0,0,0,0,0,1,0,0,0,0
data/audio_wav/073/073034.wav,74,0,0,0,1,0,0,0,0,0,1,0,0,0,0,0,0,0,0,1,0,0,0,0
data/audio_wav/073/073035.wav,74,0,0,0,1,0,0,0,0,0,1,0,0,0,0,0,0,0,0,1,0,0,0,0
data/audio_wav/073/073036.wav,74,0,0,0,1,0,0,0,0,0,1,0,0,0,0,0,0,0,0,1,0,0,0,0
data/audio_wav/073/073037.wav,74,0,0,0,1,0,0,0,0,0,1,0,0,0,0,0,0,0,0,1,0,0,0,0
data/audio_wav/073/073038.wav,74,0,0,0,1,0,0,0,0,0,1,0,0,0,0,0,0,0,0,1,0,0,0,0
data/audio_wav/073/073039.wav,74,0,0,0,1,0,0,0,0,0,1,0,0,0,0,0,0,0,0,1,0,0,0,0
data/audio_wav/073/073040.wav,74,0,0,0,1,0,0,0,0,0,1,0,0,0,0,0,0,0,0,1,0,0,0,0
data/audio_wav/073/073041.wav,74,0,0,0,1,0,0,0,0,0,1,0,0,0,0,0,0,0,0,1,0,0,0,0
data/audio_wav/073/073042.wav,74,0,0,0,1,0,0,0,0,0,1,0,0,0,0,0,0,0,0,1,0,0,0,0
data/audio_wav/073/073043.wav,74,0,0,0,1,0,0,0,0,0,1,0,0,0,0,0,0,0,0,1,0,0,0,0
data/audio_wav/073/073044.wav,74,0,0,0,1,0,0,0,0,0,1,0,0,0,0,0,0,0,0,1,0,0,0,0
data/audio_wav/073/073045.wav,74,0,0,0,1,0,0,0,0,0,1,0,0,0,0,0,0,0,0,1,0,0,0,0
data/audio_wav/073/073046.wav,74,0,0,0,1,0,0,0,0,0,1,0,0,0,0,0,0,0,0,1,0,0,0,0
data/audio_wav/073/073047.wav,74,0,0,0,1,0,0,0,0,0,1,0,0,0,0,0,0,0,0,1,0,0,0,0
data/audio_wav/073/073048.wav,74,0,0,0,1,0,0,0,0,0,1,0,0,0,0,0,0,0,0,1,0,0,0,0
data/audio_wav/073/073049.wav,74,0,0,0,1,0,0,0,0,0,1,0,0,0,0,0,0,0,0,1,0,0,0,0
data/audio_wav/074/074000.wav,75,1,1,0,1,0,0,0,0,0,1,0,0,0,0,0,0,0,0,0,1,0,0,0
data/audio_wav/074/074001.wav,75,1,1,0,1,0,0,0,0,0,1,0,0,0,0,0,0,0,0,0,1,0,0,0
data/audio_wav/074/074002.wav,75,1,1,0,1,0,0,0,0,0,1,0,0,0,0,0,0,0,0,0,1,0,0,0
data/audio_wav/074/074003.wav,75,1,1,0,1,0,0,0,0,0,1,0,0,0,0,0,0,0,0,0,1,0,0,0
data/audio_wav/074/074004.wav,75,1,1,0,1,0,0,0,0,0,1,0,0,0,0,0,0,0,0,0,1,0,0,0
data/audio_wav/074/074005.wav,75,1,1,0,1,0,0,0,0,0,1,0,0,0,0,0,0,0,0,0,1,0,0,0
data/audio_wav/074/074006.wav,75,1,1,0,1,0,0,0,0,0,1,0,0,0,0,0,0,0,0,0,1,0,0,0
data/audio_wav/074/074007.wav,75,1,1,0,1,0,0,0,0,0,1,0,0,0,0,0,0,0,0,0,1,0,0,0
data/audio_wav/074/074008.wav,75,1,1,0,1,0,0,0,0,0,1,0,0,0,0,0,0,0,0,0,1,0,0,0
data/audio_wav/074/074009.wav,75,1,1,0,1,0,0,0,0,0,1,0,0,0,0,0,0,0,0,0,1,0,0,0
data/audio_wav/074/074010.wav,75,1,1,0,1,0,0,0,0,0,1,0,0,0,0,0,0,0,0,0,1,0,0,0
data/audio_wav/074/074011.wav,75,1,1,0,1,0,0,0,0,0,1,0,0,0,0,0,0,0,0,0,1,0,0,0
data/audio_wav/074/074012.wav,75,1,1,0,1,0,0,0,0,0,1,0,0,0,0,0,0,0,0,0,1,0,0,0
data/audio_wav/074/074013.wav,75,1,1,0,1,0,0,0,0,0,1,0,0,0,0,0,0,0,0,0,1,0,0,0
data/audio_wav/074/074014.wav,75,1,1,0,1,0,0,0,0,0,1,0,0,0,0,0,0,0,0,0,1,0,0,0
data/audio_wav/074/074015.wav,75,1,1,0,1,0,0,0,0,0,1,0,0,0,0,0,0,0,0,0,1,0,0,0
data/audio_wav/074/074016.wav,75,1,1,0,1,0,0,0,0,0,1,0,0,0,0,0,0,0,0,0,1,0,0,0
data/audio_wav/074/074017.wav,75,1,1,0,1,0,0,0,0,0,1,0,0,0,0,0,0,0,0,0,1,0,0,0
data/audio_wav/074/074018.wav,75,1,1,0,1,0,0,0,0,0,1,0,0,0,0,0,0,0,0,0,1,0,0,0
data/audio_wav/074/074019.wav,75,1,1,0,1,0,0,0,0,0,1,0,0,0,0,0,0,0,0,0,1,0,0,0
data/audio_wav/074/074020.wav,75,1,1,0,1,0,0,0,0,0,1,0,0,0,0,0,0,0,0,0,1,0,0,0
data/audio_wav/074/074021.wav,75,1,1,0,1,0,0,0,0,0,1,0,0,0,0,0,0,0,0,0,1,0,0,0
data/audio_wav/074/074022.wav,75,1,1,0,1,0,0,0,0,0,1,0,0,0,0,0,0,0,0,0,1,0,0,0
data/audio_wav/074/074023.wav,75,1,1,0,1,0,0,0,0,0,1,0,0,0,0,0,0,0,0,0,1,0,0,0
data/audio_wav/074/074024.wav,75,1,1,0,1,0,0,0,0,0,1,0,0,0,0,0,0,0,0,0,1,0,0,0
data/audio_wav/074/074025.wav,75,1,1,0,1,0,0,0,0,0,1,0,0,0,0,0,0,0,0,0,1,0,0,0
data/audio_wav/074/074026.wav,75,1,1,0,1,0,0,0,0,0,1,0,0,0,0,0,0,0,0,0,1,0,0,0
data/audio_wav/074/074027.wav,75,1,1,0,1,0,0,0,0,0,1,0,0,0,0,0,0,0,0,0,1,0,0,0
data/audio_wav/074/074028.wav,75,1,1,0,1,0,0,0,0,0,1,0,0,0,0,0,0,0,0,0,1,0,0,0
data/audio_wav/074/074029.wav,75,1,1,0,1,0,0,0,0,0,1,0,0,0,0,0,0,0,0,0,1,0,0,0
data/audio_wav/074/074030.wav,75,1,1,0,1,0,0,0,0,0,1,0,0,0,0,0,0,0,0,0,1,0,0,0
data/audio_wav/074/074031.wav,75,1,1,0,1,0,0,0,0,0,1,0,0,0,0,0,0,0,0,0,1,0,0,0
data/audio_wav/074/074032.wav,75,1,1,0,1,0,0,0,0,0,1,0,0,0,0,0,0,0,0,0,1,0,0,0
data/audio_wav/074/074033.wav,75,1,1,0,1,0,0,0,0,0,1,0,0,0,0,0,0,0,0,0,1,0,0,0
data/audio_wav/074/074034.wav,75,1,1,0,1,0,0,0,0,0,1,0,0,0,0,0,0,0,0,0,1,0,0,0
data/audio_wav/074/074035.wav,75,1,1,0,1,0,0,0,0,0,1,0,0,0,0,0,0,0,0,0,1,0,0,0
data/audio_wav/074/074036.wav,75,1,1,0,1,0,0,0,0,0,1,0,0,0,0,0,0,0,0,0,1,0,0,0
data/audio_wav/074/074037.wav,75,1,1,0,1,0,0,0,0,0,1,0,0,0,0,0,0,0,0,0,1,0,0,0
data/audio_wav/074/074038.wav,75,1,1,0,1,0,0,0,0,0,1,0,0,0,0,0,0,0,0,0,1,0,0,0
data/audio_wav/074/074039.wav,75,1,1,0,1,0,0,0,0,0,1,0,0,0,0,0,0,0,0,0,1,0,0,0
data/audio_wav/074/074040.wav,75,1,1,0,1,0,0,0,0,0,1,0,0,0,0,0,0,0,0,0,1,0,0,0
data/audio_wav/074/074041.wav,75,1,1,0,1,0,0,0,0,0,1,0,0,0,0,0,0,0,0,0,1,0,0,0
data/audio_wav/074/074042.wav,75,1,1,0,1,0,0,0,0,0,1,0,0,0,0,0,0,0,0,0,1,0,0,0
data/audio_wav/074/074043.wav,75,1,1,0,1,0,0,0,0,0,1,0,0,0,0,0,0,0,0,0,1,0,0,0
data/audio_wav/074/074044.wav,75,1,1,0,1,0,0,0,0,0,1,0,0,0,0,0,0,0,0,0,1,0,0,0
data/audio_wav/074/074045.wav,75,1,1,0,1,0,0,0,0,0,1,0,0,0,0,0,0,0,0,0,1,0,0,0
data/audio_wav/074/074046.wav,75,1,1,0,1,0,0,0,0,0,1,0,0,0,0,0,0,0,0,0,1,0,0,0
data/audio_wav/074/074047.wav,75,1,1,0,1,0,0,0,0,0,1,0,0,0,0,0,0,0,0,0,1,0,0,0
data/audio_wav/074/074048.wav,75,1,1,0,1,0,0,0,0,0,1,0,0,0,0,0,0,0,0,0,1,0,0,0
data/audio_wav/074/074049.wav,75,1,1,0,1,0,0,0,0,0,1,0,0,0,0,0,0,0,0,0,1,0,0,0
data/audio_wav/075/075000.wav,76,1,2,0,1,0,0,0,0,0,1,0,0,0,0,0,0,0,0,0,0,1,0,0
data/audio_wav/075/075001.wav,76,1,2,0,1,0,0,0,0,0,1,0,0,0,0,0,0,0,0,0,0,1,0,0
data/audio_wav/075/075002.wav,76,1,2,0,1,0,0,0,0,0,1,0,0,0,0,0,0,0,0,0,0,1,0,0
data/audio_wav/075/075003.wav,76,1,2,0,1,0,0,0,0,0,1,0,0,0,0,0,0,0,0,0,0,1,0,0
data/audio_wav/075/075004.wav,76,1,2,0,1,0,0,0,0,0,1,0,0,0,0,0,0,0,0,0,0,1,0,0
data/audio_wav/075/075005.wav,76,1,2,0,1,0,0,0,0,0,1,0,0,0,0,0,0,0,0,0,0,1,0,0
data/audio_wav/075/075006.wav,76,1,2,0,1,0,0,0,0,0,1,0,0,0,0,0,0,0,0,0,0,1,0,0
data/audio_wav/075/075007.wav,76,1,2,0,1,0,0,0,0,0,1,0,0,0,0,0,0,0,0,0,0,1,0,0
data/audio_wav/075/075008.wav,76,1,2,0,1,0,0,0,0,0,1,0,0,0,0,0,0,0,0,0,0,1,0,0
data/audio_wav/075/075009.wav,76,1,2,0,1,0,0,0,0,0,1,0,0,0,0,0,0,0,0,0,0,1,0,0
data/audio_wav/075/075010.wav,76,1,2,0,1,0,0,0,0,0,1,0,0,0,0,0,0,0,0,0,0,1,0,0
data/audio_wav/075/075011.wav,76,1,2,0,1,0,0,0,0,0,1,0,0,0,0,0,0,0,0,0,0,1,0,0
data/audio_wav/075/075012.wav,76,1,2,0,1,0,0,0,0,0,1,0,0,0,0,0,0,0,0,0,0,1,0,0
data/audio_wav/075/075013.wav,76,1,2,0,1,0,0,0,0,0,1,0,0,0,0,0,0,0,0,0,0,1,0,0
data/audio_wav/075/075014.wav,76,1,2,0,1,0,0,0,0,0,1,0,0,0,0,0,0,0,0,0,0,1,0,0
data/audio_wav/075/075015.wav,76,1,2,0,1,0,0,0,0,0,1,0,0,0,0,0,0,0,0,0,0,1,0,0
data/audio_wav/075/075016.wav,76,1,2,0,1,0,0,0,0,0,1,0,0,0,0,0,0,0,0,0,0,1,0,0
data/audio_wav/075/075017.wav,76,1,2,0,1,0,0,0,0,0,1,0,0,0,0,0,0,0,0,0,0,1,0,0
data/audio_wav/075/075018.wav,76,1,2,0,1,0,0,0,0,0,1,0,0,0,0,0,0,0,0,0,0,1,0,0
data/audio_wav/075/075019.wav,76,1,2,0,1,0,0,0,0,0,1,0,0,0,0,0,0,0,0,0,0,1,0,0
data/audio_wav/075/075020.wav,76,1,2,0,1,0,0,0,0,0,1,0,0,0,0,0,0,0,0,0,0,1,0,0
data/audio_wav/075/075021.wav,76,1,2,0,1,0,0,0,0,0,1,0,0,0,0,0,0,0,0,0,0,1,0,0
data/audio_wav/075/075022.wav,76,1,2,0,1,0,0,0,0,0,1,0,0,0,0,0,0,0,0,0,0,1,0,0
data/audio_wav/075/075023.wav,76,1,2,0,1,0,0,0,0,0,1,0,0,0,0,0,0,0,0,0,0,1,0,0
data/audio_wav/075/075024.wav,76,1,2,0,1,0,0,0,0,0,1,0,0,0,0,0,0,0,0,0,0,1,0,0
data/audio_wav/075/075025.wav,76,1,2,0,1,0,0,0,0,0,1,0,0,0,0,0,0,0,0,0,0,1,0,0
data/audio_wav/075/075026.wav,76,1,2,0,1,0,0,0,0,0,1,0,0,0,0,0,0,0,0,0,0,1,0,0
data/audio_wav/075/075027.wav,76,1,2,0,1,0,0,0,0,0,1,0,0,0,0,0,0,0,0,0,0,1,0,0
data/audio_wav/075/075028.wav,76,1,2,0,1,0,0,0,0,0,1,0,0,0,0,0,0,0,0,0,0,1,0,0
data/audio_wav/075/075029.wav,76,1,2,0,1,0,0,0,0,0,1,0,0,0,0,0,0,0,0,0,0,1,0,0
data/audio_wav/075/075030.wav,76,1,2,0,1,0,0,0,0,0,1,0,0,0,0,0,0,0,0,0,0,1,0,0
data/audio_wav/075/075031.wav,76,1,2,0,1,0,0,0,0,0,1,0,0,0,0,0,0,0,0,0,0,1,0,0
data/audio_wav/075/075032.wav,76,1,2,0,1,0,0,0,0,0,1,0,0,0,0,0,0,0,0,0,0,1,0,0
data/audio_wav/075/075033.wav,76,1,2,0,1,0,0,0,0,0,1,0,0,0,0,0,0,0,0,0,0,1,0,0
data/audio_wav/075/075034.wav,76,1,2,0,1,0,0,0,0,0,1,0,0,0,0,0,0,0,0,0,0,1,0,0
data/audio_wav/075/075035.wav,76,1,2,0,1,0,0,0,0,0,1,0,0,0,0,0,0,0,0,0,0,1,0,0
data/audio_wav/075/075036.wav,76,1,2,0,1,0,0,0,0,0,1,0,0,0,0,0,0,0,0,0,0,1,0,0
data/audio_wav/075/075037.wav,76,1,2,0,1,0,0,0,0,0,1,0,0,0,0,0,0,0,0,0,0,1,0,0
data/audio_wav/075/075038.wav,76,1,2,0,1,0,0,0,0,0,1,0,0,0,0,0,0,0,0,0,0,1,0,0
data/audio_wav/075/075039.wav,76,1,2,0,1,0,0,0,0,0,1,0,0,0,0,0,0,0,0,0,0,1,0,0
data/audio_wav/075/075040.wav,76,1,2,0,1,0,0,0,0,0,1,0,0,0,0,0,0,0,0,0,0,1,0,0
data/audio_wav/075/075041.wav,76,1,2,0,1,0,0,0,0,0,1,0,0,0,0,0,0,0,0,0,0,1,0,0
data/audio_wav/075/075042.wav,76,1,2,0,1,0,0,0,0,0,1,0,0,0,0,0,0,0,0,0,0,1,0,0
data/audio_wav/075/075043.wav,76,1,2,0,1,0,0,0,0,0,1,0,0,0,0,0,0,0,0,0,0,1,0,0
data/audio_wav/075/075044.wav,76,1,2,0,1,0,0,0,0,0,1,0,0,0,0,0,0,0,0,0,0,1,0,0
data/audio_wav/075/075045.wav,76,1,2,0,1,0,0,0,0,0,1,0,0,0,0,0,0,0,0,0,0,1,0,0
data/audio_wav/075/075046.wav,76,1,2,0,1,0,0,0,0,0,1,0,0,0,0,0,0,0,0,0,0,1,0,0
data/audio_wav/075/075047.wav,76,1,2,0,1,0,0,0,0,0,1,0,0,0,0,0,0,0,0,0,0,1,0,0
data/audio_wav/075/075048.wav,76,1,2,0,1,0,0,0,0,0,1,0,0,0,0,0,0,0,0,0,0,1,0,0
data/audio_wav/075/075049.wav,76,1,2,0,1,0,0,0,0,0,1,0,0,0,0,0,0,0,0,0,0,1,0,0
data/audio_wav/076/076000.wav,77,1,2,0,1,0,0,0,0,0,1,0,0,0,0,0,0,0,0,0,0,0,1,0
data/audio_wav/076/076001.wav,77,1,2,0,1,0,0,0,0,0,1,0,0,0,0,0,0,0,0,0,0,0,1,0
data/audio_wav/076/076002.wav,77,1,2,0,1,0,0,0,0,0,1,0,0,0,0,0,0,0,0,0,0,0,1,0
data/audio_wav/076/076003.wav,77,1,2,0,1,0,0,0,0,0,1,0,0,0,0,0,0,0,0,0,0,0,1,0
data/audio_wav/076/076004.wav,77,1,2,0,1,0,0,0,0,0,1,0,0,0,0,0,0,0,0,0,0,0,1,0
data/audio_wav/076/076005.wav,77,1,2,0,1,0,0,0,0,0,1,0,0,0,0,0,0,0,0,0,0,0,1,0
data/audio_wav/076/076006.wav,77,1,2,0,1,0,0,0,0,0,1,0,0,0,0,0,0,0,0,0,0,0,1,0
data/audio_wav/076/076007.wav,77,1,2,0,1,0,0,0,0,0,1,0,0,0,0,0,0,0,0,0,0,0,1,0
data/audio_wav/076/076008.wav,77,1,2,0,1,0,0,0,0,0,1,0,0,0,0,0,0,0,0,0,0,0,1,0
data/audio_wav/076/076009.wav,77,1,2,0,1,0,0,0,0,0,1,0,0,0,0,0,0,0,0,0,0,0,1,0
data/audio_wav/076/076010.wav,77,1,2,0,1,0,0,0,0,0,1,0,0,0,0,0,0,0,0,0,0,0,1,0
data/audio_wav/076/076011.wav,77,1,2,0,1,0,0,0,0,0,1,0,0,0,0,0,0,0,0,0,0,0,1,0
data/audio_wav/076/076012.wav,77,1,2,0,1,0,0,0,0,0,1,0,0,0,0,0,0,0,0,0,0,0,1,0
data/audio_wav/076/076013.wav,77,1,2,0,1,0,0,0,0,0,1,0,0,0,0,0,0,0,0,0,0,0,1,0
data/audio_wav/076/076014.wav,77,1,2,0,1,0,0,0,0,0,1,0,0,0,0,0,0,0,0,0,0,0,1,0
data/audio_wav/076/076015.wav,77,1,2,0,1,0,0,0,0,0,1,0,0,0,0,0,0,0,0,0,0,0,1,0
data/audio_wav/076/076016.wav,77,1,2,0,1,0,0,0,0,0,1,0,0,0,0,0,0,0,0,0,0,0,1,0
data/audio_wav/076/076017.wav,77,1,2,0,1,0,0,0,0,0,1,0,0,0,0,0,0,0,0,0,0,0,1,0
data/audio_wav/076/076018.wav,77,1,2,0,1,0,0,0,0,0,1,0,0,0,0,0,0,0,0,0,0,0,1,0
data/audio_wav/076/076019.wav,77,1,2,0,1,0,0,0,0,0,1,0,0,0,0,0,0,0,0,0,0,0,1,0
data/audio_wav/076/076020.wav,77,1,2,0,1,0,0,0,0,0,1,0,0,0,0,0,0,0,0,0,0,0,1,0
data/audio_wav/076/076021.wav,77,1,2,0,1,0,0,0,0,0,1,0,0,0,0,0,0,0,0,0,0,0,1,0
data/audio_wav/076/076022.wav,77,1,2,0,1,0,0,0,0,0,1,0,0,0,0,0,0,0,0,0,0,0,1,0
data/audio_wav/076/076023.wav,77,1,2,0,1,0,0,0,0,0,1,0,0,0,0,0,0,0,0,0,0,0,1,0
data/audio_wav/076/076024.wav,77,1,2,0,1,0,0,0,0,0,1,0,0,0,0,0,0,0,0,0,0,0,1,0
data/audio_wav/076/076025.wav,77,1,2,0,1,0,0,0,0,0,1,0,0,0,0,0,0,0,0,0,0,0,1,0
data/audio_wav/076/076026.wav,77,1,2,0,1,0,0,0,0,0,1,0,0,0,0,0,0,0,0,0,0,0,1,0
data/audio_wav/076/076027.wav,77,1,2,0,1,0,0,0,0,0,1,0,0,0,0,0,0,0,0,0,0,0,1,0
data/audio_wav/076/076028.wav,77,1,2,0,1,0,0,0,0,0,1,0,0,0,0,0,0,0,0,0,0,0,1,0
data/audio_wav/076/076029.wav,77,1,2,0,1,0,0,0,0,0,1,0,0,0,0,0,0,0,0,0,0,0,1,0
data/audio_wav/076/076030.wav,77,1,2,0,1,0,0,0,0,0,1,0,0,0,0,0,0,0,0,0,0,0,1,0
data/audio_wav/076/076031.wav,77,1,2,0,1,0,0,0,0,0,1,0,0,0,0,0,0,0,0,0,0,0,1,0
data/audio_wav/076/076032.wav,77,1,2,0,1,0,0,0,0,0,1,0,0,0,0,0,0,0,0,0,0,0,1,0
data/audio_wav/076/076033.wav,77,1,2,0,1,0,0,0,0,0,1,0,0,0,0,0,0,0,0,0,0,0,1,0
data/audio_wav/076/076034.wav,77,1,2,0,1,0,0,0,0,0,1,0,0,0,0,0,0,0,0,0,0,0,1,0
data/audio_wav/076/076035.wav,77,1,2,0,1,0,0,0,0,0,1,0,0,0,0,0,0,0,0,0,0,0,1,0
data/audio_wav/076/076036.wav,77,1,2,0,1,0,0,0,0,0,1,0,0,0,0,0,0,0,0,0,0,0,1,0
data/audio_wav/076/076037.wav,77,1,2,0,1,0,0,0,0,0,1,0,0,0,0,0,0,0,0,0,0,0,1,0
data/audio_wav/076/076038.wav,77,1,2,0,1,0,0,0,0,0,1,0,0,0,0,0,0,0,0,0,0,0,1,0
data/audio_wav/076/076039.wav,77,1,2,0,1,0,0,0,0,0,1,0,0,0,0,0,0,0,0,0,0,0,1,0
data/audio_wav/076/076040.wav,77,1,2,0,1,0,0,0,0,0,1,0,0,0,0,0,0,0,0,0,0,0,1,0
data/audio_wav/076/076041.wav,77,1,2,0,1,0,0,0,0,0,1,0,0,0,0,0,0,0,0,0,0,0,1,0
data/audio_wav/076/076042.wav,77,1,2,0,1,0,0,0,0,0,1,0,0,0,0,0,0,0,0,0,0,0,1,0
data/audio_wav/076/076043.wav,77,1,2,0,1,0,0,0,0,0,1,0,0,0,0,0,0,0,0,0,0,0,1,0
data/audio_wav/076/076044.wav,77,1,2,0,1,0,0,0,0,0,1,0,0,0,0,0,0,0,0,0,0,0,1,0
data/audio_wav/076/076045.wav,77,1,2,0,1,0,0,0,0,0,1,0,0,0,0,0,0,0,0,0,0,0,1,0
data/audio_wav/076/076046.wav,77,1,2,0,1,0,0,0,0,0,1,0,0,0,0,0,0,0,0,0,0,0,1,0
data/audio_wav/076/076047.wav,77,1,2,0,1,0,0,0,0,0,1,0,0,0,0,0,0,0,0,0,0,0,1,0
data/audio_wav/076/076048.wav,77,1,2,0,1,0,0,0,0,0,1,0,0,0,0,0,0,0,0,0,0,0,1,0
data/audio_wav/076/076049.wav,77,1,2,0,1,0,0,0,0,0,1,0,0,0,0,0,0,0,0,0,0,0,1,0
data/audio_wav/077/077000.wav,78,0,0,0,1,0,0,0,0,0,1,0,0,0,0,0,0,0,0,0,0,0,0,1
data/audio_wav/077/077001.wav,78,0,0,0,1,0,0,0,0,0,1,0,0,0,0,0,0,0,0,0,0,0,0,1
data/audio_wav/077/077002.wav,78,0,0,0,1,0,0,0,0,0,1,0,0,0,0,0,0,0,0,0,0,0,0,1
data/audio_wav/077/077003.wav,78,0,0,0,1,0,0,0,0,0,1,0,0,0,0,0,0,0,0,0,0,0,0,1
data/audio_wav/077/077004.wav,78,0,0,0,1,0,0,0,0,0,1,0,0,0,0,0,0,0,0,0,0,0,0,1
data/audio_wav/077/077005.wav,78,0,0,0,1,0,0,0,0,0,1,0,0,0,0,0,0,0,0,0,0,0,0,1
data/audio_wav/077/077006.wav,78,0,0,0,1,0,0,0,0,0,1,0,0,0,0,0,0,0,0,0,0,0,0,1
data/audio_wav/077/077007.wav,78,0,0,0,1,0,0,0,0,0,1,0,0,0,0,0,0,0,0,0,0,0,0,1
data/audio_wav/077/077008.wav,78,0,0,0,1,0,0,0,0,0,1,0,0,0,0,0,0,0,0,0,0,0,0,1
data/audio_wav/077/077009.wav,78,0,0,0,1,0,0,0,0,0,1,0,0,0,0,0,0,0,0,0,0,0,0,1
data/audio_wav/077/077010.wav,78,0,0,0,1,0,0,0,0,0,1,0,0,0,0,0,0,0,0,0,0,0,0,1
data/audio_wav/077/077011.wav,78,0,0,0,1,0,0,0,0,0,1,0,0,0,0,0,0,0,0,0,0,0,0,1
data/audio_wav/077/077012.wav,78,0,0,0,1,0,0,0,0,0,1,0,0,0,0,0,0,0,0,0,0,0,0,1
data/audio_wav/077/077013.wav,78,0,0,0,1,0,0,0,0,0,1,0,0,0,0,0,0,0,0,0,0,0,0,1
data/audio_wav/077/077014.wav,78,0,0,0,1,0,0,0,0,0,1,0,0,0,0,0,0,0,0,0,0,0,0,1
data/audio_wav/077/077015.wav,78,0,0,0,1,0,0,0,0,0,1,0,0,0,0,0,0,0,0,0,0,0,0,1
data/audio_wav/077/077016.wav,78,0,0,0,1,0,0,0,0,0,1,0,0,0,0,0,0,0,0,0,0,0,0,1
data/audio_wav/077/077017.wav,78,0,0,0,1,0,0,0,0,0,1,0,0,0,0,0,0,0,0,0,0,0,0,1
data/audio_wav/077/077018.wav,78,0,0,0,1,0,0,0,0,0,1,0,0,0,0,0,0,0,0,0,0,0,0,1
data/audio_wav/077/077019.wav,78,0,0,0,1,0,0,0,0,0,1,0,0,0,0,0,0,0,0,0,0,0,0,1
data/audio_wav/077/077020.wav,78,0,0,0,1,0,0,0,0,0,1,0,0,0,0,0,0,0,0,0,0,0,0,1
data/audio_wav/077/077021.wav,78,0,0,0,1,0,0,0,0,0,1,0,0,0,0,0,0,0,0,0,0,0,0,1
data/audio_wav/077/077022.wav,78,0,0,0,1,0,0,0,0,0,1,0,0,0,0,0,0,0,0,0,0,0,0,1
data/audio_wav/077/077023.wav,78,0,0,0,1,0,0,0,0,0,1,0,0,0,0,0,0,0,0,0,0,0,0,1
data/audio_wav/077/077024.wav,78,0,0,0,1,0,0,0,0,0,1,0,0,0,0,0,0,0,0,0,0,0,0,1
data/audio_wav/077/077025.wav,78,0,0,0,1,0,0,0,0,0,1,0,0,0,0,0,0,0,0,0,0,0,0,1
data/audio_wav/077/077026.wav,78,0,0,0,1,0,0,0,0,0,1,0,0,0,0,0,0,0,0,0,0,0,0,1
data/audio_wav/077/077027.wav,78,0,0,0,1,0,0,0,0,0,1,0,0,0,0,0,0,0,0,0,0,0,0,1
data/audio_wav/077/077028.wav,78,0,0,0,1,0,0,0,0,0,1,0,0,0,0,0,0,0,0,0,0,0,0,1
data/audio_wav/077/077029.wav,78,0,0,0,1,0,0,0,0,0,1,0,0,0,0,0,0,0,0,0,0,0,0,1
data/audio_wav/077/077030.wav,78,0,0,0,1,0,0,0,0,0,1,0,0,0,0,0,0,0,0,0,0,0,0,1
data/audio_wav/077/077031.wav,78,0,0,0,1,0,0,0,0,0,1,0,0,0,0,0,0,0,0,0,0,0,0,1
data/audio_wav/077/077032.wav,78,0,0,0,1,0,0,0,0,0,1,0,0,0,0,0,0,0,0,0,0,0,0,1
data/audio_wav/077/077033.wav,78,0,0,0,1,0,0,0,0,0,1,0,0,0,0,0,0,0,0,0,0,0,0,1
data/audio_wav/077/077034.wav,78,0,0,0,1,0,0,0,0,0,1,0,0,0,0,0,0,0,0,0,0,0,0,1
data/audio_wav/077/077035.wav,78,0,0,0,1,0,0,0,0,0,1,0,0,0,0,0,0,0,0,0,0,0,0,1
data/audio_wav/077/077036.wav,78,0,0,0,1,0,0,0,0,0,1,0,0,0,0,0,0,0,0,0,0,0,0,1
data/audio_wav/077/077037.wav,78,0,0,0,1,0,0,0,0,0,1,0,0,0,0,0,0,0,0,0,0,0,0,1
data/audio_wav/077/077038.wav,78,0,0,0,1,0,0,0,0,0,1,0,0,0,0,0,0,0,0,0,0,0,0,1
data/audio_wav/077/077039.wav,78,0,0,0,1,0,0,0,0,0,1,0,0,0,0,0,0,0,0,0,0,0,0,1
data/audio_wav/077/077040.wav,78,0,0,0,1,0,0,0,0,0,1,0,0,0,0,0,0,0,0,0,0,0,0,1
data/audio_wav/077/077041.wav,78,0,0,0,1,0,0,0,0,0,1,0,0,0,0,0,0,0,0,0,0,0,0,1
data/audio_wav/077/077042.wav,78,0,0,0,1,0,0,0,0,0,1,0,0,0,0,0,0,0,0,0,0,0,0,1
data/audio_wav/077/077043.wav,78,0,0,0,1,0,0,0,0,0,1,0,0,0,0,0,0,0,0,0,0,0,0,1
data/audio_wav/077/077044.wav,78,0,0,0,1,0,0,0,0,0,1,0,0,0,0,0,0,0,0,0,0,0,0,1
data/audio_wav/077/077045.wav,78,0,0,0,1,0,0,0,0,0,1,0,0,0,0,0,0,0,0,0,0,0,0,1
data/audio_wav/077/077046.wav,78,0,0,0,1,0,0,0,0,0,1,0,0,0,0,0,0,0,0,0,0,0,0,1
data/audio_wav/077/077047.wav,78,0,0,0,1,0,0,0,0,0,1,0,0,0,0,0,0,0,0,0,0,0,0,1
data/audio_wav/077/077048.wav,78,0,0,0,1,0,0,0,0,0,1,0,0,0,0,0,0,0,0,0,0,0,0,1
data/audio_wav/077/077049.wav,78,0,0,0,1,0,0,0,0,0,1,0,0,0,0,0,0,0,0,0,0,0,0,1
data/audio_wav/078/078000.wav,79,1,1,0,0,1,0,0,1,0,0,1,0,0,0,0,0,0,0,0,0,0,0,0
data/audio_wav/078/078001.wav,79,1,1,0,0,1,0,0,1,0,0,1,0,0,0,0,0,0,0,0,0,0,0,0
data/audio_wav/078/078002.wav,79,1,1,0,0,1,0,0,1,0,0,1,0,0,0,0,0,0,0,0,0,0,0,0
data/audio_wav/078/078003.wav,79,1,1,0,0,1,0,0,1,0,0,1,0,0,0,0,0,0,0,0,0,0,0,0
data/audio_wav/078/078004.wav,79,1,1,0,0,1,0,0,1,0,0,1,0,0,0,0,0,0,0,0,0,0,0,0
data/audio_wav/078/078005.wav,79,1,1,0,0,1,0,0,1,0,0,1,0,0,0,0,0,0,0,0,0,0,0,0
data/audio_wav/078/078006.wav,79,1,1,0,0,1,0,0,1,0,0,1,0,0,0,0,0,0,0,0,0,0,0,0
data/audio_wav/078/078007.wav,79,1,1,0,0,1,0,0,1,0,0,1,0,0,0,0,0,0,0,0,0,0,0,0
data/audio_wav/078/078008.wav,79,1,1,0,0,1,0,0,1,0,0,1,0,0,0,0,0,0,0,0,0,0,0,0
data/audio_wav/078/078009.wav,79,1,1,0,0,1,0,0,1,0,0,1,0,0,0,0,0,0,0,0,0,0,0,0
data/audio_wav/078/078010.wav,79,1,1,0,0,1,0,0,1,0,0,1,0,0,0,0,0,0,0,0,0,0,0,0
data/audio_wav/078/078011.wav,79,1,1,0,0,1,0,0,1,0,0,1,0,0,0,0,0,0,0,0,0,0,0,0
data/audio_wav/078/078012.wav,79,1,1,0,0,1,0,0,1,0,0,1,0,0,0,0,0,0,0,0,0,0,0,0
data/audio_wav/078/078013.wav,79,1,1,0,0,1,0,0,1,0,0,1,0,0,0,0,0,0,0,0,0,0,0,0
data/audio_wav/078/078014.wav,79,1,1,0,0,1,0,0,1,0,0,1,0,0,0,0,0,0,0,0,0,0,0,0
data/audio_wav/078/078015.wav,79,1,1,0,0,1,0,0,1,0,0,1,0,0,0,0,0,0,0,0,0,0,0,0
data/audio_wav/078/078016.wav,79,1,1,0,0,1,0,0,1,0,0,1,0,0,0,0,0,0,0,0,0,0,0,0
data/audio_wav/078/078017.wav,79,1,1,0,0,1,0,0,1,0,0,1,0,0,0,0,0,0,0,0,0,0,0,0
data/audio_wav/078/078018.wav,79,1,1,0,0,1,0,0,1,0,0,1,0,0,0,0,0,0,0,0,0,0,0,0
data/audio_wav/078/078019.wav,79,1,1,0,0,1,0,0,1,0,0,1,0,0,0,0,0,0,0,0,0,0,0,0
data/audio_wav/078/078020.wav,79,1,1,0,0,1,0,0,1,0,0,1,0,0,0,0,0,0,0,0,0,0,0,0
data/audio_wav/078/078021.wav,79,1,1,0,0,1,0,0,1,0,0,1,0,0,0,0,0,0,0,0,0,0,0,0
data/audio_wav/078/078022.wav,79,1,1,0,0,1,0,0,1,0,0,1,0,0,0,0,0,0,0,0,0,0,0,0
data/audio_wav/078/078023.wav,79,1,1,0,0,1,0,0,1,0,0,1,0,0,0,0,0,0,0,0,0,0,0,0
data/audio_wav/078/078024.wav,79,1,1,0,0,1,0,0,1,0,0,1,0,0,0,0,0,0,0,0,0,0,0,0
data/audio_wav/078/078025.wav,79,1,1,0,0,1,0,0,1,0,0,1,0,0,0,0,0,0,0,0,0,0,0,0
data/audio_wav/078/078026.wav,79,1,1,0,0,1,0,0,1,0,0,1,0,0,0,0,0,0,0,0,0,0,0,0
data/audio_wav/078/078027.wav,79,1,1,0,0,1,0,0,1,0,0,1,0,0,0,0,0,0,0,0,0,0,0,0
data/audio_wav/078/078028.wav,79,1,1,0,0,1,0,0,1,0,0,1,0,0,0,0,0,0,0,0,0,0,0,0
data/audio_wav/078/078029.wav,79,1,1,0,0,1,0,0,1,0,0,1,0,0,0,0,0,0,0,0,0,0,0,0
data/audio_wav/078/078030.wav,79,1,1,0,0,1,0,0,1,0,0,1,0,0,0,0,0,0,0,0,0,0,0,0
data/audio_wav/078/078031.wav,79,1,1,0,0,1,0,0,1,0,0,1,0,0,0,0,0,0,0,0,0,0,0,0
data/audio_wav/078/078032.wav,79,1,1,0,0,1,0,0,1,0,0,1,0,0,0,0,0,0,0,0,0,0,0,0
data/audio_wav/078/078033.wav,79,1,1,0,0,1,0,0,1,0,0,1,0,0,0,0,0,0,0,0,0,0,0,0
data/audio_wav/078/078034.wav,79,1,1,0,0,1,0,0,1,0,0,1,0,0,0,0,0,0,0,0,0,0,0,0
data/audio_wav/078/078035.wav,79,1,1,0,0,1,0,0,1,0,0,1,0,0,0,0,0,0,0,0,0,0,0,0
data/audio_wav/078/078036.wav,79,1,1,0,0,1,0,0,1,0,0,1,0,0,0,0,0,0,0,0,0,0,0,0
data/audio_wav/078/078037.wav,79,1,1,0,0,1,0,0,1,0,0,1,0,0,0,0,0,0,0,0,0,0,0,0
data/audio_wav/078/078038.wav,79,1,1,0,0,1,0,0,1,0,0,1,0,0,0,0,0,0,0,0,0,0,0,0
data/audio_wav/078/078039.wav,79,1,1,0,0,1,0,0,1,0,0,1,0,0,0,0,0,0,0,0,0,0,0,0
data/audio_wav/078/078040.wav,79,1,1,0,0,1,0,0,1,0,0,1,0,0,0,0,0,0,0,0,0,0,0,0
data/audio_wav/078/078041.wav,79,1,1,0,0,1,0,0,1,0,0,1,0,0,0,0,0,0,0,0,0,0,0,0
data/audio_wav/078/078042.wav,79,1,1,0,0,1,0,0,1,0,0,1,0,0,0,0,0,0,0,0,0,0,0,0
data/audio_wav/078/078043.wav,79,1,1,0,0,1,0,0,1,0,0,1,0,0,0,0,0,0,0,0,0,0,0,0
data/audio_wav/078/078044.wav,79,1,1,0,0,1,0,0,1,0,0,1,0,0,0,0,0,0,0,0,0,0,0,0
data/audio_wav/078/078045.wav,79,1,1,0,0,1,0,0,1,0,0,1,0,0,0,0,0,0,0,0,0,0,0,0
data/audio_wav/078/078046.wav,79,1,1,0,0,1,0,0,1,0,0,1,0,0,0,0,0,0,0,0,0,0,0,0
data/audio_wav/078/078047.wav,79,1,1,0,0,1,0,0,1,0,0,1,0,0,0,0,0,0,0,0,0,0,0,0
data/audio_wav/078/078048.wav,79,1,1,0,0,1,0,0,1,0,0,1,0,0,0,0,0,0,0,0,0,0,0,0
data/audio_wav/078/078049.wav,79,1,1,0,0,1,0,0,1,0,0,1,0,0,0,0,0,0,0,0,0,0,0,0
data/audio_wav/079/079000.wav,80,1,1,0,0,1,0,0,1,0,0,0,1,0,0,0,0,0,0,0,0,0,0,0
data/audio_wav/079/079001.wav,80,1,1,0,0,1,0,0,1,0,0,0,1,0,0,0,0,0,0,0,0,0,0,0
data/audio_wav/079/079002.wav,80,1,1,0,0,1,0,0,1,0,0,0,1,0,0,0,0,0,0,0,0,0,0,0
data/audio_wav/079/079003.wav,80,1,1,0,0,1,0,0,1,0,0,0,1,0,0,0,0,0,0,0,0,0,0,0
data/audio_wav/079/079004.wav,80,1,1,0,0,1,0,0,1,0,0,0,1,0,0,0,0,0,0,0,0,0,0,0
data/audio_wav/079/079005.wav,80,1,1,0,0,1,0,0,1,0,0,0,1,0,0,0,0,0,0,0,0,0,0,0
data/audio_wav/079/079006.wav,80,1,1,0,0,1,0,0,1,0,0,0,1,0,0,0,0,0,0,0,0,0,0,0
data/audio_wav/079/079007.wav,80,1,1,0,0,1,0,0,1,0,0,0,1,0,0,0,0,0,0,0,0,0,0,0
data/audio_wav/079/079008.wav,80,1,1,0,0,1,0,0,1,0,0,0,1,0,0,0,0,0,0,0,0,0,0,0
data/audio_wav/079/079009.wav,80,1,1,0,0,1,0,0,1,0,0,0,1,0,0,0,0,0,0,0,0,0,0,0
data/audio_wav/079/079010.wav,80,1,1,0,0,1,0,0,1,0,0,0,1,0,0,0,0,0,0,0,0,0,0,0
data/audio_wav/079/079011.wav,80,1,1,0,0,1,0,0,1,0,0,0,1,0,0,0,0,0,0,0,0,0,0,0
data/audio_wav/079/079012.wav,80,1,1,0,0,1,0,0,1,0,0,0,1,0,0,0,0,0,0,0,0,0,0,0
data/audio_wav/079/079013.wav,80,1,1,0,0,1,0,0,1,0,0,0,1,0,0,0,0,0,0,0,0,0,0,0
data/audio_wav/079/079014.wav,80,1,1,0,0,1,0,0,1,0,0,0,1,0,0,0,0,0,0,0,0,0,0,0
data/audio_wav/079/079015.wav,80,1,1,0,0,1,0,0,1,0,0,0,1,0,0,0,0,0,0,0,0,0,0,0
data/audio_wav/079/079016.wav,80,1,1,0,0,1,0,0,1,0,0,0,1,0,0,0,0,0,0,0,0,0,0,0
data/audio_wav/079/079017.wav,80,1,1,0,0,1,0,0,1,0,0,0,1,0,0,0,0,0,0,0,0,0,0,0
data/audio_wav/079/079018.wav,80,1,1,0,0,1,0,0,1,0,0,0,1,0,0,0,0,0,0,0,0,0,0,0
data/audio_wav/079/079019.wav,80,1,1,0,0,1,0,0,1,0,0,0,1,0,0,0,0,0,0,0,0,0,0,0
data/audio_wav/079/079020.wav,80,1,1,0,0,1,0,0,1,0,0,0,1,0,0,0,0,0,0,0,0,0,0,0
data/audio_wav/079/079021.wav,80,1,1,0,0,1,0,0,1,0,0,0,1,0,0,0,0,0,0,0,0,0,0,0
data/audio_wav/079/079022.wav,80,1,1,0,0,1,0,0,1,0,0,0,1,0,0,0,0,0,0,0,0,0,0,0
data/audio_wav/079/079023.wav,80,1,1,0,0,1,0,0,1,0,0,0,1,0,0,0,0,0,0,0,0,0,0,0
data/audio_wav/079/079024.wav,80,1,1,0,0,1,0,0,1,0,0,0,1,0,0,0,0,0,0,0,0,0,0,0
data/audio_wav/079/079025.wav,80,1,1,0,0,1,0,0,1,0,0,0,1,0,0,0,0,0,0,0,0,0,0,0
data/audio_wav/079/079026.wav,80,1,1,0,0,1,0,0,1,0,0,0,1,0,0,0,0,0,0,0,0,0,0,0
data/audio_wav/079/079027.wav,80,1,1,0,0,1,0,0,1,0,0,0,1,0,0,0,0,0,0,0,0,0,0,0
data/audio_wav/079/079028.wav,80,1,1,0,0,1,0,0,1,0,0,0,1,0,0,0,0,0,0,0,0,0,0,0
data/audio_wav/079/079029.wav,80,1,1,0,0,1,0,0,1,0,0,0,1,0,0,0,0,0,0,0,0,0,0,0
data/audio_wav/079/079030.wav,80,1,1,0,0,1,0,0,1,0,0,0,1,0,0,0,0,0,0,0,0,0,0,0
data/audio_wav/079/079031.wav,80,1,1,0,0,1,0,0,1,0,0,0,1,0,0,0,0,0,0,0,0,0,0,0
data/audio_wav/079/079032.wav,80,1,1,0,0,1,0,0,1,0,0,0,1,0,0,0,0,0,0,0,0,0,0,0
data/audio_wav/079/079033.wav,80,1,1,0,0,1,0,0,1,0,0,0,1,0,0,0,0,0,0,0,0,0,0,0
data/audio_wav/079/079034.wav,80,1,1,0,0,1,0,0,1,0,0,0,1,0,0,0,0,0,0,0,0,0,0,0
data/audio_wav/079/079035.wav,80,1,1,0,0,1,0,0,1,0,0,0,1,0,0,0,0,0,0,0,0,0,0,0
data/audio_wav/079/079036.wav,80,1,1,0,0,1,0,0,1,0,0,0,1,0,0,0,0,0,0,0,0,0,0,0
data/audio_wav/079/079037.wav,80,1,1,0,0,1,0,0,1,0,0,0,1,0,0,0,0,0,0,0,0,0,0,0
data/audio_wav/079/079038.wav,80,1,1,0,0,1,0,0,1,0,0,0,1,0,0,0,0,0,0,0,0,0,0,0
data/audio_wav/079/079039.wav,80,1,1,0,0,1,0,0,1,0,0,0,1,0,0,0,0,0,0,0,0,0,0,0
data/audio_wav/079/079040.wav,80,1,1,0,0,1,0,0,1,0,0,0,1,0,0,0,0,0,0,0,0,0,0,0
data/audio_wav/079/079041.wav,80,1,1,0,0,1,0,0,1,0,0,0,1,0,0,0,0,0,0,0,0,0,0,0
data/audio_wav/079/079042.wav,80,1,1,0,0,1,0,0,1,0,0,0,1,0,0,0,0,0,0,0,0,0,0,0
data/audio_wav/079/079043.wav,80,1,1,0,0,1,0,0,1,0,0,0,1,0,0,0,0,0,0,0,0,0,0,0
data/audio_wav/079/079044.wav,80,1,1,0,0,1,0,0,1,0,0,0,1,0,0,0,0,0,0,0,0,0,0,0
data/audio_wav/079/079045.wav,80,1,1,0,0,1,0,0,1,0,0,0,1,0,0,0,0,0,0,0,0,0,0,0
data/audio_wav/079/079046.wav,80,1,1,0,0,1,0,0,1,0,0,0,1,0,0,0,0,0,0,0,0,0,0,0
data/audio_wav/079/079047.wav,80,1,1,0,0,1,0,0,1,0,0,0,1,0,0,0,0,0,0,0,0,0,0,0
data/audio_wav/079/079048.wav,80,1,1,0,0,1,0,0,1,0,0,0,1,0,0,0,0,0,0,0,0,0,0,0
data/audio_wav/079/079049.wav,80,1,1,0,0,1,0,0,1,0,0,0,1,0,0,0,0,0,0,0,0,0,0,0
data/audio_wav/080/080000.wav,81,1,1,0,0,1,0,0,1,0,0,0,0,1,0,0,0,0,0,0,0,0,0,0
data/audio_wav/080/080001.wav,81,1,1,0,0,1,0,0,1,0,0,0,0,1,0,0,0,0,0,0,0,0,0,0
data/audio_wav/080/080002.wav,81,1,1,0,0,1,0,0,1,0,0,0,0,1,0,0,0,0,0,0,0,0,0,0
data/audio_wav/080/080003.wav,81,1,1,0,0,1,0,0,1,0,0,0,0,1,0,0,0,0,0,0,0,0,0,0
data/audio_wav/080/080004.wav,81,1,1,0,0,1,0,0,1,0,0,0,0,1,0,0,0,0,0,0,0,0,0,0
data/audio_wav/080/080005.wav,81,1,1,0,0,1,0,0,1,0,0,0,0,1,0,0,0,0,0,0,0,0,0,0
data/audio_wav/080/080006.wav,81,1,1,0,0,1,0,0,1,0,0,0,0,1,0,0,0,0,0,0,0,0,0,0
data/audio_wav/080/080007.wav,81,1,1,0,0,1,0,0,1,0,0,0,0,1,0,0,0,0,0,0,0,0,0,0
data/audio_wav/080/080008.wav,81,1,1,0,0,1,0,0,1,0,0,0,0,1,0,0,0,0,0,0,0,0,0,0
data/audio_wav/080/080009.wav,81,1,1,0,0,1,0,0,1,0,0,0,0,1,0,0,0,0,0,0,0,0,0,0
data/audio_wav/080/080010.wav,81,1,1,0,0,1,0,0,1,0,0,0,0,1,0,0,0,0,0,0,0,0,0,0
data/audio_wav/080/080011.wav,81,1,1,0,0,1,0,0,1,0,0,0,0,1,0,0,0,0,0,0,0,0,0,0
data/audio_wav/080/080012.wav,81,1,1,0,0,1,0,0,1,0,0,0,0,1,0,0,0,0,0,0,0,0,0,0
data/audio_wav/080/080013.wav,81,1,1,0,0,1,0,0,1,0,0,0,0,1,0,0,0,0,0,0,0,0,0,0
data/audio_wav/080/080014.wav,81,1,1,0,0,1,0,0,1,0,0,0,0,1,0,0,0,0,0,0,0,0,0,0
data/audio_wav/080/080015.wav,81,1,1,0,0,1,0,0,1,0,0,0,0,1,0,0,0,0,0,0,0,0,0,0
data/audio_wav/080/080016.wav,81,1,1,0,0,1,0,0,1,0,0,0,0,1,0,0,0,0,0,0,0,0,0,0
data/audio_wav/080/080017.wav,81,1,1,0,0,1,0,0,1,0,0,0,0,1,0,0,0,0,0,0,0,0,0,0
data/audio_wav/080/080018.wav,81,1,1,0,0,1,0,0,1,0,0,0,0,1,0,0,0,0,0,0,0,0,0,0
data/audio_wav/080/080019.wav,81,1,1,0,0,1,0,0,1,0,0,0,0,1,0,0,0,0,0,0,0,0,0,0
data/audio_wav/080/080020.wav,81,1,1,0,0,1,0,0,1,0,0,0,0,1,0,0,0,0,0,0,0,0,0,0
data/audio_wav/080/080021.wav,81,1,1,0,0,1,0,0,1,0,0,0,0,1,0,0,0,0,0,0,0,0,0,0
data/audio_wav/080/080022.wav,81,1,1,0,0,1,0,0,1,0,0,0,0,1,0,0,0,0,0,0,0,0,0,0
data/audio_wav/080/080023.wav,81,1,1,0,0,1,0,0,1,0,0,0,0,1,0,0,0,0,0,0,0,0,0,0
data/audio_wav/080/080024.wav,81,1,1,0,0,1,0,0,1,0,0,0,0,1,0,0,0,0,0,0,0,0,0,0
data/audio_wav/080/080025.wav,81,1,1,0,0,1,0,0,1,0,0,0,0,1,0,0,0,0,0,0,0,0,0,0
data/audio_wav/080/080026.wav,81,1,1,0,0,1,0,0,1,0,0,0,0,1,0,0,0,0,0,0,0,0,0,0
data/audio_wav/080/080027.wav,81,1,1,0,0,1,0,0,1,0,0,0,0,1,0,0,0,0,0,0,0,0,0,0
data/audio_wav/080/080028.wav,81,1,1,0,0,1,0,0,1,0,0,0,0,1,0,0,0,0,0,0,0,0,0,0
data/audio_wav/080/080029.wav,81,1,1,0,0,1,0,0,1,0,0,0,0,1,0,0,0,0,0,0,0,0,0,0
data/audio_wav/080/080030.wav,81,1,1,0,0,1,0,0,1,0,0,0,0,1,0,0,0,0,0,0,0,0,0,0
data/audio_wav/080/080031.wav,81,1,1,0,0,1,0,0,1,0,0,0,0,1,0,0,0,0,0,0,0,0,0,0
data/audio_wav/080/080032.wav,81,1,1,0,0,1,0,0,1,0,0,0,0,1,0,0,0,0,0,0,0,0,0,0
data/audio_wav/080/080033.wav,81,1,1,0,0,1,0,0,1,0,0,0,0,1,0,0,0,0,0,0,0,0,0,0
data/audio_wav/080/080034.wav,81,1,1,0,0,1,0,0,1,0,0,0,0,1,0,0,0,0,0,0,0,0,0,0
data/audio_wav/080/080035.wav,81,1,1,0,0,1,0,0,1,0,0,0,0,1,0,0,0,0,0,0,0,0,0,0
data/audio_wav/080/080036.wav,81,1,1,0,0,1,0,0,1,0,0,0,0,1,0,0,0,0,0,0,0,0,0,0
data/audio_wav/080/080037.wav,81,1,1,0,0,1,0,0,1,0,0,0,0,1,0,0,0,0,0,0,0,0,0,0
data/audio_wav/080/080038.wav,81,1,1,0,0,1,0,0,1,0,0,0,0,1,0,0,0,0,0,0,0,0,0,0
data/audio_wav/080/080039.wav,81,1,1,0,0,1,0,0,1,0,0,0,0,1,0,0,0,0,0,0,0,0,0,0
data/audio_wav/080/080040.wav,81,1,1,0,0,1,0,0,1,0,0,0,0,1,0,0,0,0,0,0,0,0,0,0
data/audio_wav/080/080041.wav,81,1,1,0,0,1,0,0,1,0,0,0,0,1,0,0,0,0,0,0,0,0,0,0
data/audio_wav/080/080042.wav,81,1,1,0,0,1,0,0,1,0,0,0,0,1,0,0,0,0,0,0,0,0,0,0
data/audio_wav/080/080043.wav,81,1,1,0,0,1,0,0,1,0,0,0,0,1,0,0,0,0,0,0,0,0,0,0
data/audio_wav/080/080044.wav,81,1,1,0,0,1,0,0,1,0,0,0,0,1,0,0,0,0,0,0,0,0,0,0
data/audio_wav/080/080045.wav,81,1,1,0,0,1,0,0,1,0,0,0,0,1,0,0,0,0,0,0,0,0,0,0
data/audio_wav/080/080046.wav,81,1,1,0,0,1,0,0,1,0,0,0,0,1,0,0,0,0,0,0,0,0,0,0
data/audio_wav/080/080047.wav,81,1,1,0,0,1,0,0,1,0,0,0,0,1,0,0,0,0,0,0,0,0,0,0
data/audio_wav/080/080048.wav,81,1,1,0,0,1,0,0,1,0,0,0,0,1,0,0,0,0,0,0,0,0,0,0
data/audio_wav/080/080049.wav,81,1,1,0,0,1,0,0,1,0,0,0,0,1,0,0,0,0,0,0,0,0,0,0
data/audio_wav/081/081000.wav,82,1,2,0,0,1,0,0,1,0,0,0,0,0,1,0,0,0,0,0,0,0,0,0
data/audio_wav/081/081001.wav,82,1,2,0,0,1,0,0,1,0,0,0,0,0,1,0,0,0,0,0,0,0,0,0
data/audio_wav/081/081002.wav,82,1,2,0,0,1,0,0,1,0,0,0,0,0,1,0,0,0,0,0,0,0,0,0
data/audio_wav/081/081003.wav,82,1,2,0,0,1,0,0,1,0,0,0,0,0,1,0,0,0,0,0,0,0,0,0
data/audio_wav/081/081004.wav,82,1,2,0,0,1,0,0,1,0,0,0,0,0,1,0,0,0,0,0,0,0,0,0
data/audio_wav/081/081005.wav,82,1,2,0,0,1,0,0,1,0,0,0,0,0,1,0,0,0,0,0,0,0,0,0
data/audio_wav/081/081006.wav,82,1,2,0,0,1,0,0,1,0,0,0,0,0,1,0,0,0,0,0,0,0,0,0
data/audio_wav/081/081007.wav,82,1,2,0,0,1,0,0,1,0,0,0,0,0,1,0,0,0,0,0,0,0,0,0
data/audio_wav/081/081008.wav,82,1,2,0,0,1,0,0,1,0,0,0,0,0,1,0,0,0,0,0,0,0,0,0
data/audio_wav/081/081009.wav,82,1,2,0,0,1,0,0,1,0,0,0,0,0,1,0,0,0,0,0,0,0,0,0
data/audio_wav/081/081010.wav,82,1,2,0,0,1,0,0,1,0,0,0,0,0,1,0,0,0,0,0,0,0,0,0
data/audio_wav/081/081011.wav,82,1,2,0,0,1,0,0,1,0,0,0,0,0,1,0,0,0,0,0,0,0,0,0
data/audio_wav/081/081012.wav,82,1,2,0,0,1,0,0,1,0,0,0,0,0,1,0,0,0,0,0,0,0,0,0
data/audio_wav/081/081013.wav,82,1,2,0,0,1,0,0,1,0,0,0,0,0,1,0,0,0,0,0,0,0,0,0
data/audio_wav/081/081014.wav,82,1,2,0,0,1,0,0,1,0,0,0,0,0,1,0,0,0,0,0,0,0,0,0
data/audio_wav/081/081015.wav,82,1,2,0,0,1,0,0,1,0,0,0,0,0,1,0,0,0,0,0,0,0,0,0
data/audio_wav/081/081016.wav,82,1,2,0,0,1,0,0,1,0,0,0,0,0,1,0,0,0,0,0,0,0,0,0
data/audio_wav/081/081017.wav,82,1,2,0,0,1,0,0,1,0,0,0,0,0,1,0,0,0,0,0,0,0,0,0
data/audio_wav/081/081018.wav,82,1,2,0,0,1,0,0,1,0,0,0,0,0,1,0,0,0,0,0,0,0,0,0
data/audio_wav/081/081019.wav,82,1,2,0,0,1,0,0,1,0,0,0,0,0,1,0,0,0,0,0,0,0,0,0
data/audio_wav/081/081020.wav,82,1,2,0,0,1,0,0,1,0,0,0,0,0,1,0,0,0,0,0,0,0,0,0
data/audio_wav/081/081021.wav,82,1,2,0,0,1,0,0,1,0,0,0,0,0,1,0,0,0,0,0,0,0,0,0
data/audio_wav/081/081022.wav,82,1,2,0,0,1,0,0,1,0,0,0,0,0,1,0,0,0,0,0,0,0,0,0
data/audio_wav/081/081023.wav,82,1,2,0,0,1,0,0,1,0,0,0,0,0,1,0,0,0,0,0,0,0,0,0
data/audio_wav/081/081024.wav,82,1,2,0,0,1,0,0,1,0,0,0,0,0,1,0,0,0,0,0,0,0,0,0
data/audio_wav/081/081025.wav,82,1,2,0,0,1,0,0,1,0,0,0,0,0,1,0,0,0,0,0,0,0,0,0
data/audio_wav/081/081026.wav,82,1,2,0,0,1,0,0,1,0,0,0,0,0,1,0,0,0,0,0,0,0,0,0
data/audio_wav/081/081027.wav,82,1,2,0,0,1,0,0,1,0,0,0,0,0,1,0,0,0,0,0,0,0,0,0
data/audio_wav/081/081028.wav,82,1,2,0,0,1,0,0,1,0,0,0,0,0,1,0,0,0,0,0,0,0,0,0
data/audio_wav/081/081029.wav,82,1,2,0,0,1,0,0,1,0,0,0,0,0,1,0,0,0,0,0,0,0,0,0
data/audio_wav/081/081030.wav,82,1,2,0,0,1,0,0,1,0,0,0,0,0,1,0,0,0,0,0,0,0,0,0
data/audio_wav/081/081031.wav,82,1,2,0,0,1,0,0,1,0,0,0,0,0,1,0,0,0,0,0,0,0,0,0
data/audio_wav/081/081032.wav,82,1,2,0,0,1,0,0,1,0,0,0,0,0,1,0,0,0,0,0,0,0,0,0
data/audio_wav/081/081033.wav,82,1,2,0,0,1,0,0,1,0,0,0,0,0,1,0,0,0,0,0,0,0,0,0
data/audio_wav/081/081034.wav,82,1,2,0,0,1,0,0,1,0,0,0,0,0,1,0,0,0,0,0,0,0,0,0
data/audio_wav/081/081035.wav,82,1,2,0,0,1,0,0,1,0,0,0,0,0,1,0,0,0,0,0,0,0,0,0
data/audio_wav/081/081036.wav,82,1,2,0,0,1,0,0,1,0,0,0,0,0,1,0,0,0,0,0,0,0,0,0
data/audio_wav/081/081037.wav,82,1,2,0,0,1,0,0,1,0,0,0,0,0,1,0,0,0,0,0,0,0,0,0
data/audio_wav/081/081038.wav,82,1,2,0,0,1,0,0,1,0,0,0,0,0,1,0,0,0,0,0,0,0,0,0
data/audio_wav/081/081039.wav,82,1,2,0,0,1,0,0,1,0,0,0,0,0,1,0,0,0,0,0,0,0,0,0
data/audio_wav/081/081040.wav,82,1,2,0,0,1,0,0,1,0,0,0,0,0,1,0,0,0,0,0,0,0,0,0
data/audio_wav/081/081041.wav,82,1,2,0,0,1,0,0,1,0,0,0,0,0,1,0,0,0,0,0,0,0,0,0
data/audio_wav/081/081042.wav,82,1,2,0,0,1,0,0,1,0,0,0,0,0,1,0,0,0,0,0,0,0,0,0
data/audio_wav/081/081043.wav,82,1,2,0,0,1,0,0,1,0,0,0,0,0,1,0,0,0,0,0,0,0,0,0
data/audio_wav/081/081044.wav,82,1,2,0,0,1,0,0,1,0,0,0,0,0,1,0,0,0,0,0,0,0,0,0
data/audio_wav/081/081045.wav,82,1,2,0,0,1,0,0,1,0,0,0,0,0,1,0,0,0,0,0,0,0,0,0
data/audio_wav/081/081046.wav,82,1,2,0,0,1,0,0,1,0,0,0,0,0,1,0,0,0,0,0,0,0,0,0
data/audio_wav/081/081047.wav,82,1,2,0,0,1,0,0,1,0,0,0,0,0,1,0,0,0,0,0,0,0,0,0
data/audio_wav/081/081048.wav,82,1,2,0,0,1,0,0,1,0,0,0,0,0,1,0,0,0,0,0,0,0,0,0
data/audio_wav/081/081049.wav,82,1,2,0,0,1,0,0,1,0,0,0,0,0,1,0,0,0,0,0,0,0,0,0
data/audio_wav/082/082000.wav,83,1,2,0,0,1,0,0,1,0,0,0,0,0,0,1,0,0,0,0,0,0,0,0
data/audio_wav/082/082001.wav,83,1,2,0,0,1,0,0,1,0,0,0,0,0,0,1,0,0,0,0,0,0,0,0
data/audio_wav/082/082002.wav,83,1,2,0,0,1,0,0,1,0,0,0,0,0,0,1,0,0,0,0,0,0,0,0
data/audio_wav/082/082003.wav,83,1,2,0,0,1,0,0,1,0,0,0,0,0,0,1,0,0,0,0,0,0,0,0
data/audio_wav/082/082004.wav,83,1,2,0,0,1,0,0,1,0,0,0,0,0,0,1,0,0,0,0,0,0,0,0
data/audio_wav/082/082005.wav,83,1,2,0,0,1,0,0,1,0,0,0,0,0,0,1,0,0,0,0,0,0,0,0
data/audio_wav/082/082006.wav,83,1,2,0,0,1,0,0,1,0,0,0,0,0,0,1,0,0,0,0,0,0,0,0
data/audio_wav/082/082007.wav,83,1,2,0,0,1,0,0,1,0,0,0,0,0,0,1,0,0,0,0,0,0,0,0
data/audio_wav/082/082008.wav,83,1,2,0,0,1,0,0,1,0,0,0,0,0,0,1,0,0,0,0,0,0,0,0
data/audio_wav/082/082009.wav,83,1,2,0,0,1,0,0,1,0,0,0,0,0,0,1,0,0,0,0,0,0,0,0
data/audio_wav/082/082010.wav,83,1,2,0,0,1,0,0,1,0,0,0,0,0,0,1,0,0,0,0,0,0,0,0
data/audio_wav/082/082011.wav,83,1,2,0,0,1,0,0,1,0,0,0,0,0,0,1,0,0,0,0,0,0,0,0
data/audio_wav/082/082012.wav,83,1,2,0,0,1,0,0,1,0,0,0,0,0,0,1,0,0,0,0,0,0,0,0
data/audio_wav/082/082013.wav,83,1,2,0,0,1,0,0,1,0,0,0,0,0,0,1,0,0,0,0,0,0,0,0
data/audio_wav/082/082014.wav,83,1,2,0,0,1,0,0,1,0,0,0,0,0,0,1,0,0,0,0,0,0,0,0
data/audio_wav/082/082015.wav,83,1,2,0,0,1,0,0,1,0,0,0,0,0,0,1,0,0,0,0,0,0,0,0
data/audio_wav/082/082016.wav,83,1,2,0,0,1,0,0,1,0,0,0,0,0,0,1,0,0,0,0,0,0,0,0
data/audio_wav/082/082017.wav,83,1,2,0,0,1,0,0,1,0,0,0,0,0,0,1,0,0,0,0,0,0,0,0
data/audio_wav/082/082018.wav,83,1,2,0,0,1,0,0,1,0,0,0,0,0,0,1,0,0,0,0,0,0,0,0
data/audio_wav/082/082019.wav,83,1,2,0,0,1,0,0,1,0,0,0,0,0,0,1,0,0,0,0,0,0,0,0
data/audio_wav/082/082020.wav,83,1,2,0,0,1,0,0,1,0,0,0,0,0,0,1,0,0,0,0,0,0,0,0
data/audio_wav/082/082021.wav,83,1,2,0,0,1,0,0,1,0,0,0,0,0,0,1,0,0,0,0,0,0,0,0
data/audio_wav/082/082022.wav,83,1,2,0,0,1,0,0,1,0,0,0,0,0,0,1,0,0,0,0,0,0,0,0
data/audio_wav/082/082023.wav,83,1,2,0,0,1,0,0,1,0,0,0,0,0,0,1,0,0,0,0,0,0,0,0
data/audio_wav/082/082024.wav,83,1,2,0,0,1,0,0,1,0,0,0,0,0,0,1,0,0,0,0,0,0,0,0
data/audio_wav/082/082025.wav,83,1,2,0,0,1,0,0,1,0,0,0,0,0,0,1,0,0,0,0,0,0,0,0
data/audio_wav/082/082026.wav,83,1,2,0,0,1,0,0,1,0,0,0,0,0,0,1,0,0,0,0,0,0,0,0
data/audio_wav/082/082027.wav,83,1,2,0,0,1,0,0,1,0,0,0,0,0,0,1,0,0,0,0,0,0,0,0
data/audio_wav/082/082028.wav,83,1,2,0,0,1,0,0,1,0,0,0,0,0,0,1,0,0,0,0,0,0,0,0
data/audio_wav/082/082029.wav,83,1,2,0,0,1,0,0,1,0,0,0,0,0,0,1,0,0,0,0,0,0,0,0
data/audio_wav/082/082030.wav,83,1,2,0,0,1,0,0,1,0,0,0,0,0,0,1,0,0,0,0,0,0,0,0
data/audio_wav/082/082031.wav,83,1,2,0,0,1,0,0,1,0,0,0,0,0,0,1,0,0,0,0,0,0,0,0
data/audio_wav/082/082032.wav,83,1,2,0,0,1,0,0,1,0,0,0,0,0,0,1,0,0,0,0,0,0,0,0
data/audio_wav/082/082033.wav,83,1,2,0,0,1,0,0,1,0,0,0,0,0,0,1,0,0,0,0,0,0,0,0
data/audio_wav/082/082034.wav,83,1,2,0,0,1,0,0,1,0,0,0,0,0,0,1,0,0,0,0,0,0,0,0
data/audio_wav/082/082035.wav,83,1,2,0,0,1,0,0,1,0,0,0,0,0,0,1,0,0,0,0,0,0,0,0
data/audio_wav/082/082036.wav,83,1,2,0,0,1,0,0,1,0,0,0,0,0,0,1,0,0,0,0,0,0,0,0
data/audio_wav/082/082037.wav,83,1,2,0,0,1,0,0,1,0,0,0,0,0,0,1,0,0,0,0,0,0,0,0
data/audio_wav/082/082038.wav,83,1,2,0,0,1,0,0,1,0,0,0,0,0,0,1,0,0,0,0,0,0,0,0
data/audio_wav/082/082039.wav,83,1,2,0,0,1,0,0,1,0,0,0,0,0,0,1,0,0,0,0,0,0,0,0
data/audio_wav/082/082040.wav,83,1,2,0,0,1,0,0,1,0,0,0,0,0,0,1,0,0,0,0,0,0,0,0
data/audio_wav/082/082041.wav,83,1,2,0,0,1,0,0,1,0,0,0,0,0,0,1,0,0,0,0,0,0,0,0
data/audio_wav/082/082042.wav,83,1,2,0,0,1,0,0,1,0,0,0,0,0,0,1,0,0,0,0,0,0,0,0
data/audio_wav/082/082043.wav,83,1,2,0,0,1,0,0,1,0,0,0,0,0,0,1,0,0,0,0,0,0,0,0
data/audio_wav/082/082044.wav,83,1,2,0,0,1,0,0,1,0,0,0,0,0,0,1,0,0,0,0,0,0,0,0
data/audio_wav/082/082045.wav,83,1,2,0,0,1,0,0,1,0,0,0,0,0,0,1,0,0,0,0,0,0,0,0
data/audio_wav/082/082046.wav,83,1,2,0,0,1,0,0,1,0,0,0,0,0,0,1,0,0,0,0,0,0,0,0
data/audio_wav/082/082047.wav,83,1,2,0,0,1,0,0,1,0,0,0,0,0,0,1,0,0,0,0,0,0,0,0
data/audio_wav/082/082048.wav,83,1,2,0,0,1,0,0,1,0,0,0,0,0,0,1,0,0,0,0,0,0,0,0
data/audio_wav/082/082049.wav,83,1,2,0,0,1,0,0,1,0,0,0,0,0,0,1,0,0,0,0,0,0,0,0
data/audio_wav/083/083000.wav,84,1,1,0,0,1,0,0,1,0,0,0,0,0,0,0,1,0,0,0,0,0,0,0
data/audio_wav/083/083001.wav,84,1,1,0,0,1,0,0,1,0,0,0,0,0,0,0,1,0,0,0,0,0,0,0
data/audio_wav/083/083002.wav,84,1,1,0,0,1,0,0,1,0,0,0,0,0,0,0,1,0,0,0,0,0,0,0
data/audio_wav/083/083003.wav,84,1,1,0,0,1,0,0,1,0,0,0,0,0,0,0,1,0,0,0,0,0,0,0
data/audio_wav/083/083004.wav,84,1,1,0,0,1,0,0,1,0,0,0,0,0,0,0,1,0,0,0,0,0,0,0
data/audio_wav/083/083005.wav,84,1,1,0,0,1,0,0,1,0,0,0,0,0,0,0,1,0,0,0,0,0,0,0
data/audio_wav/083/083006.wav,84,1,1,0,0,1,0,0,1,0,0,0,0,0,0,0,1,0,0,0,0,0,0,0
data/audio_wav/083/083007.wav,84,1,1,0,0,1,0,0,1,0,0,0,0,0,0,0,1,0,0,0,0,0,0,0
data/audio_wav/083/083008.wav,84,1,1,0,0,1,0,0,1,0,0,0,0,0,0,0,1,0,0,0,0,0,0,0
data/audio_wav/083/083009.wav,84,1,1,0,0,1,0,0,1,0,0,0,0,0,0,0,1,0,0,0,0,0,0,0
data/audio_wav/083/083010.wav,84,1,1,0,0,1,0,0,1,0,0,0,0,0,0,0,1,0,0,0,0,0,0,0
data/audio_wav/083/083011.wav,84,1,1,0,0,1,0,0,1,0,0,0,0,0,0,0,1,0,0,0,0,0,0,0
data/audio_wav/083/083012.wav,84,1,1,0,0,1,0,0,1,0,0,0,0,0,0,0,1,0,0,0,0,0,0,0
data/audio_wav/083/083013.wav,84,1,1,0,0,1,0,0,1,0,0,0,0,0,0,0,1,0,0,0,0,0,0,0
data/audio_wav/083/083014.wav,84,1,1,0,0,1,0,0,1,0,0,0,0,0,0,0,1,0,0,0,0,0,0,0
data/audio_wav/083/083015.wav,84,1,1,0,0,1,0,0,1,0,0,0,0,0,0,0,1,0,0,0,0,0,0,0
data/audio_wav/083/083016.wav,84,1,1,0,0,1,0,0,1,0,0,0,0,0,0,0,1,0,0,0,0,0,0,0
data/audio_wav/083/083017.wav,84,1,1,0,0,1,0,0,1,0,0,0,0,0,0,0,1,0,0,0,0,0,0,0
data/audio_wav/083/083018.wav,84,1,1,0,0,1,0,0,1,0,0,0,0,0,0,0,1,0,0,0,0,0,0,0
data/audio_wav/083/083019.wav,84,1,1,0,0,1,0,0,1,0,0,0,0,0,0,0,1,0,0,0,0,0,0,0
data/audio_wav/083/083020.wav,84,1,1,0,0,1,0,0,1,0,0,0,0,0,0,0,1,0,0,0,0,0,0,0
data/audio_wav/083/083021.wav,84,1,1,0,0,1,0,0,1,0,0,0,0,0,0,0,1,0,0,0,0,0,0,0
data/audio_wav/083/083022.wav,84,1,1,0,0,1,0,0,1,0,0,0,0,0,0,0,1,0,0,0,0,0,0,0
data/audio_wav/083/083023.wav,84,1,1,0,0,1,0,0,1,0,0,0,0,0,0,0,1,0,0,0,0,0,0,0
data/audio_wav/083/083024.wav,84,1,1,0,0,1,0,0,1,0,0,0,0,0,0,0,1,0,0,0,0,0,0,0
data/audio_wav/083/083025.wav,84,1,1,0,0,1,0,0,1,0,0,0,0,0,0,0,1,0,0,0,0,0,0,0
data/audio_wav/083/083026.wav,84,1,1,0,0,1,0,0,1,0,0,0,0,0,0,0,1,0,0,0,0,0,0,0
data/audio_wav/083/083027.wav,84,1,1,0,0,1,0,0,1,0,0,0,0,0,0,0,1,0,0,0,0,0,0,0
data/audio_wav/083/083028.wav,84,1,1,0,0,1,0,0,1,0,0,0,0,0,0,0,1,0,0,0,0,0,0,0
data/audio_wav/083/083029.wav,84,1,1,0,0,1,0,0,1,0,0,0,0,0,0,0,1,0,0,0,0,0,0,0
data/audio_wav/083/083030.wav,84,1,1,0,0,1,0,0,1,0,0,0,0,0,0,0,1,0,0,0,0,0,0,0
data/audio_wav/083/083031.wav,84,1,1,0,0,1,0,0,1,0,0,0,0,0,0,0,1,0,0,0,0,0,0,0
data/audio_wav/083/083032.wav,84,1,1,0,0,1,0,0,1,0,0,0,0,0,0,0,1,0,0,0,0,0,0,0
data/audio_wav/083/083033.wav,84,1,1,0,0,1,0,0,1,0,0,0,0,0,0,0,1,0,0,0,0,0,0,0
data/audio_wav/083/083034.wav,84,1,1,0,0,1,0,0,1,0,0,0,0,0,0,0,1,0,0,0,0,0,0,0
data/audio_wav/083/083035.wav,84,1,1,0,0,1,0,0,1,0,0,0,0,0,0,0,1,0,0,0,0,0,0,0
data/audio_wav/083/083036.wav,84,1,1,0,0,1,0,0,1,0,0,0,0,0,0,0,1,0,0,0,0,0,0,0
data/audio_wav/083/083037.wav,84,1,1,0,0,1,0,0,1,0,0,0,0,0,0,0,1,0,0,0,0,0,0,0
data/audio_wav/083/083038.wav,84,1,1,0,0,1,0,0,1,0,0,0,0,0,0,0,1,0,0,0,0,0,0,0
data/audio_wav/083/083039.wav,84,1,1,0,0,1,0,0,1,0,0,0,0,0,0,0,1,0,0,0,0,0,0,0
data/audio_wav/083/083040.wav,84,1,1,0,0,1,0,0,1,0,0,0,0,0,0,0,1,0,0,0,0,0,0,0
data/audio_wav/083/083041.wav,84,1,1,0,0,1,0,0,1,0,0,0,0,0,0,0,1,0,0,0,0,0,0,0
data/audio_wav/083/083042.wav,84,1,1,0,0,1,0,0,1,0,0,0,0,0,0,0,1,0,0,0,0,0,0,0
data/audio_wav/083/083043.wav,84,1,1,0,0,1,0,0,1,0,0,0,0,0,0,0,1,0,0,0,0,0,0,0
data/audio_wav/083/083044.wav,84,1,1,0,0,1,0,0,1,0,0,0,0,0,0,0,1,0,0,0,0,0,0,0
data/audio_wav/083/083045.wav,84,1,1,0,0,1,0,0,1,0,0,0,0,0,0,0,1,0,0,0,0,0,0,0
data/audio_wav/083/083046.wav,84,1,1,0,0,1,0,0,1,0,0,0,0,0,0,0,1,0,0,0,0,0,0,0
data/audio_wav/083/083047.wav,84,1,1,0,0,1,0,0,1,0,0,0,0,0,0,0,1,0,0,0,0,0,0,0
data/audio_wav/083/083048.wav,84,1,1,0,0,1,0,0,1,0,0,0,0,0,0,0,1,0,0,0,0,0,0,0
data/audio_wav/083/083049.wav,84,1,1,0,0,1,0,0,1,0,0,0,0,0,0,0,1,0,0,0,0,0,0,0
data/audio_wav/084/084000.wav,85,0,0,0,0,1,0,0,1,0,0,0,0,0,0,0,0,1,0,0,0,0,0,0
data/audio_wav/084/084001.wav,85,0,0,0,0,1,0,0,1,0,0,0,0,0,0,0,0,1,0,0,0,0,0,0
data/audio_wav/084/084002.wav,85,0,0,0,0,1,0,0,1,0,0,0,0,0,0,0,0,1,0,0,0,0,0,0
data/audio_wav/084/084003.wav,85,0,0,0,0,1,0,0,1,0,0,0,0,0,0,0,0,1,0,0,0,0,0,0
data/audio_wav/084/084004.wav,85,0,0,0,0,1,0,0,1,0,0,0,0,0,0,0,0,1,0,0,0,0,0,0
data/audio_wav/084/084005.wav,85,0,0,0,0,1,0,0,1,0,0,0,0,0,0,0,0,1,0,0,0,0,0,0
data/audio_wav/084/084006.wav,85,0,0,0,0,1,0,0,1,0,0,0,0,0,0,0,0,1,0,0,0,0,0,0
data/audio_wav/084/084007.wav,85,0,0,0,0,1,0,0,1,0,0,0,0,0,0,0,0,1,0,0,0,0,0,0
data/audio_wav/084/084008.wav,85,0,0,0,0,1,0,0,1,0,0,0,0,0,0,0,0,1,0,0,0,0,0,0
data/audio_wav/084/084009.wav,85,0,0,0,0,1,0,0,1,0,0,0,0,0,0,0,0,1,0,0,0,0,0,0
data/audio_wav/084/084010.wav,85,0,0,0,0,1,0,0,1,0,0,0,0,0,0,0,0,1,0,0,0,0,0,0
data/audio_wav/084/084011.wav,85,0,0,0,0,1,0,0,1,0,0,0,0,0,0,0,0,1,0,0,0,0,0,0
data/audio_wav/084/084012.wav,85,0,0,0,0,1,0,0,1,0,0,0,0,0,0,0,0,1,0,0,0,0,0,0
data/audio_wav/084/084013.wav,85,0,0,0,0,1,0,0,1,0,0,0,0,0,0,0,0,1,0,0,0,0,0,0
data/audio_wav/084/084014.wav,85,0,0,0,0,1,0,0,1,0,0,0,0,0,0,0,0,1,0,0,0,0,0,0
data/audio_wav/084/084015.wav,85,0,0,0,0,1,0,0,1,0,0,0,0,0,0,0,0,1,0,0,0,0,0,0
data/audio_wav/084/084016.wav,85,0,0,0,0,1,0,0,1,0,0,0,0,0,0,0,0,1,0,0,0,0,0,0
data/audio_wav/084/084017.wav,85,0,0,0,0,1,0,0,1,0,0,0,0,0,0,0,0,1,0,0,0,0,0,0
data/audio_wav/084/084018.wav,85,0,0,0,0,1,0,0,1,0,0,0,0,0,0,0,0,1,0,0,0,0,0,0
data/audio_wav/084/084019.wav,85,0,0,0,0,1,0,0,1,0,0,0,0,0,0,0,0,1,0,0,0,0,0,0
data/audio_wav/084/084020.wav,85,0,0,0,0,1,0,0,1,0,0,0,0,0,0,0,0,1,0,0,0,0,0,0
data/audio_wav/084/084021.wav,85,0,0,0,0,1,0,0,1,0,0,0,0,0,0,0,0,1,0,0,0,0,0,0
data/audio_wav/084/084022.wav,85,0,0,0,0,1,0,0,1,0,0,0,0,0,0,0,0,1,0,0,0,0,0,0
data/audio_wav/084/084023.wav,85,0,0,0,0,1,0,0,1,0,0,0,0,0,0,0,0,1,0,0,0,0,0,0
data/audio_wav/084/084024.wav,85,0,0,0,0,1,0,0,1,0,0,0,0,0,0,0,0,1,0,0,0,0,0,0
data/audio_wav/084/084025.wav,85,0,0,0,0,1,0,0,1,0,0,0,0,0,0,0,0,1,0,0,0,0,0,0
data/audio_wav/084/084026.wav,85,0,0,0,0,1,0,0,1,0,0,0,0,0,0,0,0,1,0,0,0,0,0,0
data/audio_wav/084/084027.wav,85,0,0,0,0,1,0,0,1,0,0,0,0,0,0,0,0,1,0,0,0,0,0,0
data/audio_wav/084/084028.wav,85,0,0,0,0,1,0,0,1,0,0,0,0,0,0,0,0,1,0,0,0,0,0,0
data/audio_wav/084/084029.wav,85,0,0,0,0,1,0,0,1,0,0,0,0,0,0,0,0,1,0,0,0,0,0,0
data/audio_wav/084/084030.wav,85,0,0,0,0,1,0,0,1,0,0,0,0,0,0,0,0,1,0,0,0,0,0,0
data/audio_wav/084/084031.wav,85,0,0,0,0,1,0,0,1,0,0,0,0,0,0,0,0,1,0,0,0,0,0,0
data/audio_wav/084/084032.wav,85,0,0,0,0,1,0,0,1,0,0,0,0,0,0,0,0,1,0,0,0,0,0,0
data/audio_wav/084/084033.wav,85,0,0,0,0,1,0,0,1,0,0,0,0,0,0,0,0,1,0,0,0,0,0,0
data/audio_wav/084/084034.wav,85,0,0,0,0,1,0,0,1,0,0,0,0,0,0,0,0,1,0,0,0,0,0,0
data/audio_wav/084/084035.wav,85,0,0,0,0,1,0,0,1,0,0,0,0,0,0,0,0,1,0,0,0,0,0,0
data/audio_wav/084/084036.wav,85,0,0,0,0,1,0,0,1,0,0,0,0,0,0,0,0,1,0,0,0,0,0,0
data/audio_wav/084/084037.wav,85,0,0,0,0,1,0,0,1,0,0,0,0,0,0,0,0,1,0,0,0,0,0,0
data/audio_wav/084/084038.wav,85,0,0,0,0,1,0,0,1,0,0,0,0,0,0,0,0,1,0,0,0,0,0,0
data/audio_wav/084/084039.wav,85,0,0,0,0,1,0,0,1,0,0,0,0,0,0,0,0,1,0,0,0,0,0,0
data/audio_wav/084/084040.wav,85,0,0,0,0,1,0,0,1,0,0,0,0,0,0,0,0,1,0,0,0,0,0,0
data/audio_wav/084/084041.wav,85,0,0,0,0,1,0,0,1,0,0,0,0,0,0,0,0,1,0,0,0,0,0,0
data/audio_wav/084/084042.wav,85,0,0,0,0,1,0,0,1,0,0,0,0,0,0,0,0,1,0,0,0,0,0,0
data/audio_wav/084/084043.wav,85,0,0,0,0,1,0,0,1,0,0,0,0,0,0,0,0,1,0,0,0,0,0,0
data/audio_wav/084/084044.wav,85,0,0,0,0,1,0,0,1,0,0,0,0,0,0,0,0,1,0,0,0,0,0,0
data/audio_wav/084/084045.wav,85,0,0,0,0,1,0,0,1,0,0,0,0,0,0,0,0,1,0,0,0,0,0,0
data/audio_wav/084/084046.wav,85,0,0,0,0,1,0,0,1,0,0,0,0,0,0,0,0,1,0,0,0,0,0,0
data/audio_wav/084/084047.wav,85,0,0,0,0,1,0,0,1,0,0,0,0,0,0,0,0,1,0,0,0,0,0,0
data/audio_wav/084/084048.wav,85,0,0,0,0,1,0,0,1,0,0,0,0,0,0,0,0,1,0,0,0,0,0,0
data/audio_wav/084/084049.wav,85,0,0,0,0,1,0,0,1,0,0,0,0,0,0,0,0,1,0,0,0,0,0,0
data/audio_wav/085/085000.wav,86,1,1,0,0,1,0,0,1,0,0,0,0,0,0,0,0,0,1,0,0,0,0,0
data/audio_wav/085/085001.wav,86,1,1,0,0,1,0,0,1,0,0,0,0,0,0,0,0,0,1,0,0,0,0,0
data/audio_wav/085/085002.wav,86,1,1,0,0,1,0,0,1,0,0,0,0,0,0,0,0,0,1,0,0,0,0,0
data/audio_wav/085/085003.wav,86,1,1,0,0,1,0,0,1,0,0,0,0,0,0,0,0,0,1,0,0,0,0,0
data/audio_wav/085/085004.wav,86,1,1,0,0,1,0,0,1,0,0,0,0,0,0,0,0,0,1,0,0,0,0,0
data/audio_wav/085/085005.wav,86,1,1,0,0,1,0,0,1,0,0,0,0,0,0,0,0,0,1,0,0,0,0,0
data/audio_wav/085/085006.wav,86,1,1,0,0,1,0,0,1,0,0,0,0,0,0,0,0,0,1,0,0,0,0,0
data/audio_wav/085/085007.wav,86,1,1,0,0,1,0,0,1,0,0,0,0,0,0,0,0,0,1,0,0,0,0,0
data/audio_wav/085/085008.wav,86,1,1,0,0,1,0,0,1,0,0,0,0,0,0,0,0,0,1,0,0,0,0,0
data/audio_wav/085/085009.wav,86,1,1,0,0,1,0,0,1,0,0,0,0,0,0,0,0,0,1,0,0,0,0,0
data/audio_wav/085/085010.wav,86,1,1,0,0,1,0,0,1,0,0,0,0,0,0,0,0,0,1,0,0,0,0,0
data/audio_wav/085/085011.wav,86,1,1,0,0,1,0,0,1,0,0,0,0,0,0,0,0,0,1,0,0,0,0,0
data/audio_wav/085/085012.wav,86,1,1,0,0,1,0,0,1,0,0,0,0,0,0,0,0,0,1,0,0,0,0,0
data/audio_wav/085/085013.wav,86,1,1,0,0,1,0,0,1,0,0,0,0,0,0,0,0,0,1,0,0,0,0,0
data/audio_wav/085/085014.wav,86,1,1,0,0,1,0,0,1,0,0,0,0,0,0,0,0,0,1,0,0,0,0,0
data/audio_wav/085/085015.wav,86,1,1,0,0,1,0,0,1,0,0,0,0,0,0,0,0,0,1,0,0,0,0,0
data/audio_wav/085/085016.wav,86,1,1,0,0,1,0,0,1,0,0,0,0,0,0,0,0,0,1,0,0,0,0,0
data/audio_wav/085/085017.wav,86,1,1,0,0,1,0,0,1,0,0,0,0,0,0,0,0,0,1,0,0,0,0,0
data/audio_wav/085/085018.wav,86,1,1,0,0,1,0,0,1,0,0,0,0,0,0,0,0,0,1,0,0,0,0,0
data/audio_wav/085/085019.wav,86,1,1,0,0,1,0,0,1,0,0,0,0,0,0,0,0,0,1,0,0,0,0,0
data/audio_wav/085/085020.wav,86,1,1,0,0,1,0,0,1,0,0,0,0,0,0,0,0,0,1,0,0,0,0,0
data/audio_wav/085/085021.wav,86,1,1,0,0,1,0,0,1,0,0,0,0,0,0,0,0,0,1,0,0,0,0,0
data/audio_wav/085/085022.wav,86,1,1,0,0,1,0,0,1,0,0,0,0,0,0,0,0,0,1,0,0,0,0,0
data/audio_wav/085/085023.wav,86,1,1,0,0,1,0,0,1,0,0,0,0,0,0,0,0,0,1,0,0,0,0,0
data/audio_wav/085/085024.wav,86,1,1,0,0,1,0,0,1,0,0,0,0,0,0,0,0,0,1,0,0,0,0,0
data/audio_wav/085/085025.wav,86,1,1,0,0,1,0,0,1,0,0,0,0,0,0,0,0,0,1,0,0,0,0,0
data/audio_wav/085/085026.wav,86,1,1,0,0,1,0,0,1,0,0,0,0,0,0,0,0,0,1,0,0,0,0,0
data/audio_wav/085/085027.wav,86,1,1,0,0,1,0,0,1,0,0,0,0,0,0,0,0,0,1,0,0,0,0,0
data/audio_wav/085/085028.wav,86,1,1,0,0,1,0,0,1,0,0,0,0,0,0,0,0,0,1,0,0,0,0,0
data/audio_wav/085/085029.wav,86,1,1,0,0,1,0,0,1,0,0,0,0,0,0,0,0,0,1,0,0,0,0,0
data/audio_wav/085/085030.wav,86,1,1,0,0,1,0,0,1,0,0,0,0,0,0,0,0,0,1,0,0,0,0,0
data/audio_wav/085/085031.wav,86,1,1,0,0,1,0,0,1,0,0,0,0,0,0,0,0,0,1,0,0,0,0,0
data/audio_wav/085/085032.wav,86,1,1,0,0,1,0,0,1,0,0,0,0,0,0,0,0,0,1,0,0,0,0,0
data/audio_wav/085/085033.wav,86,1,1,0,0,1,0,0,1,0,0,0,0,0,0,0,0,0,1,0,0,0,0,0
data/audio_wav/085/085034.wav,86,1,1,0,0,1,0,0,1,0,0,0,0,0,0,0,0,0,1,0,0,0,0,0
data/audio_wav/085/085035.wav,86,1,1,0,0,1,0,0,1,0,0,0,0,0,0,0,0,0,1,0,0,0,0,0
data/audio_wav/085/085036.wav,86,1,1,0,0,1,0,0,1,0,0,0,0,0,0,0,0,0,1,0,0,0,0,0
data/audio_wav/085/085037.wav,86,1,1,0,0,1,0,0,1,0,0,0,0,0,0,0,0,0,1,0,0,0,0,0
data/audio_wav/085/085038.wav,86,1,1,0,0,1,0,0,1,0,0,0,0,0,0,0,0,0,1,0,0,0,0,0
data/audio_wav/085/085039.wav,86,1,1,0,0,1,0,0,1,0,0,0,0,0,0,0,0,0,1,0,0,0,0,0
data/audio_wav/085/085040.wav,86,1,1,0,0,1,0,0,1,0,0,0,0,0,0,0,0,0,1,0,0,0,0,0
data/audio_wav/085/085041.wav,86,1,1,0,0,1,0,0,1,0,0,0,0,0,0,0,0,0,1,0,0,0,0,0
data/audio_wav/085/085042.wav,86,1,1,0,0,1,0,0,1,0,0,0,0,0,0,0,0,0,1,0,0,0,0,0
data/audio_wav/085/085043.wav,86,1,1,0,0,1,0,0,1,0,0,0,0,0,0,0,0,0,1,0,0,0,0,0
data/audio_wav/085/085044.wav,86,1,1,0,0,1,0,0,1,0,0,0,0,0,0,0,0,0,1,0,0,0,0,0
data/audio_wav/085/085045.wav,86,1,1,0,0,1,0,0,1,0,0,0,0,0,0,0,0,0,1,0,0,0,0,0
data/audio_wav/085/085046.wav,86,1,1,0,0,1,0,0,1,0,0,0,0,0,0,0,0,0,1,0,0,0,0,0
data/audio_wav/085/085047.wav,86,1,1,0,0,1,0,0,1,0,0,0,0,0,0,0,0,0,1,0,0,0,0,0
data/audio_wav/085/085048.wav,86,1,1,0,0,1,0,0,1,0,0,0,0,0,0,0,0,0,1,0,0,0,0,0
data/audio_wav/085/085049.wav,86,1,1,0,0,1,0,0,1,0,0,0,0,0,0,0,0,0,1,0,0,0,0,0
data/audio_wav/086/086000.wav,87,0,0,0,0,1,0,0,1,0,0,0,0,0,0,0,0,0,0,1,0,0,0,0
data/audio_wav/086/086001.wav,87,0,0,0,0,1,0,0,1,0,0,0,0,0,0,0,0,0,0,1,0,0,0,0
data/audio_wav/086/086002.wav,87,0,0,0,0,1,0,0,1,0,0,0,0,0,0,0,0,0,0,1,0,0,0,0
data/audio_wav/086/086003.wav,87,0,0,0,0,1,0,0,1,0,0,0,0,0,0,0,0,0,0,1,0,0,0,0
data/audio_wav/086/086004.wav,87,0,0,0,0,1,0,0,1,0,0,0,0,0,0,0,0,0,0,1,0,0,0,0
data/audio_wav/086/086005.wav,87,0,0,0,0,1,0,0,1,0,0,0,0,0,0,0,0,0,0,1,0,0,0,0
data/audio_wav/086/086006.wav,87,0,0,0,0,1,0,0,1,0,0,0,0,0,0,0,0,0,0,1,0,0,0,0
data/audio_wav/086/086007.wav,87,0,0,0,0,1,0,0,1,0,0,0,0,0,0,0,0,0,0,1,0,0,0,0
data/audio_wav/086/086008.wav,87,0,0,0,0,1,0,0,1,0,0,0,0,0,0,0,0,0,0,1,0,0,0,0
data/audio_wav/086/086009.wav,87,0,0,0,0,1,0,0,1,0,0,0,0,0,0,0,0,0,0,1,0,0,0,0
data/audio_wav/086/086010.wav,87,0,0,0,0,1,0,0,1,0,0,0,0,0,0,0,0,0,0,1,0,0,0,0
data/audio_wav/086/086011.wav,87,0,0,0,0,1,0,0,1,0,0,0,0,0,0,0,0,0,0,1,0,0,0,0
data/audio_wav/086/086012.wav,87,0,0,0,0,1,0,0,1,0,0,0,0,0,0,0,0,0,0,1,0,0,0,0
data/audio_wav/086/086013.wav,87,0,0,0,0,1,0,0,1,0,0,0,0,0,0,0,0,0,0,1,0,0,0,0
data/audio_wav/086/086014.wav,87,0,0,0,0,1,0,0,1,0,0,0,0,0,0,0,0,0,0,1,0,0,0,0
data/audio_wav/086/086015.wav,87,0,0,0,0,1,0,0,1,0,0,0,0,0,0,0,0,0,0,1,0,0,0,0
data/audio_wav/086/086016.wav,87,0,0,0,0,1,0,0,1,0,0,0,0,0,0,0,0,0,0,1,0,0,0,0
data/audio_wav/086/086017.wav,87,0,0,0,0,1,0,0,1,0,0,0,0,0,0,0,0,0,0,1,0,0,0,0
data/audio_wav/086/086018.wav,87,0,0,0,0,1,0,0,1,0,0,0,0,0,0,0,0,0,0,1,0,0,0,0
data/audio_wav/086/086019.wav,87,0,0,0,0,1,0,0,1,0,0,0,0,0,0,0,0,0,0,1,0,0,0,0
data/audio_wav/086/086020.wav,87,0,0,0,0,1,0,0,1,0,0,0,0,0,0,0,0,0,0,1,0,0,0,0
data/audio_wav/086/086021.wav,87,0,0,0,0,1,0,0,1,0,0,0,0,0,0,0,0,0,0,1,0,0,0,0
data/audio_wav/086/086022.wav,87,0,0,0,0,1,0,0,1,0,0,0,0,0,0,0,0,0,0,1,0,0,0,0
data/audio_wav/086/086023.wav,87,0,0,0,0,1,0,0,1,0,0,0,0,0,0,0,0,0,0,1,0,0,0,0
data/audio_wav/086/086024.wav,87,0,0,0,0,1,0,0,1,0,0,0,0,0,0,0,0,0,0,1,0,0,0,0
data/audio_wav/086/086025.wav,87,0,0,0,0,1,0,0,1,0,0,0,0,0,0,0,0,0,0,1,0,0,0,0
data/audio_wav/086/086026.wav,87,0,0,0,0,1,0,0,1,0,0,0,0,0,0,0,0,0,0,1,0,0,0,0
data/audio_wav/086/086027.wav,87,0,0,0,0,1,0,0,1,0,0,0,0,0,0,0,0,0,0,1,0,0,0,0
data/audio_wav/086/086028.wav,87,0,0,0,0,1,0,0,1,0,0,0,0,0,0,0,0,0,0,1,0,0,0,0
data/audio_wav/086/086029.wav,87,0,0,0,0,1,0,0,1,0,0,0,0,0,0,0,0,0,0,1,0,0,0,0
data/audio_wav/086/086030.wav,87,0,0,0,0,1,0,0,1,0,0,0,0,0,0,0,0,0,0,1,0,0,0,0
data/audio_wav/086/086031.wav,87,0,0,0,0,1,0,0,1,0,0,0,0,0,0,0,0,0,0,1,0,0,0,0
data/audio_wav/086/086032.wav,87,0,0,0,0,1,0,0,1,0,0,0,0,0,0,0,0,0,0,1,0,0,0,0
data/audio_wav/086/086033.wav,87,0,0,0,0,1,0,0,1,0,0,0,0,0,0,0,0,0,0,1,0,0,0,0
data/audio_wav/086/086034.wav,87,0,0,0,0,1,0,0,1,0,0,0,0,0,0,0,0,0,0,1,0,0,0,0
data/audio_wav/086/086035.wav,87,0,0,0,0,1,0,0,1,0,0,0,0,0,0,0,0,0,0,1,0,0,0,0
data/audio_wav/086/086036.wav,87,0,0,0,0,1,0,0,1,0,0,0,0,0,0,0,0,0,0,1,0,0,0,0
data/audio_wav/086/086037.wav,87,0,0,0,0,1,0,0,1,0,0,0,0,0,0,0,0,0,0,1,0,0,0,0
data/audio_wav/086/086038.wav,87,0,0,0,0,1,0,0,1,0,0,0,0,0,0,0,0,0,0,1,0,0,0,0
data/audio_wav/086/086039.wav,87,0,0,0,0,1,0,0,1,0,0,0,0,0,0,0,0,0,0,1,0,0,0,0
data/audio_wav/086/086040.wav,87,0,0,0,0,1,0,0,1,0,0,0,0,0,0,0,0,0,0,1,0,0,0,0
data/audio_wav/086/086041.wav,87,0,0,0,0,1,0,0,1,0,0,0,0,0,0,0,0,0,0,1,0,0,0,0
data/audio_wav/086/086042.wav,87,0,0,0,0,1,0,0,1,0,0,0,0,0,0,0,0,0,0,1,0,0,0,0
data/audio_wav/086/086043.wav,87,0,0,0,0,1,0,0,1,0,0,0,0,0,0,0,0,0,0,1,0,0,0,0
data/audio_wav/086/086044.wav,87,0,0,0,0,1,0,0,1,0,0,0,0,0,0,0,0,0,0,1,0,0,0,0
data/audio_wav/086/086045.wav,87,0,0,0,0,1,0,0,1,0,0,0,0,0,0,0,0,0,0,1,0,0,0,0
data/audio_wav/086/086046.wav,87,0,0,0,0,1,0,0,1,0,0,0,0,0,0,0,0,0,0,1,0,0,0,0
data/audio_wav/086/086047.wav,87,0,0,0,0,1,0,0,1,0,0,0,0,0,0,0,0,0,0,1,0,0,0,0
data/audio_wav/086/086048.wav,87,0,0,0,0,1,0,0,1,0,0,0,0,0,0,0,0,0,0,1,0,0,0,0
data/audio_wav/086/086049.wav,87,0,0,0,0,1,0,0,1,0,0,0,0,0,0,0,0,0,0,1,0,0,0,0
data/audio_wav/087/087000.wav,88,1,1,0,0,1,0,0,1,0,0,0,0,0,0,0,0,0,0,0,1,0,0,0
data/audio_wav/087/087001.wav,88,1,1,0,0,1,0,0,1,0,0,0,0,0,0,0,0,0,0,0,1,0,0,0
data/audio_wav/087/087002.wav,88,1,1,0,0,1,0,0,1,0,0,0,0,0,0,0,0,0,0,0,1,0,0,0
data/audio_wav/087/087003.wav,88,1,1,0,0,1,0,0,1,0,0,0,0,0,0,0,0,0,0,0,1,0,0,0
data/audio_wav/087/087004.wav,88,1,1,0,0,1,0,0,1,0,0,0,0,0,0,0,0,0,0,0,1,0,0,0
data/audio_wav/087/087005.wav,88,1,1,0,0,1,0,0,1,0,0,0,0,0,0,0,0,0,0,0,1,0,0,0
data/audio_wav/087/087006.wav,88,1,1,0,0,1,0,0,1,0,0,0,0,0,0,0,0,0,0,0,1,0,0,0
data/audio_wav/087/087007.wav,88,1,1,0,0,1,0,0,1,0,0,0,0,0,0,0,0,0,0,0,1,0,0,0
data/audio_wav/087/087008.wav,88,1,1,0,0,1,0,0,1,0,0,0,0,0,0,0,0,0,0,0,1,0,0,0
data/audio_wav/087/087009.wav,88,1,1,0,0,1,0,0,1,0,0,0,0,0,0,0,0,0,0,0,1,0,0,0
data/audio_wav/087/087010.wav,88,1,1,0,0,1,0,0,1,0,0,0,0,0,0,0,0,0,0,0,1,0,0,0
data/audio_wav/087/087011.wav,88,1,1,0,0,1,0,0,1,0,0,0,0,0,0,0,0,0,0,0,1,0,0,0
data/audio_wav/087/087012.wav,88,1,1,0,0,1,0,0,1,0,0,0,0,0,0,0,0,0,0,0,1,0,0,0
data/audio_wav/087/087013.wav,88,1,1,0,0,1,0,0,1,0,0,0,0,0,0,0,0,0,0,0,1,0,0,0
data/audio_wav/087/087014.wav,88,1,1,0,0,1,0,0,1,0,0,0,0,0,0,0,0,0,0,0,1,0,0,0
data/audio_wav/087/087015.wav,88,1,1,0,0,1,0,0,1,0,0,0,0,0,0,0,0,0,0,0,1,0,0,0
data/audio_wav/087/087016.wav,88,1,1,0,0,1,0,0,1,0,0,0,0,0,0,0,0,0,0,0,1,0,0,0
data/audio_wav/087/087017.wav,88,1,1,0,0,1,0,0,1,0,0,0,0,0,0,0,0,0,0,0,1,0,0,0
data/audio_wav/087/087018.wav,88,1,1,0,0,1,0,0,1,0,0,0,0,0,0,0,0,0,0,0,1,0,0,0
data/audio_wav/087/087019.wav,88,1,1,0,0,1,0,0,1,0,0,0,0,0,0,0,0,0,0,0,1,0,0,0
data/audio_wav/087/087020.wav,88,1,1,0,0,1,0,0,1,0,0,0,0,0,0,0,0,0,0,0,1,0,0,0
data/audio_wav/087/087021.wav,88,1,1,0,0,1,0,0,1,0,0,0,0,0,0,0,0,0,0,0,1,0,0,0
data/audio_wav/087/087022.wav,88,1,1,0,0,1,0,0,1,0,0,0,0,0,0,0,0,0,0,0,1,0,0,0
data/audio_wav/087/087023.wav,88,1,1,0,0,1,0,0,1,0,0,0,0,0,0,0,0,0,0,0,1,0,0,0
data/audio_wav/087/087024.wav,88,1,1,0,0,1,0,0,1,0,0,0,0,0,0,0,0,0,0,0,1,0,0,0
data/audio_wav/087/087025.wav,88,1,1,0,0,1,0,0,1,0,0,0,0,0,0,0,0,0,0,0,1,0,0,0
data/audio_wav/087/087026.wav,88,1,1,0,0,1,0,0,1,0,0,0,0,0,0,0,0,0,0,0,1,0,0,0
data/audio_wav/087/087027.wav,88,1,1,0,0,1,0,0,1,0,0,0,0,0,0,0,0,0,0,0,1,0,0,0
data/audio_wav/087/087028.wav,88,1,1,0,0,1,0,0,1,0,0,0,0,0,0,0,0,0,0,0,1,0,0,0
data/audio_wav/087/087029.wav,88,1,1,0,0,1,0,0,1,0,0,0,0,0,0,0,0,0,0,0,1,0,0,0
data/audio_wav/087/087030.wav,88,1,1,0,0,1,0,0,1,0,0,0,0,0,0,0,0,0,0,0,1,0,0,0
data/audio_wav/087/087031.wav,88,1,1,0,0,1,0,0,1,0,0,0,0,0,0,0,0,0,0,0,1,0,0,0
data/audio_wav/087/087032.wav,88,1,1,0,0,1,0,0,1,0,0,0,0,0,0,0,0,0,0,0,1,0,0,0
data/audio_wav/087/087033.wav,88,1,1,0,0,1,0,0,1,0,0,0,0,0,0,0,0,0,0,0,1,0,0,0
data/audio_wav/087/087034.wav,88,1,1,0,0,1,0,0,1,0,0,0,0,0,0,0,0,0,0,0,1,0,0,0
data/audio_wav/087/087035.wav,88,1,1,0,0,1,0,0,1,0,0,0,0,0,0,0,0,0,0,0,1,0,0,0
data/audio_wav/087/087036.wav,88,1,1,0,0,1,0,0,1,0,0,0,0,0,0,0,0,0,0,0,1,0,0,0
data/audio_wav/087/087037.wav,88,1,1,0,0,1,0,0,1,0,0,0,0,0,0,0,0,0,0,0,1,0,0,0
data/audio_wav/087/087038.wav,88,1,1,0,0,1,0,0,1,0,0,0,0,0,0,0,0,0,0,0,1,0,0,0
data/audio_wav/087/087039.wav,88,1,1,0,0,1,0,0,1,0,0,0,0,0,0,0,0,0,0,0,1,0,0,0
data/audio_wav/087/087040.wav,88,1,1,0,0,1,0,0,1,0,0,0,0,0,0,0,0,0,0,0,1,0,0,0
data/audio_wav/087/087041.wav,88,1,1,0,0,1,0,0,1,0,0,0,0,0,0,0,0,0,0,0,1,0,0,0
data/audio_wav/087/087042.wav,88,1,1,0,0,1,0,0,1,0,0,0,0,0,0,0,0,0,0,0,1,0,0,0
data/audio_wav/087/087043.wav,88,1,1,0,0,1,0,0,1,0,0,0,0,0,0,0,0,0,0,0,1,0,0,0
data/audio_wav/087/087044.wav,88,1,1,0,0,1,0,0,1,0,0,0,0,0,0,0,0,0,0,0,1,0,0,0
data/audio_wav/087/087045.wav,88,1,1,0,0,1,0,0,1,0,0,0,0,0,0,0,0,0,0,0,1,0,0,0
data/audio_wav/087/087046.wav,88,1,1,0,0,1,0,0,1,0,0,0,0,0,0,0,0,0,0,0,1,0,0,0
data/audio_wav/087/087047.wav,88,1,1,0,0,1,0,0,1,0,0,0,0,0,0,0,0,0,0,0,1,0,0,0
data/audio_wav/087/087048.wav,88,1,1,0,0,1,0,0,1,0,0,0,0,0,0,0,0,0,0,0,1,0,0,0
data/audio_wav/087/087049.wav,88,1,1,0,0,1,0,0,1,0,0,0,0,0,0,0,0,0,0,0,1,0,0,0
data/audio_wav/088/088000.wav,89,0,0,0,0,1,0,0,1,0,0,0,0,0,0,0,0,0,0,0,0,1,0,0
data/audio_wav/088/088001.wav,89,0,0,0,0,1,0,0,1,0,0,0,0,0,0,0,0,0,0,0,0,1,0,0
data/audio_wav/088/088002.wav,89,0,0,0,0,1,0,0,1,0,0,0,0,0,0,0,0,0,0,0,0,1,0,0
data/audio_wav/088/088003.wav,89,0,0,0,0,1,0,0,1,0,0,0,0,0,0,0,0,0,0,0,0,1,0,0
data/audio_wav/088/088004.wav,89,0,0,0,0,1,0,0,1,0,0,0,0,0,0,0,0,0,0,0,0,1,0,0
data/audio_wav/088/088005.wav,89,0,0,0,0,1,0,0,1,0,0,0,0,0,0,0,0,0,0,0,0,1,0,0
data/audio_wav/088/088006.wav,89,0,0,0,0,1,0,0,1,0,0,0,0,0,0,0,0,0,0,0,0,1,0,0
data/audio_wav/088/088007.wav,89,0,0,0,0,1,0,0,1,0,0,0,0,0,0,0,0,0,0,0,0,1,0,0
data/audio_wav/088/088008.wav,89,0,0,0,0,1,0,0,1,0,0,0,0,0,0,0,0,0,0,0,0,1,0,0
data/audio_wav/088/088009.wav,89,0,0,0,0,1,0,0,1,0,0,0,0,0,0,0,0,0,0,0,0,1,0,0
data/audio_wav/088/088010.wav,89,0,0,0,0,1,0,0,1,0,0,0,0,0,0,0,0,0,0,0,0,1,0,0
data/audio_wav/088/088011.wav,89,0,0,0,0,1,0,0,1,0,0,0,0,0,0,0,0,0,0,0,0,1,0,0
data/audio_wav/088/088012.wav,89,0,0,0,0,1,0,0,1,0,0,0,0,0,0,0,0,0,0,0,0,1,0,0
data/audio_wav/088/088013.wav,89,0,0,0,0,1,0,0,1,0,0,0,0,0,0,0,0,0,0,0,0,1,0,0
data/audio_wav/088/088014.wav,89,0,0,0,0,1,0,0,1,0,0,0,0,0,0,0,0,0,0,0,0,1,0,0
data/audio_wav/088/088015.wav,89,0,0,0,0,1,0,0,1,0,0,0,0,0,0,0,0,0,0,0,0,1,0,0
data/audio_wav/088/088016.wav,89,0,0,0,0,1,0,0,1,0,0,0,0,0,0,0,0,0,0,0,0,1,0,0
data/audio_wav/088/088017.wav,89,0,0,0,0,1,0,0,1,0,0,0,0,0,0,0,0,0,0,0,0,1,0,0
data/audio_wav/088/088018.wav,89,0,0,0,0,1,0,0,1,0,0,0,0,0,0,0,0,0,0,0,0,1,0,0
data/audio_wav/088/088019.wav,89,0,0,0,0,1,0,0,1,0,0,0,0,0,0,0,0,0,0,0,0,1,0,0
data/audio_wav/088/088020.wav,89,0,0,0,0,1,0,0,1,0,0,0,0,0,0,0,0,0,0,0,0,1,0,0
data/audio_wav/088/088021.wav,89,0,0,0,0,1,0,0,1,0,0,0,0,0,0,0,0,0,0,0,0,1,0,0
data/audio_wav/088/088022.wav,89,0,0,0,0,1,0,0,1,0,0,0,0,0,0,0,0,0,0,0,0,1,0,0
data/audio_wav/088/088023.wav,89,0,0,0,0,1,0,0,1,0,0,0,0,0,0,0,0,0,0,0,0,1,0,0
data/audio_wav/088/088024.wav,89,0,0,0,0,1,0,0,1,0,0,0,0,0,0,0,0,0,0,0,0,1,0,0
data/audio_wav/088/088025.wav,89,0,0,0,0,1,0,0,1,0,0,0,0,0,0,0,0,0,0,0,0,1,0,0
data/audio_wav/088/088026.wav,89,0,0,0,0,1,0,0,1,0,0,0,0,0,0,0,0,0,0,0,0,1,0,0
data/audio_wav/088/088027.wav,89,0,0,0,0,1,0,0,1,0,0,0,0,0,0,0,0,0,0,0,0,1,0,0
data/audio_wav/088/088028.wav,89,0,0,0,0,1,0,0,1,0,0,0,0,0,0,0,0,0,0,0,0,1,0,0
data/audio_wav/088/088029.wav,89,0,0,0,0,1,0,0,1,0,0,0,0,0,0,0,0,0,0,0,0,1,0,0
data/audio_wav/088/088030.wav,89,0,0,0,0,1,0,0,1,0,0,0,0,0,0,0,0,0,0,0,0,1,0,0
data/audio_wav/088/088031.wav,89,0,0,0,0,1,0,0,1,0,0,0,0,0,0,0,0,0,0,0,0,1,0,0
data/audio_wav/088/088032.wav,89,0,0,0,0,1,0,0,1,0,0,0,0,0,0,0,0,0,0,0,0,1,0,0
data/audio_wav/088/088033.wav,89,0,0,0,0,1,0,0,1,0,0,0,0,0,0,0,0,0,0,0,0,1,0,0
data/audio_wav/088/088034.wav,89,0,0,0,0,1,0,0,1,0,0,0,0,0,0,0,0,0,0,0,0,1,0,0
data/audio_wav/088/088035.wav,89,0,0,0,0,1,0,0,1,0,0,0,0,0,0,0,0,0,0,0,0,1,0,0
data/audio_wav/088/088036.wav,89,0,0,0,0,1,0,0,1,0,0,0,0,0,0,0,0,0,0,0,0,1,0,0
data/audio_wav/088/088037.wav,89,0,0,0,0,1,0,0,1,0,0,0,0,0,0,0,0,0,0,0,0,1,0,0
data/audio_wav/088/088038.wav,89,0,0,0,0,1,0,0,1,0,0,0,0,0,0,0,0,0,0,0,0,1,0,0
data/audio_wav/088/088039.wav,89,0,0,0,0,1,0,0,1,0,0,0,0,0,0,0,0,0,0,0,0,1,0,0
data/audio_wav/088/088040.wav,89,0,0,0,0,1,0,0,1,0,0,0,0,0,0,0,0,0,0,0,0,1,0,0
data/audio_wav/088/088041.wav,89,0,0,0,0,1,0,0,1,0,0,0,0,0,0,0,0,0,0,0,0,1,0,0
data/audio_wav/088/088042.wav,89,0,0,0,0,1,0,0,1,0,0,0,0,0,0,0,0,0,0,0,0,1,0,0
data/audio_wav/088/088043.wav,89,0,0,0,0,1,0,0,1,0,0,0,0,0,0,0,0,0,0,0,0,1,0,0
data/audio_wav/088/088044.wav,89,0,0,0,0,1,0,0,1,0,0,0,0,0,0,0,0,0,0,0,0,1,0,0
data/audio_wav/088/088045.wav,89,0,0,0,0,1,0,0,1,0,0,0,0,0,0,0,0,0,0,0,0,1,0,0
data/audio_wav/088/088046.wav,89,0,0,0,0,1,0,0,1,0,0,0,0,0,0,0,0,0,0,0,0,1,0,0
data/audio_wav/088/088047.wav,89,0,0,0,0,1,0,0,1,0,0,0,0,0,0,0,0,0,0,0,0,1,0,0
data/audio_wav/088/088048.wav,89,0,0,0,0,1,0,0,1,0,0,0,0,0,0,0,0,0,0,0,0,1,0,0
data/audio_wav/088/088049.wav,89,0,0,0,0,1,0,0,1,0,0,0,0,0,0,0,0,0,0,0,0,1,0,0
data/audio_wav/089/089000.wav,90,1,1,0,0,1,0,0,1,0,0,0,0,0,0,0,0,0,0,0,0,0,1,0
data/audio_wav/089/089001.wav,90,1,1,0,0,1,0,0,1,0,0,0,0,0,0,0,0,0,0,0,0,0,1,0
data/audio_wav/089/089002.wav,90,1,1,0,0,1,0,0,1,0,0,0,0,0,0,0,0,0,0,0,0,0,1,0
data/audio_wav/089/089003.wav,90,1,1,0,0,1,0,0,1,0,0,0,0,0,0,0,0,0,0,0,0,0,1,0
data/audio_wav/089/089004.wav,90,1,1,0,0,1,0,0,1,0,0,0,0,0,0,0,0,0,0,0,0,0,1,0
data/audio_wav/089/089005.wav,90,1,1,0,0,1,0,0,1,0,0,0,0,0,0,0,0,0,0,0,0,0,1,0
data/audio_wav/089/089006.wav,90,1,1,0,0,1,0,0,1,0,0,0,0,0,0,0,0,0,0,0,0,0,1,0
data/audio_wav/089/089007.wav,90,1,1,0,0,1,0,0,1,0,0,0,0,0,0,0,0,0,0,0,0,0,1,0
data/audio_wav/089/089008.wav,90,1,1,0,0,1,0,0,1,0,0,0,0,0,0,0,0,0,0,0,0,0,1,0
data/audio_wav/089/089009.wav,90,1,1,0,0,1,0,0,1,0,0,0,0,0,0,0,0,0,0,0,0,0,1,0
data/audio_wav/089/089010.wav,90,1,1,0,0,1,0,0,1,0,0,0,0,0,0,0,0,0,0,0,0,0,1,0
data/audio_wav/089/089011.wav,90,1,1,0,0,1,0,0,1,0,0,0,0,0,0,0,0,0,0,0,0,0,1,0
data/audio_wav/089/089012.wav,90,1,1,0,0,1,0,0,1,0,0,0,0,0,0,0,0,0,0,0,0,0,1,0
data/audio_wav/089/089013.wav,90,1,1,0,0,1,0,0,1,0,0,0,0,0,0,0,0,0,0,0,0,0,1,0
data/audio_wav/089/089014.wav,90,1,1,0,0,1,0,0,1,0,0,0,0,0,0,0,0,0,0,0,0,0,1,0
data/audio_wav/089/089015.wav,90,1,1,0,0,1,0,0,1,0,0,0,0,0,0,0,0,0,0,0,0,0,1,0
data/audio_wav/089/089016.wav,90,1,1,0,0,1,0,0,1,0,0,0,0,0,0,0,0,0,0,0,0,0,1,0
data/audio_wav/089/089017.wav,90,1,1,0,0,1,0,0,1,0,0,0,0,0,0,0,0,0,0,0,0,0,1,0
data/audio_wav/089/089018.wav,90,1,1,0,0,1,0,0,1,0,0,0,0,0,0,0,0,0,0,0,0,0,1,0
data/audio_wav/089/089019.wav,90,1,1,0,0,1,0,0,1,0,0,0,0,0,0,0,0,0,0,0,0,0,1,0
data/audio_wav/089/089020.wav,90,1,1,0,0,1,0,0,1,0,0,0,0,0,0,0,0,0,0,0,0,0,1,0
data/audio_wav/089/089021.wav,90,1,1,0,0,1,0,0,1,0,0,0,0,0,0,0,0,0,0,0,0,0,1,0
data/audio_wav/089/089022.wav,90,1,1,0,0,1,0,0,1,0,0,0,0,0,0,0,0,0,0,0,0,0,1,0
data/audio_wav/089/089023.wav,90,1,1,0,0,1,0,0,1,0,0,0,0,0,0,0,0,0,0,0,0,0,1,0
data/audio_wav/089/089024.wav,90,1,1,0,0,1,0,0,1,0,0,0,0,0,0,0,0,0,0,0,0,0,1,0
data/audio_wav/089/089025.wav,90,1,1,0,0,1,0,0,1,0,0,0,0,0,0,0,0,0,0,0,0,0,1,0
data/audio_wav/089/089026.wav,90,1,1,0,0,1,0,0,1,0,0,0,0,0,0,0,0,0,0,0,0,0,1,0
data/audio_wav/089/089027.wav,90,1,1,0,0,1,0,0,1,0,0,0,0,0,0,0,0,0,0,0,0,0,1,0
data/audio_wav/089/089028.wav,90,1,1,0,0,1,0,0,1,0,0,0,0,0,0,0,0,0,0,0,0,0,1,0
data/audio_wav/089/089029.wav,90,1,1,0,0,1,0,0,1,0,0,0,0,0,0,0,0,0,0,0,0,0,1,0
data/audio_wav/089/089030.wav,90,1,1,0,0,1,0,0,1,0,0,0,0,0,0,0,0,0,0,0,0,0,1,0
data/audio_wav/089/089031.wav,90,1,1,0,0,1,0,0,1,0,0,0,0,0,0,0,0,0,0,0,0,0,1,0
data/audio_wav/089/089032.wav,90,1,1,0,0,1,0,0,1,0,0,0,0,0,0,0,0,0,0,0,0,0,1,0
data/audio_wav/089/089033.wav,90,1,1,0,0,1,0,0,1,0,0,0,0,0,0,0,0,0,0,0,0,0,1,0
data/audio_wav/089/089034.wav,90,1,1,0,0,1,0,0,1,0,0,0,0,0,0,0,0,0,0,0,0,0,1,0
data/audio_wav/089/089035.wav,90,1,1,0,0,1,0,0,1,0,0,0,0,0,0,0,0,0,0,0,0,0,1,0
data/audio_wav/089/089036.wav,90,1,1,0,0,1,0,0,1,0,0,0,0,0,0,0,0,0,0,0,0,0,1,0
data/audio_wav/089/089037.wav,90,1,1,0,0,1,0,0,1,0,0,0,0,0,0,0,0,0,0,0,0,0,1,0
data/audio_wav/089/089038.wav,90,1,1,0,0,1,0,0,1,0,0,0,0,0,0,0,0,0,0,0,0,0,1,0
data/audio_wav/089/089039.wav,90,1,1,0,0,1,0,0,1,0,0,0,0,0,0,0,0,0,0,0,0,0,1,0
data/audio_wav/089/089040.wav,90,1,1,0,0,1,0,0,1,0,0,0,0,0,0,0,0,0,0,0,0,0,1,0
data/audio_wav/089/089041.wav,90,1,1,0,0,1,0,0,1,0,0,0,0,0,0,0,0,0,0,0,0,0,1,0
data/audio_wav/089/089042.wav,90,1,1,0,0,1,0,0,1,0,0,0,0,0,0,0,0,0,0,0,0,0,1,0
data/audio_wav/089/089043.wav,90,1,1,0,0,1,0,0,1,0,0,0,0,0,0,0,0,0,0,0,0,0,1,0
data/audio_wav/089/089044.wav,90,1,1,0,0,1,0,0,1,0,0,0,0,0,0,0,0,0,0,0,0,0,1,0
data/audio_wav/089/089045.wav,90,1,1,0,0,1,0,0,1,0,0,0,0,0,0,0,0,0,0,0,0,0,1,0
data/audio_wav/089/089046.wav,90,1,1,0,0,1,0,0,1,0,0,0,0,0,0,0,0,0,0,0,0,0,1,0
data/audio_wav/089/089047.wav,90,1,1,0,0,1,0,0,1,0,0,0,0,0,0,0,0,0,0,0,0,0,1,0
data/audio_wav/089/089048.wav,90,1,1,0,0,1,0,0,1,0,0,0,0,0,0,0,0,0,0,0,0,0,1,0
data/audio_wav/089/089049.wav,90,1,1,0,0,1,0,0,1,0,0,0,0,0,0,0,0,0,0,0,0,0,1,0
data/audio_wav/090/090000.wav,91,1,2,0,0,1,0,0,1,0,0,0,0,0,0,0,0,0,0,0,0,0,0,1
data/audio_wav/090/090001.wav,91,1,2,0,0,1,0,0,1,0,0,0,0,0,0,0,0,0,0,0,0,0,0,1
data/audio_wav/090/090002.wav,91,1,2,0,0,1,0,0,1,0,0,0,0,0,0,0,0,0,0,0,0,0,0,1
data/audio_wav/090/090003.wav,91,1,2,0,0,1,0,0,1,0,0,0,0,0,0,0,0,0,0,0,0,0,0,1
data/audio_wav/090/090004.wav,91,1,2,0,0,1,0,0,1,0,0,0,0,0,0,0,0,0,0,0,0,0,0,1
data/audio_wav/090/090005.wav,91,1,2,0,0,1,0,0,1,0,0,0,0,0,0,0,0,0,0,0,0,0,0,1
data/audio_wav/090/090006.wav,91,1,2,0,0,1,0,0,1,0,0,0,0,0,0,0,0,0,0,0,0,0,0,1
data/audio_wav/090/090007.wav,91,1,2,0,0,1,0,0,1,0,0,0,0,0,0,0,0,0,0,0,0,0,0,1
data/audio_wav/090/090008.wav,91,1,2,0,0,1,0,0,1,0,0,0,0,0,0,0,0,0,0,0,0,0,0,1
data/audio_wav/090/090009.wav,91,1,2,0,0,1,0,0,1,0,0,0,0,0,0,0,0,0,0,0,0,0,0,1
data/audio_wav/090/090010.wav,91,1,2,0,0,1,0,0,1,0,0,0,0,0,0,0,0,0,0,0,0,0,0,1
data/audio_wav/090/090011.wav,91,1,2,0,0,1,0,0,1,0,0,0,0,0,0,0,0,0,0,0,0,0,0,1
data/audio_wav/090/090012.wav,91,1,2,0,0,1,0,0,1,0,0,0,0,0,0,0,0,0,0,0,0,0,0,1
data/audio_wav/090/090013.wav,91,1,2,0,0,1,0,0,1,0,0,0,0,0,0,0,0,0,0,0,0,0,0,1
data/audio_wav/090/090014.wav,91,1,2,0,0,1,0,0,1,0,0,0,0,0,0,0,0,0,0,0,0,0,0,1
data/audio_wav/090/090015.wav,91,1,2,0,0,1,0,0,1,0,0,0,0,0,0,0,0,0,0,0,0,0,0,1
data/audio_wav/090/090016.wav,91,1,2,0,0,1,0,0,1,0,0,0,0,0,0,0,0,0,0,0,0,0,0,1
data/audio_wav/090/090017.wav,91,1,2,0,0,1,0,0,1,0,0,0,0,0,0,0,0,0,0,0,0,0,0,1
data/audio_wav/090/090018.wav,91,1,2,0,0,1,0,0,1,0,0,0,0,0,0,0,0,0,0,0,0,0,0,1
data/audio_wav/090/090019.wav,91,1,2,0,0,1,0,0,1,0,0,0,0,0,0,0,0,0,0,0,0,0,0,1
data/audio_wav/090/090020.wav,91,1,2,0,0,1,0,0,1,0,0,0,0,0,0,0,0,0,0,0,0,0,0,1
data/audio_wav/090/090021.wav,91,1,2,0,0,1,0,0,1,0,0,0,0,0,0,0,0,0,0,0,0,0,0,1
data/audio_wav/090/090022.wav,91,1,2,0,0,1,0,0,1,0,0,0,0,0,0,0,0,0,0,0,0,0,0,1
data/audio_wav/090/090023.wav,91,1,2,0,0,1,0,0,1,0,0,0,0,0,0,0,0,0,0,0,0,0,0,1
data/audio_wav/090/090024.wav,91,1,2,0,0,1,0,0,1,0,0,0,0,0,0,0,0,0,0,0,0,0,0,1
data/audio_wav/090/090025.wav,91,1,2,0,0,1,0,0,1,0,0,0,0,0,0,0,0,0,0,0,0,0,0,1
data/audio_wav/090/090026.wav,91,1,2,0,0,1,0,0,1,0,0,0,0,0,0,0,0,0,0,0,0,0,0,1
data/audio_wav/090/090027.wav,91,1,2,0,0,1,0,0,1,0,0,0,0,0,0,0,0,0,0,0,0,0,0,1
data/audio_wav/090/090028.wav,91,1,2,0,0,1,0,0,1,0,0,0,0,0,0,0,0,0,0,0,0,0,0,1
data/audio_wav/090/090029.wav,91,1,2,0,0,1,0,0,1,0,0,0,0,0,0,0,0,0,0,0,0,0,0,1
data/audio_wav/090/090030.wav,91,1,2,0,0,1,0,0,1,0,0,0,0,0,0,0,0,0,0,0,0,0,0,1
data/audio_wav/090/090031.wav,91,1,2,0,0,1,0,0,1,0,0,0,0,0,0,0,0,0,0,0,0,0,0,1
data/audio_wav/090/090032.wav,91,1,2,0,0,1,0,0,1,0,0,0,0,0,0,0,0,0,0,0,0,0,0,1
data/audio_wav/090/090033.wav,91,1,2,0,0,1,0,0,1,0,0,0,0,0,0,0,0,0,0,0,0,0,0,1
data/audio_wav/090/090034.wav,91,1,2,0,0,1,0,0,1,0,0,0,0,0,0,0,0,0,0,0,0,0,0,1
data/audio_wav/090/090035.wav,91,1,2,0,0,1,0,0,1,0,0,0,0,0,0,0,0,0,0,0,0,0,0,1
data/audio_wav/090/090036.wav,91,1,2,0,0,1,0,0,1,0,0,0,0,0,0,0,0,0,0,0,0,0,0,1
data/audio_wav/090/090037.wav,91,1,2,0,0,1,0,0,1,0,0,0,0,0,0,0,0,0,0,0,0,0,0,1
data/audio_wav/090/090038.wav,91,1,2,0,0,1,0,0,1,0,0,0,0,0,0,0,0,0,0,0,0,0,0,1
data/audio_wav/090/090039.wav,91,1,2,0,0,1,0,0,1,0,0,0,0,0,0,0,0,0,0,0,0,0,0,1
data/audio_wav/090/090040.wav,91,1,2,0,0,1,0,0,1,0,0,0,0,0,0,0,0,0,0,0,0,0,0,1
data/audio_wav/090/090041.wav,91,1,2,0,0,1,0,0,1,0,0,0,0,0,0,0,0,0,0,0,0,0,0,1
data/audio_wav/090/090042.wav,91,1,2,0,0,1,0,0,1,0,0,0,0,0,0,0,0,0,0,0,0,0,0,1
data/audio_wav/090/090043.wav,91,1,2,0,0,1,0,0,1,0,0,0,0,0,0,0,0,0,0,0,0,0,0,1
data/audio_wav/090/090044.wav,91,1,2,0,0,1,0,0,1,0,0,0,0,0,0,0,0,0,0,0,0,0,0,1
data/audio_wav/090/090045.wav,91,1,2,0,0,1,0,0,1,0,0,0,0,0,0,0,0,0,0,0,0,0,0,1
data/audio_wav/090/090046.wav,91,1,2,0,0,1,0,0,1,0,0,0,0,0,0,0,0,0,0,0,0,0,0,1
data/audio_wav/090/090047.wav,91,1,2,0,0,1,0,0,1,0,0,0,0,0,0,0,0,0,0,0,0,0,0,1
data/audio_wav/090/090048.wav,91,1,2,0,0,1,0,0,1,0,0,0,0,0,0,0,0,0,0,0,0,0,0,1
data/audio_wav/090/090049.wav,91,1,2,0,0,1,0,0,1,0,0,0,0,0,0,0,0,0,0,0,0,0,0,1
data/audio_wav/091/091000.wav,92,0,0,0,0,1,0,0,0,1,0,1,0,0,0,0,0,0,0,0,0,0,0,0
data/audio_wav/091/091001.wav,92,0,0,0,0,1,0,0,0,1,0,1,0,0,0,0,0,0,0,0,0,0,0,0
data/audio_wav/091/091002.wav,92,0,0,0,0,1,0,0,0,1,0,1,0,0,0,0,0,0,0,0,0,0,0,0
data/audio_wav/091/091003.wav,92,0,0,0,0,1,0,0,0,1,0,1,0,0,0,0,0,0,0,0,0,0,0,0
data/audio_wav/091/091004.wav,92,0,0,0,0,1,0,0,0,1,0,1,0,0,0,0,0,0,0,0,0,0,0,0
data/audio_wav/091/091005.wav,92,0,0,0,0,1,0,0,0,1,0,1,0,0,0,0,0,0,0,0,0,0,0,0
data/audio_wav/091/091006.wav,92,0,0,0,0,1,0,0,0,1,0,1,0,0,0,0,0,0,0,0,0,0,0,0
data/audio_wav/091/091007.wav,92,0,0,0,0,1,0,0,0,1,0,1,0,0,0,0,0,0,0,0,0,0,0,0
data/audio_wav/091/091008.wav,92,0,0,0,0,1,0,0,0,1,0,1,0,0,0,0,0,0,0,0,0,0,0,0
data/audio_wav/091/091009.wav,92,0,0,0,0,1,0,0,0,1,0,1,0,0,0,0,0,0,0,0,0,0,0,0
data/audio_wav/091/091010.wav,92,0,0,0,0,1,0,0,0,1,0,1,0,0,0,0,0,0,0,0,0,0,0,0
data/audio_wav/091/091011.wav,92,0,0,0,0,1,0,0,0,1,0,1,0,0,0,0,0,0,0,0,0,0,0,0
data/audio_wav/091/091012.wav,92,0,0,0,0,1,0,0,0,1,0,1,0,0,0,0,0,0,0,0,0,0,0,0
data/audio_wav/091/091013.wav,92,0,0,0,0,1,0,0,0,1,0,1,0,0,0,0,0,0,0,0,0,0,0,0
data/audio_wav/091/091014.wav,92,0,0,0,0,1,0,0,0,1,0,1,0,0,0,0,0,0,0,0,0,0,0,0
data/audio_wav/091/091015.wav,92,0,0,0,0,1,0,0,0,1,0,1,0,0,0,0,0,0,0,0,0,0,0,0
data/audio_wav/091/091016.wav,92,0,0,0,0,1,0,0,0,1,0,1,0,0,0,0,0,0,0,0,0,0,0,0
data/audio_wav/091/091017.wav,92,0,0,0,0,1,0,0,0,1,0,1,0,0,0,0,0,0,0,0,0,0,0,0
data/audio_wav/091/091018.wav,92,0,0,0,0,1,0,0,0,1,0,1,0,0,0,0,0,0,0,0,0,0,0,0
data/audio_wav/091/091019.wav,92,0,0,0,0,1,0,0,0,1,0,1,0,0,0,0,0,0,0,0,0,0,0,0
data/audio_wav/091/091020.wav,92,0,0,0,0,1,0,0,0,1,0,1,0,0,0,0,0,0,0,0,0,0,0,0
data/audio_wav/091/091021.wav,92,0,0,0,0,1,0,0,0,1,0,1,0,0,0,0,0,0,0,0,0,0,0,0
data/audio_wav/091/091022.wav,92,0,0,0,0,1,0,0,0,1,0,1,0,0,0,0,0,0,0,0,0,0,0,0
data/audio_wav/091/091023.wav,92,0,0,0,0,1,0,0,0,1,0,1,0,0,0,0,0,0,0,0,0,0,0,0
data/audio_wav/091/091024.wav,92,0,0,0,0,1,0,0,0,1,0,1,0,0,0,0,0,0,0,0,0,0,0,0
data/audio_wav/091/091025.wav,92,0,0,0,0,1,0,0,0,1,0,1,0,0,0,0,0,0,0,0,0,0,0,0
data/audio_wav/091/091026.wav,92,0,0,0,0,1,0,0,0,1,0,1,0,0,0,0,0,0,0,0,0,0,0,0
data/audio_wav/091/091027.wav,92,0,0,0,0,1,0,0,0,1,0,1,0,0,0,0,0,0,0,0,0,0,0,0
data/audio_wav/091/091028.wav,92,0,0,0,0,1,0,0,0,1,0,1,0,0,0,0,0,0,0,0,0,0,0,0
data/audio_wav/091/091029.wav,92,0,0,0,0,1,0,0,0,1,0,1,0,0,0,0,0,0,0,0,0,0,0,0
data/audio_wav/091/091030.wav,92,0,0,0,0,1,0,0,0,1,0,1,0,0,0,0,0,0,0,0,0,0,0,0
data/audio_wav/091/091031.wav,92,0,0,0,0,1,0,0,0,1,0,1,0,0,0,0,0,0,0,0,0,0,0,0
data/audio_wav/091/091032.wav,92,0,0,0,0,1,0,0,0,1,0,1,0,0,0,0,0,0,0,0,0,0,0,0
data/audio_wav/091/091033.wav,92,0,0,0,0,1,0,0,0,1,0,1,0,0,0,0,0,0,0,0,0,0,0,0
data/audio_wav/091/091034.wav,92,0,0,0,0,1,0,0,0,1,0,1,0,0,0,0,0,0,0,0,0,0,0,0
data/audio_wav/091/091035.wav,92,0,0,0,0,1,0,0,0,1,0,1,0,0,0,0,0,0,0,0,0,0,0,0
data/audio_wav/091/091036.wav,92,0,0,0,0,1,0,0,0,1,0,1,0,0,0,0,0,0,0,0,0,0,0,0
data/audio_wav/091/091037.wav,92,0,0,0,0,1,0,0,0,1,0,1,0,0,0,0,0,0,0,0,0,0,0,0
data/audio_wav/091/091038.wav,92,0,0,0,0,1,0,0,0,1,0,1,0,0,0,0,0,0,0,0,0,0,0,0
data/audio_wav/091/091039.wav,92,0,0,0,0,1,0,0,0,1,0,1,0,0,0,0,0,0,0,0,0,0,0,0
data/audio_wav/091/091040.wav,92,0,0,0,0,1,0,0,0,1,0,1,0,0,0,0,0,0,0,0,0,0,0,0
data/audio_wav/091/091041.wav,92,0,0,0,0,1,0,0,0,1,0,1,0,0,0,0,0,0,0,0,0,0,0,0
data/audio_wav/091/091042.wav,92,0,0,0,0,1,0,0,0,1,0,1,0,0,0,0,0,0,0,0,0,0,0,0
data/audio_wav/091/091043.wav,92,0,0,0,0,1,0,0,0,1,0,1,0,0,0,0,0,0,0,0,0,0,0,0
data/audio_wav/091/091044.wav,92,0,0,0,0,1,0,0,0,1,0,1,0,0,0,0,0,0,0,0,0,0,0,0
data/audio_wav/091/091045.wav,92,0,0,0,0,1,0,0,0,1,0,1,0,0,0,0,0,0,0,0,0,0,0,0
data/audio_wav/091/091046.wav,92,0,0,0,0,1,0,0,0,1,0,1,0,0,0,0,0,0,0,0,0,0,0,0
data/audio_wav/091/091047.wav,92,0,0,0,0,1,0,0,0,1,0,1,0,0,0,0,0,0,0,0,0,0,0,0
data/audio_wav/091/091048.wav,92,0,0,0,0,1,0,0,0,1,0,1,0,0,0,0,0,0,0,0,0,0,0,0
data/audio_wav/091/091049.wav,92,0,0,0,0,1,0,0,0,1,0,1,0,0,0,0,0,0,0,0,0,0,0,0
data/audio_wav/092/092000.wav,93,1,1,0,0,1,0,0,0,1,0,0,1,0,0,0,0,0,0,0,0,0,0,0
data/audio_wav/092/092001.wav,93,1,1,0,0,1,0,0,0,1,0,0,1,0,0,0,0,0,0,0,0,0,0,0
data/audio_wav/092/092002.wav,93,1,1,0,0,1,0,0,0,1,0,0,1,0,0,0,0,0,0,0,0,0,0,0
data/audio_wav/092/092003.wav,93,1,1,0,0,1,0,0,0,1,0,0,1,0,0,0,0,0,0,0,0,0,0,0
data/audio_wav/092/092004.wav,93,1,1,0,0,1,0,0,0,1,0,0,1,0,0,0,0,0,0,0,0,0,0,0
data/audio_wav/092/092005.wav,93,1,1,0,0,1,0,0,0,1,0,0,1,0,0,0,0,0,0,0,0,0,0,0
data/audio_wav/092/092006.wav,93,1,1,0,0,1,0,0,0,1,0,0,1,0,0,0,0,0,0,0,0,0,0,0
data/audio_wav/092/092007.wav,93,1,1,0,0,1,0,0,0,1,0,0,1,0,0,0,0,0,0,0,0,0,0,0
data/audio_wav/092/092008.wav,93,1,1,0,0,1,0,0,0,1,0,0,1,0,0,0,0,0,0,0,0,0,0,0
data/audio_wav/092/092009.wav,93,1,1,0,0,1,0,0,0,1,0,0,1,0,0,0,0,0,0,0,0,0,0,0
data/audio_wav/092/092010.wav,93,1,1,0,0,1,0,0,0,1,0,0,1,0,0,0,0,0,0,0,0,0,0,0
data/audio_wav/092/092011.wav,93,1,1,0,0,1,0,0,0,1,0,0,1,0,0,0,0,0,0,0,0,0,0,0
data/audio_wav/092/092012.wav,93,1,1,0,0,1,0,0,0,1,0,0,1,0,0,0,0,0,0,0,0,0,0,0
data/audio_wav/092/092013.wav,93,1,1,0,0,1,0,0,0,1,0,0,1,0,0,0,0,0,0,0,0,0,0,0
data/audio_wav/092/092014.wav,93,1,1,0,0,1,0,0,0,1,0,0,1,0,0,0,0,0,0,0,0,0,0,0
data/audio_wav/092/092015.wav,93,1,1,0,0,1,0,0,0,1,0,0,1,0,0,0,0,0,0,0,0,0,0,0
data/audio_wav/092/092016.wav,93,1,1,0,0,1,0,0,0,1,0,0,1,0,0,0,0,0,0,0,0,0,0,0
data/audio_wav/092/092017.wav,93,1,1,0,0,1,0,0,0,1,0,0,1,0,0,0,0,0,0,0,0,0,0,0
data/audio_wav/092/092018.wav,93,1,1,0,0,1,0,0,0,1,0,0,1,0,0,0,0,0,0,0,0,0,0,0
data/audio_wav/092/092019.wav,93,1,1,0,0,1,0,0,0,1,0,0,1,0,0,0,0,0,0,0,0,0,0,0
data/audio_wav/092/092020.wav,93,1,1,0,0,1,0,0,0,1,0,0,1,0,0,0,0,0,0,0,0,0,0,0
data/audio_wav/092/092021.wav,93,1,1,0,0,1,0,0,0,1,0,0,1,0,0,0,0,0,0,0,0,0,0,0
data/audio_wav/092/092022.wav,93,1,1,0,0,1,0,0,0,1,0,0,1,0,0,0,0,0,0,0,0,0,0,0
data/audio_wav/092/092023.wav,93,1,1,0,0,1,0,0,0,1,0,0,1,0,0,0,0,0,0,0,0,0,0,0
data/audio_wav/092/092024.wav,93,1,1,0,0,1,0,0,0,1,0,0,1,0,0,0,0,0,0,0,0,0,0,0
data/audio_wav/092/092025.wav,93,1,1,0,0,1,0,0,0,1,0,0,1,0,0,0,0,0,0,0,0,0,0,0
data/audio_wav/092/092026.wav,93,1,1,0,0,1,0,0,0,1,0,0,1,0,0,0,0,0,0,0,0,0,0,0
data/audio_wav/092/092027.wav,93,1,1,0,0,1,0,0,0,1,0,0,1,0,0,0,0,0,0,0,0,0,0,0
data/audio_wav/092/092028.wav,93,1,1,0,0,1,0,0,0,1,0,0,1,0,0,0,0,0,0,0,0,0,0,0
data/audio_wav/092/092029.wav,93,1,1,0,0,1,0,0,0,1,0,0,1,0,0,0,0,0,0,0,0,0,0,0
data/audio_wav/092/092030.wav,93,1,1,0,0,1,0,0,0,1,0,0,1,0,0,0,0,0,0,0,0,0,0,0
data/audio_wav/092/092031.wav,93,1,1,0,0,1,0,0,0,1,0,0,1,0,0,0,0,0,0,0,0,0,0,0
data/audio_wav/092/092032.wav,93,1,1,0,0,1,0,0,0,1,0,0,1,0,0,0,0,0,0,0,0,0,0,0
data/audio_wav/092/092033.wav,93,1,1,0,0,1,0,0,0,1,0,0,1,0,0,0,0,0,0,0,0,0,0,0
data/audio_wav/092/092034.wav,93,1,1,0,0,1,0,0,0,1,0,0,1,0,0,0,0,0,0,0,0,0,0,0
data/audio_wav/092/092035.wav,93,1,1,0,0,1,0,0,0,1,0,0,1,0,0,0,0,0,0,0,0,0,0,0
data/audio_wav/092/092036.wav,93,1,1,0,0,1,0,0,0,1,0,0,1,0,0,0,0,0,0,0,0,0,0,0
data/audio_wav/092/092037.wav,93,1,1,0,0,1,0,0,0,1,0,0,1,0,0,0,0,0,0,0,0,0,0,0
data/audio_wav/092/092038.wav,93,1,1,0,0,1,0,0,0,1,0,0,1,0,0,0,0,0,0,0,0,0,0,0
data/audio_wav/092/092039.wav,93,1,1,0,0,1,0,0,0,1,0,0,1,0,0,0,0,0,0,0,0,0,0,0
data/audio_wav/092/092040.wav,93,1,1,0,0,1,0,0,0,1,0,0,1,0,0,0,0,0,0,0,0,0,0,0
data/audio_wav/092/092041.wav,93,1,1,0,0,1,0,0,0,1,0,0,1,0,0,0,0,0,0,0,0,0,0,0
data/audio_wav/092/092042.wav,93,1,1,0,0,1,0,0,0,1,0,0,1,0,0,0,0,0,0,0,0,0,0,0
data/audio_wav/092/092043.wav,93,1,1,0,0,1,0,0,0,1,0,0,1,0,0,0,0,0,0,0,0,0,0,0
data/audio_wav/092/092044.wav,93,1,1,0,0,1,0,0,0,1,0,0,1,0,0,0,0,0,0,0,0,0,0,0
data/audio_wav/092/092045.wav,93,1,1,0,0,1,0,0,0,1,0,0,1,0,0,0,0,0,0,0,0,0,0,0
data/audio_wav/092/092046.wav,93,1,1,0,0,1,0,0,0,1,0,0,1,0,0,0,0,0,0,0,0,0,0,0
data/audio_wav/092/092047.wav,93,1,1,0,0,1,0,0,0,1,0,0,1,0,0,0,0,0,0,0,0,0,0,0
data/audio_wav/092/092048.wav,93,1,1,0,0,1,0,0,0,1,0,0,1,0,0,0,0,0,0,0,0,0,0,0
data/audio_wav/092/092049.wav,93,1,1,0,0,1,0,0,0,1,0,0,1,0,0,0,0,0,0,0,0,0,0,0
data/audio_wav/093/093000.wav,94,1,1,0,0,1,0,0,0,1,0,0,0,1,0,0,0,0,0,0,0,0,0,0
data/audio_wav/093/093001.wav,94,1,1,0,0,1,0,0,0,1,0,0,0,1,0,0,0,0,0,0,0,0,0,0
data/audio_wav/093/093002.wav,94,1,1,0,0,1,0,0,0,1,0,0,0,1,0,0,0,0,0,0,0,0,0,0
data/audio_wav/093/093003.wav,94,1,1,0,0,1,0,0,0,1,0,0,0,1,0,0,0,0,0,0,0,0,0,0
data/audio_wav/093/093004.wav,94,1,1,0,0,1,0,0,0,1,0,0,0,1,0,0,0,0,0,0,0,0,0,0
data/audio_wav/093/093005.wav,94,1,1,0,0,1,0,0,0,1,0,0,0,1,0,0,0,0,0,0,0,0,0,0
data/audio_wav/093/093006.wav,94,1,1,0,0,1,0,0,0,1,0,0,0,1,0,0,0,0,0,0,0,0,0,0
data/audio_wav/093/093007.wav,94,1,1,0,0,1,0,0,0,1,0,0,0,1,0,0,0,0,0,0,0,0,0,0
data/audio_wav/093/093008.wav,94,1,1,0,0,1,0,0,0,1,0,0,0,1,0,0,0,0,0,0,0,0,0,0
data/audio_wav/093/093009.wav,94,1,1,0,0,1,0,0,0,1,0,0,0,1,0,0,0,0,0,0,0,0,0,0
data/audio_wav/093/093010.wav,94,1,1,0,0,1,0,0,0,1,0,0,0,1,0,0,0,0,0,0,0,0,0,0
data/audio_wav/093/093011.wav,94,1,1,0,0,1,0,0,0,1,0,0,0,1,0,0,0,0,0,0,0,0,0,0
data/audio_wav/093/093012.wav,94,1,1,0,0,1,0,0,0,1,0,0,0,1,0,0,0,0,0,0,0,0,0,0
data/audio_wav/093/093013.wav,94,1,1,0,0,1,0,0,0,1,0,0,0,1,0,0,0,0,0,0,0,0,0,0
data/audio_wav/093/093014.wav,94,1,1,0,0,1,0,0,0,1,0,0,0,1,0,0,0,0,0,0,0,0,0,0
data/audio_wav/093/093015.wav,94,1,1,0,0,1,0,0,0,1,0,0,0,1,0,0,0,0,0,0,0,0,0,0
data/audio_wav/093/093016.wav,94,1,1,0,0,1,0,0,0,1,0,0,0,1,0,0,0,0,0,0,0,0,0,0
data/audio_wav/093/093017.wav,94,1,1,0,0,1,0,0,0,1,0,0,0,1,0,0,0,0,0,0,0,0,0,0
data/audio_wav/093/093018.wav,94,1,1,0,0,1,0,0,0,1,0,0,0,1,0,0,0,0,0,0,0,0,0,0
data/audio_wav/093/093019.wav,94,1,1,0,0,1,0,0,0,1,0,0,0,1,0,0,0,0,0,0,0,0,0,0
data/audio_wav/093/093020.wav,94,1,1,0,0,1,0,0,0,1,0,0,0,1,0,0,0,0,0,0,0,0,0,0
data/audio_wav/093/093021.wav,94,1,1,0,0,1,0,0,0,1,0,0,0,1,0,0,0,0,0,0,0,0,0,0
data/audio_wav/093/093022.wav,94,1,1,0,0,1,0,0,0,1,0,0,0,1,0,0,0,0,0,0,0,0,0,0
data/audio_wav/093/093023.wav,94,1,1,0,0,1,0,0,0,1,0,0,0,1,0,0,0,0,0,0,0,0,0,0
data/audio_wav/093/093024.wav,94,1,1,0,0,1,0,0,0,1,0,0,0,1,0,0,0,0,0,0,0,0,0,0
data/audio_wav/093/093025.wav,94,1,1,0,0,1,0,0,0,1,0,0,0,1,0,0,0,0,0,0,0,0,0,0
data/audio_wav/093/093026.wav,94,1,1,0,0,1,0,0,0,1,0,0,0,1,0,0,0,0,0,0,0,0,0,0
data/audio_wav/093/093027.wav,94,1,1,0,0,1,0,0,0,1,0,0,0,1,0,0,0,0,0,0,0,0,0,0
data/audio_wav/093/093028.wav,94,1,1,0,0,1,0,0,0,1,0,0,0,1,0,0,0,0,0,0,0,0,0,0
data/audio_wav/093/093029.wav,94,1,1,0,0,1,0,0,0,1,0,0,0,1,0,0,0,0,0,0,0,0,0,0
data/audio_wav/093/093030.wav,94,1,1,0,0,1,0,0,0,1,0,0,0,1,0,0,0,0,0,0,0,0,0,0
data/audio_wav/093/093031.wav,94,1,1,0,0,1,0,0,0,1,0,0,0,1,0,0,0,0,0,0,0,0,0,0
data/audio_wav/093/093032.wav,94,1,1,0,0,1,0,0,0,1,0,0,0,1,0,0,0,0,0,0,0,0,0,0
data/audio_wav/093/093033.wav,94,1,1,0,0,1,0,0,0,1,0,0,0,1,0,0,0,0,0,0,0,0,0,0
data/audio_wav/093/093034.wav,94,1,1,0,0,1,0,0,0,1,0,0,0,1,0,0,0,0,0,0,0,0,0,0
data/audio_wav/093/093035.wav,94,1,1,0,0,1,0,0,0,1,0,0,0,1,0,0,0,0,0,0,0,0,0,0
data/audio_wav/093/093036.wav,94,1,1,0,0,1,0,0,0,1,0,0,0,1,0,0,0,0,0,0,0,0,0,0
data/audio_wav/093/093037.wav,94,1,1,0,0,1,0,0,0,1,0,0,0,1,0,0,0,0,0,0,0,0,0,0
data/audio_wav/093/093038.wav,94,1,1,0,0,1,0,0,0,1,0,0,0,1,0,0,0,0,0,0,0,0,0,0
data/audio_wav/093/093039.wav,94,1,1,0,0,1,0,0,0,1,0,0,0,1,0,0,0,0,0,0,0,0,0,0
data/audio_wav/093/093040.wav,94,1,1,0,0,1,0,0,0,1,0,0,0,1,0,0,0,0,0,0,0,0,0,0
data/audio_wav/093/093041.wav,94,1,1,0,0,1,0,0,0,1,0,0,0,1,0,0,0,0,0,0,0,0,0,0
data/audio_wav/093/093042.wav,94,1,1,0,0,1,0,0,0,1,0,0,0,1,0,0,0,0,0,0,0,0,0,0
data/audio_wav/093/093043.wav,94,1,1,0,0,1,0,0,0,1,0,0,0,1,0,0,0,0,0,0,0,0,0,0
data/audio_wav/093/093044.wav,94,1,1,0,0,1,0,0,0,1,0,0,0,1,0,0,0,0,0,0,0,0,0,0
data/audio_wav/093/093045.wav,94,1,1,0,0,1,0,0,0,1,0,0,0,1,0,0,0,0,0,0,0,0,0,0
data/audio_wav/093/093046.wav,94,1,1,0,0,1,0,0,0,1,0,0,0,1,0,0,0,0,0,0,0,0,0,0
data/audio_wav/093/093047.wav,94,1,1,0,0,1,0,0,0,1,0,0,0,1,0,0,0,0,0,0,0,0,0,0
data/audio_wav/093/093048.wav,94,1,1,0,0,1,0,0,0,1,0,0,0,1,0,0,0,0,0,0,0,0,0,0
data/audio_wav/093/093049.wav,94,1,1,0,0,1,0,0,0,1,0,0,0,1,0,0,0,0,0,0,0,0,0,0
data/audio_wav/094/094000.wav,95,1,1,0,0,1,0,0,0,1,0,0,0,0,1,0,0,0,0,0,0,0,0,0
data/audio_wav/094/094001.wav,95,1,1,0,0,1,0,0,0,1,0,0,0,0,1,0,0,0,0,0,0,0,0,0
data/audio_wav/094/094002.wav,95,1,1,0,0,1,0,0,0,1,0,0,0,0,1,0,0,0,0,0,0,0,0,0
data/audio_wav/094/094003.wav,95,1,1,0,0,1,0,0,0,1,0,0,0,0,1,0,0,0,0,0,0,0,0,0
data/audio_wav/094/094004.wav,95,1,1,0,0,1,0,0,0,1,0,0,0,0,1,0,0,0,0,0,0,0,0,0
data/audio_wav/094/094005.wav,95,1,1,0,0,1,0,0,0,1,0,0,0,0,1,0,0,0,0,0,0,0,0,0
data/audio_wav/094/094006.wav,95,1,1,0,0,1,0,0,0,1,0,0,0,0,1,0,0,0,0,0,0,0,0,0
data/audio_wav/094/094007.wav,95,1,1,0,0,1,0,0,0,1,0,0,0,0,1,0,0,0,0,0,0,0,0,0
data/audio_wav/094/094008.wav,95,1,1,0,0,1,0,0,0,1,0,0,0,0,1,0,0,0,0,0,0,0,0,0
data/audio_wav/094/094009.wav,95,1,1,0,0,1,0,0,0,1,0,0,0,0,1,0,0,0,0,0,0,0,0,0
data/audio_wav/094/094010.wav,95,1,1,0,0,1,0,0,0,1,0,0,0,0,1,0,0,0,0,0,0,0,0,0
data/audio_wav/094/094011.wav,95,1,1,0,0,1,0,0,0,1,0,0,0,0,1,0,0,0,0,0,0,0,0,0
data/audio_wav/094/094012.wav,95,1,1,0,0,1,0,0,0,1,0,0,0,0,1,0,0,0,0,0,0,0,0,0
data/audio_wav/094/094013.wav,95,1,1,0,0,1,0,0,0,1,0,0,0,0,1,0,0,0,0,0,0,0,0,0
data/audio_wav/094/094014.wav,95,1,1,0,0,1,0,0,0,1,0,0,0,0,1,0,0,0,0,0,0,0,0,0
data/audio_wav/094/094015.wav,95,1,1,0,0,1,0,0,0,1,0,0,0,0,1,0,0,0,0,0,0,0,0,0
data/audio_wav/094/094016.wav,95,1,1,0,0,1,0,0,0,1,0,0,0,0,1,0,0,0,0,0,0,0,0,0
data/audio_wav/094/094017.wav,95,1,1,0,0,1,0,0,0,1,0,0,0,0,1,0,0,0,0,0,0,0,0,0
data/audio_wav/094/094018.wav,95,1,1,0,0,1,0,0,0,1,0,0,0,0,1,0,0,0,0,0,0,0,0,0
data/audio_wav/094/094019.wav,95,1,1,0,0,1,0,0,0,1,0,0,0,0,1,0,0,0,0,0,0,0,0,0
data/audio_wav/094/094020.wav,95,1,1,0,0,1,0,0,0,1,0,0,0,0,1,0,0,0,0,0,0,0,0,0
data/audio_wav/094/094021.wav,95,1,1,0,0,1,0,0,0,1,0,0,0,0,1,0,0,0,0,0,0,0,0,0
data/audio_wav/094/094022.wav,95,1,1,0,0,1,0,0,0,1,0,0,0,0,1,0,0,0,0,0,0,0,0,0
data/audio_wav/094/094023.wav,95,1,1,0,0,1,0,0,0,1,0,0,0,0,1,0,0,0,0,0,0,0,0,0
data/audio_wav/094/094024.wav,95,1,1,0,0,1,0,0,0,1,0,0,0,0,1,0,0,0,0,0,0,0,0,0
data/audio_wav/094/094025.wav,95,1,1,0,0,1,0,0,0,1,0,0,0,0,1,0,0,0,0,0,0,0,0,0
data/audio_wav/094/094026.wav,95,1,1,0,0,1,0,0,0,1,0,0,0,0,1,0,0,0,0,0,0,0,0,0
data/audio_wav/094/094027.wav,95,1,1,0,0,1,0,0,0,1,0,0,0,0,1,0,0,0,0,0,0,0,0,0
data/audio_wav/094/094028.wav,95,1,1,0,0,1,0,0,0,1,0,0,0,0,1,0,0,0,0,0,0,0,0,0
data/audio_wav/094/094029.wav,95,1,1,0,0,1,0,0,0,1,0,0,0,0,1,0,0,0,0,0,0,0,0,0
data/audio_wav/094/094030.wav,95,1,1,0,0,1,0,0,0,1,0,0,0,0,1,0,0,0,0,0,0,0,0,0
data/audio_wav/094/094031.wav,95,1,1,0,0,1,0,0,0,1,0,0,0,0,1,0,0,0,0,0,0,0,0,0
data/audio_wav/094/094032.wav,95,1,1,0,0,1,0,0,0,1,0,0,0,0,1,0,0,0,0,0,0,0,0,0
data/audio_wav/094/094033.wav,95,1,1,0,0,1,0,0,0,1,0,0,0,0,1,0,0,0,0,0,0,0,0,0
data/audio_wav/094/094034.wav,95,1,1,0,0,1,0,0,0,1,0,0,0,0,1,0,0,0,0,0,0,0,0,0
data/audio_wav/094/094035.wav,95,1,1,0,0,1,0,0,0,1,0,0,0,0,1,0,0,0,0,0,0,0,0,0
data/audio_wav/094/094036.wav,95,1,1,0,0,1,0,0,0,1,0,0,0,0,1,0,0,0,0,0,0,0,0,0
data/audio_wav/094/094037.wav,95,1,1,0,0,1,0,0,0,1,0,0,0,0,1,0,0,0,0,0,0,0,0,0
data/audio_wav/094/094038.wav,95,1,1,0,0,1,0,0,0,1,0,0,0,0,1,0,0,0,0,0,0,0,0,0
data/audio_wav/094/094039.wav,95,1,1,0,0,1,0,0,0,1,0,0,0,0,1,0,0,0,0,0,0,0,0,0
data/audio_wav/094/094040.wav,95,1,1,0,0,1,0,0,0,1,0,0,0,0,1,0,0,0,0,0,0,0,0,0
data/audio_wav/094/094041.wav,95,1,1,0,0,1,0,0,0,1,0,0,0,0,1,0,0,0,0,0,0,0,0,0
data/audio_wav/094/094042.wav,95,1,1,0,0,1,0,0,0,1,0,0,0,0,1,0,0,0,0,0,0,0,0,0
data/audio_wav/094/094043.wav,95,1,1,0,0,1,0,0,0,1,0,0,0,0,1,0,0,0,0,0,0,0,0,0
data/audio_wav/094/094044.wav,95,1,1,0,0,1,0,0,0,1,0,0,0,0,1,0,0,0,0,0,0,0,0,0
data/audio_wav/094/094045.wav,95,1,1,0,0,1,0,0,0,1,0,0,0,0,1,0,0,0,0,0,0,0,0,0
data/audio_wav/094/094046.wav,95,1,1,0,0,1,0,0,0,1,0,0,0,0,1,0,0,0,0,0,0,0,0,0
data/audio_wav/094/094047.wav,95,1,1,0,0,1,0,0,0,1,0,0,0,0,1,0,0,0,0,0,0,0,0,0
data/audio_wav/094/094048.wav,95,1,1,0,0,1,0,0,0,1,0,0,0,0,1,0,0,0,0,0,0,0,0,0
data/audio_wav/094/094049.wav,95,1,1,0,0,1,0,0,0,1,0,0,0,0,1,0,0,0,0,0,0,0,0,0
data/audio_wav/095/095000.wav,96,1,1,0,0,1,0,0,0,1,0,0,0,0,0,1,0,0,0,0,0,0,0,0
data/audio_wav/095/095001.wav,96,1,1,0,0,1,0,0,0,1,0,0,0,0,0,1,0,0,0,0,0,0,0,0
data/audio_wav/095/095002.wav,96,1,1,0,0,1,0,0,0,1,0,0,0,0,0,1,0,0,0,0,0,0,0,0
data/audio_wav/095/095003.wav,96,1,1,0,0,1,0,0,0,1,0,0,0,0,0,1,0,0,0,0,0,0,0,0
data/audio_wav/095/095004.wav,96,1,1,0,0,1,0,0,0,1,0,0,0,0,0,1,0,0,0,0,0,0,0,0
data/audio_wav/095/095005.wav,96,1,1,0,0,1,0,0,0,1,0,0,0,0,0,1,0,0,0,0,0,0,0,0
data/audio_wav/095/095006.wav,96,1,1,0,0,1,0,0,0,1,0,0,0,0,0,1,0,0,0,0,0,0,0,0
data/audio_wav/095/095007.wav,96,1,1,0,0,1,0,0,0,1,0,0,0,0,0,1,0,0,0,0,0,0,0,0
data/audio_wav/095/095008.wav,96,1,1,0,0,1,0,0,0,1,0,0,0,0,0,1,0,0,0,0,0,0,0,0
data/audio_wav/095/095009.wav,96,1,1,0,0,1,0,0,0,1,0,0,0,0,0,1,0,0,0,0,0,0,0,0
data/audio_wav/095/095010.wav,96,1,1,0,0,1,0,0,0,1,0,0,0,0,0,1,0,0,0,0,0,0,0,0
data/audio_wav/095/095011.wav,96,1,1,0,0,1,0,0,0,1,0,0,0,0,0,1,0,0,0,0,0,0,0,0
data/audio_wav/095/095012.wav,96,1,1,0,0,1,0,0,0,1,0,0,0,0,0,1,0,0,0,0,0,0,0,0
data/audio_wav/095/095013.wav,96,1,1,0,0,1,0,0,0,1,0,0,0,0,0,1,0,0,0,0,0,0,0,0
data/audio_wav/095/095014.wav,96,1,1,0,0,1,0,0,0,1,0,0,0,0,0,1,0,0,0,0,0,0,0,0
data/audio_wav/095/095015.wav,96,1,1,0,0,1,0,0,0,1,0,0,0,0,0,1,0,0,0,0,0,0,0,0
data/audio_wav/095/095016.wav,96,1,1,0,0,1,0,0,0,1,0,0,0,0,0,1,0,0,0,0,0,0,0,0
data/audio_wav/095/095017.wav,96,1,1,0,0,1,0,0,0,1,0,0,0,0,0,1,0,0,0,0,0,0,0,0
data/audio_wav/095/095018.wav,96,1,1,0,0,1,0,0,0,1,0,0,0,0,0,1,0,0,0,0,0,0,0,0
data/audio_wav/095/095019.wav,96,1,1,0,0,1,0,0,0,1,0,0,0,0,0,1,0,0,0,0,0,0,0,0
data/audio_wav/095/095020.wav,96,1,1,0,0,1,0,0,0,1,0,0,0,0,0,1,0,0,0,0,0,0,0,0
data/audio_wav/095/095021.wav,96,1,1,0,0,1,0,0,0,1,0,0,0,0,0,1,0,0,0,0,0,0,0,0
data/audio_wav/095/095022.wav,96,1,1,0,0,1,0,0,0,1,0,0,0,0,0,1,0,0,0,0,0,0,0,0
data/audio_wav/095/095023.wav,96,1,1,0,0,1,0,0,0,1,0,0,0,0,0,1,0,0,0,0,0,0,0,0
data/audio_wav/095/095024.wav,96,1,1,0,0,1,0,0,0,1,0,0,0,0,0,1,0,0,0,0,0,0,0,0
data/audio_wav/095/095025.wav,96,1,1,0,0,1,0,0,0,1,0,0,0,0,0,1,0,0,0,0,0,0,0,0
data/audio_wav/095/095026.wav,96,1,1,0,0,1,0,0,0,1,0,0,0,0,0,1,0,0,0,0,0,0,0,0
data/audio_wav/095/095027.wav,96,1,1,0,0,1,0,0,0,1,0,0,0,0,0,1,0,0,0,0,0,0,0,0
data/audio_wav/095/095028.wav,96,1,1,0,0,1,0,0,0,1,0,0,0,0,0,1,0,0,0,0,0,0,0,0
data/audio_wav/095/095029.wav,96,1,1,0,0,1,0,0,0,1,0,0,0,0,0,1,0,0,0,0,0,0,0,0
data/audio_wav/095/095030.wav,96,1,1,0,0,1,0,0,0,1,0,0,0,0,0,1,0,0,0,0,0,0,0,0
data/audio_wav/095/095031.wav,96,1,1,0,0,1,0,0,0,1,0,0,0,0,0,1,0,0,0,0,0,0,0,0
data/audio_wav/095/095032.wav,96,1,1,0,0,1,0,0,0,1,0,0,0,0,0,1,0,0,0,0,0,0,0,0
data/audio_wav/095/095033.wav,96,1,1,0,0,1,0,0,0,1,0,0,0,0,0,1,0,0,0,0,0,0,0,0
data/audio_wav/095/095034.wav,96,1,1,0,0,1,0,0,0,1,0,0,0,0,0,1,0,0,0,0,0,0,0,0
data/audio_wav/095/095035.wav,96,1,1,0,0,1,0,0,0,1,0,0,0,0,0,1,0,0,0,0,0,0,0,0
data/audio_wav/095/095036.wav,96,1,1,0,0,1,0,0,0,1,0,0,0,0,0,1,0,0,0,0,0,0,0,0
data/audio_wav/095/095037.wav,96,1,1,0,0,1,0,0,0,1,0,0,0,0,0,1,0,0,0,0,0,0,0,0
data/audio_wav/095/095038.wav,96,1,1,0,0,1,0,0,0,1,0,0,0,0,0,1,0,0,0,0,0,0,0,0
data/audio_wav/095/095039.wav,96,1,1,0,0,1,0,0,0,1,0,0,0,0,0,1,0,0,0,0,0,0,0,0
data/audio_wav/095/095040.wav,96,1,1,0,0,1,0,0,0,1,0,0,0,0,0,1,0,0,0,0,0,0,0,0
data/audio_wav/095/095041.wav,96,1,1,0,0,1,0,0,0,1,0,0,0,0,0,1,0,0,0,0,0,0,0,0
data/audio_wav/095/095042.wav,96,1,1,0,0,1,0,0,0,1,0,0,0,0,0,1,0,0,0,0,0,0,0,0
data/audio_wav/095/095043.wav,96,1,1,0,0,1,0,0,0,1,0,0,0,0,0,1,0,0,0,0,0,0,0,0
data/audio_wav/095/095044.wav,96,1,1,0,0,1,0,0,0,1,0,0,0,0,0,1,0,0,0,0,0,0,0,0
data/audio_wav/095/095045.wav,96,1,1,0,0,1,0,0,0,1,0,0,0,0,0,1,0,0,0,0,0,0,0,0
data/audio_wav/095/095046.wav,96,1,1,0,0,1,0,0,0,1,0,0,0,0,0,1,0,0,0,0,0,0,0,0
data/audio_wav/095/095047.wav,96,1,1,0,0,1,0,0,0,1,0,0,0,0,0,1,0,0,0,0,0,0,0,0
data/audio_wav/095/095048.wav,96,1,1,0,0,1,0,0,0,1,0,0,0,0,0,1,0,0,0,0,0,0,0,0
data/audio_wav/095/095049.wav,96,1,1,0,0,1,0,0,0,1,0,0,0,0,0,1,0,0,0,0,0,0,0,0
data/audio_wav/096/096000.wav,97,1,1,0,0,1,0,0,0,1,0,0,0,0,0,0,1,0,0,0,0,0,0,0
data/audio_wav/096/096001.wav,97,1,1,0,0,1,0,0,0,1,0,0,0,0,0,0,1,0,0,0,0,0,0,0
data/audio_wav/096/096002.wav,97,1,1,0,0,1,0,0,0,1,0,0,0,0,0,0,1,0,0,0,0,0,0,0
data/audio_wav/096/096003.wav,97,1,1,0,0,1,0,0,0,1,0,0,0,0,0,0,1,0,0,0,0,0,0,0
data/audio_wav/096/096004.wav,97,1,1,0,0,1,0,0,0,1,0,0,0,0,0,0,1,0,0,0,0,0,0,0
data/audio_wav/096/096005.wav,97,1,1,0,0,1,0,0,0,1,0,0,0,0,0,0,1,0,0,0,0,0,0,0
data/audio_wav/096/096006.wav,97,1,1,0,0,1,0,0,0,1,0,0,0,0,0,0,1,0,0,0,0,0,0,0
data/audio_wav/096/096007.wav,97,1,1,0,0,1,0,0,0,1,0,0,0,0,0,0,1,0,0,0,0,0,0,0
data/audio_wav/096/096008.wav,97,1,1,0,0,1,0,0,0,1,0,0,0,0,0,0,1,0,0,0,0,0,0,0
data/audio_wav/096/096009.wav,97,1,1,0,0,1,0,0,0,1,0,0,0,0,0,0,1,0,0,0,0,0,0,0
data/audio_wav/096/096010.wav,97,1,1,0,0,1,0,0,0,1,0,0,0,0,0,0,1,0,0,0,0,0,0,0
data/audio_wav/096/096011.wav,97,1,1,0,0,1,0,0,0,1,0,0,0,0,0,0,1,0,0,0,0,0,0,0
data/audio_wav/096/096012.wav,97,1,1,0,0,1,0,0,0,1,0,0,0,0,0,0,1,0,0,0,0,0,0,0
data/audio_wav/096/096013.wav,97,1,1,0,0,1,0,0,0,1,0,0,0,0,0,0,1,0,0,0,0,0,0,0
data/audio_wav/096/096014.wav,97,1,1,0,0,1,0,0,0,1,0,0,0,0,0,0,1,0,0,0,0,0,0,0
data/audio_wav/096/096015.wav,97,1,1,0,0,1,0,0,0,1,0,0,0,0,0,0,1,0,0,0,0,0,0,0
data/audio_wav/096/096016.wav,97,1,1,0,0,1,0,0,0,1,0,0,0,0,0,0,1,0,0,0,0,0,0,0
data/audio_wav/096/096017.wav,97,1,1,0,0,1,0,0,0,1,0,0,0,0,0,0,1,0,0,0,0,0,0,0
data/audio_wav/096/096018.wav,97,1,1,0,0,1,0,0,0,1,0,0,0,0,0,0,1,0,0,0,0,0,0,0
data/audio_wav/096/096019.wav,97,1,1,0,0,1,0,0,0,1,0,0,0,0,0,0,1,0,0,0,0,0,0,0
data/audio_wav/096/096020.wav,97,1,1,0,0,1,0,0,0,1,0,0,0,0,0,0,1,0,0,0,0,0,0,0
data/audio_wav/096/096021.wav,97,1,1,0,0,1,0,0,0,1,0,0,0,0,0,0,1,0,0,0,0,0,0,0
data/audio_wav/096/096022.wav,97,1,1,0,0,1,0,0,0,1,0,0,0,0,0,0,1,0,0,0,0,0,0,0
data/audio_wav/096/096023.wav,97,1,1,0,0,1,0,0,0,1,0,0,0,0,0,0,1,0,0,0,0,0,0,0
data/audio_wav/096/096024.wav,97,1,1,0,0,1,0,0,0,1,0,0,0,0,0,0,1,0,0,0,0,0,0,0
data/audio_wav/096/096025.wav,97,1,1,0,0,1,0,0,0,1,0,0,0,0,0,0,1,0,0,0,0,0,0,0
data/audio_wav/096/096026.wav,97,1,1,0,0,1,0,0,0,1,0,0,0,0,0,0,1,0,0,0,0,0,0,0
data/audio_wav/096/096027.wav,97,1,1,0,0,1,0,0,0,1,0,0,0,0,0,0,1,0,0,0,0,0,0,0
data/audio_wav/096/096028.wav,97,1,1,0,0,1,0,0,0,1,0,0,0,0,0,0,1,0,0,0,0,0,0,0
data/audio_wav/096/096029.wav,97,1,1,0,0,1,0,0,0,1,0,0,0,0,0,0,1,0,0,0,0,0,0,0
data/audio_wav/096/096030.wav,97,1,1,0,0,1,0,0,0,1,0,0,0,0,0,0,1,0,0,0,0,0,0,0
data/audio_wav/096/096031.wav,97,1,1,0,0,1,0,0,0,1,0,0,0,0,0,0,1,0,0,0,0,0,0,0
data/audio_wav/096/096032.wav,97,1,1,0,0,1,0,0,0,1,0,0,0,0,0,0,1,0,0,0,0,0,0,0
data/audio_wav/096/096033.wav,97,1,1,0,0,1,0,0,0,1,0,0,0,0,0,0,1,0,0,0,0,0,0,0
data/audio_wav/096/096034.wav,97,1,1,0,0,1,0,0,0,1,0,0,0,0,0,0,1,0,0,0,0,0,0,0
data/audio_wav/096/096035.wav,97,1,1,0,0,1,0,0,0,1,0,0,0,0,0,0,1,0,0,0,0,0,0,0
data/audio_wav/096/096036.wav,97,1,1,0,0,1,0,0,0,1,0,0,0,0,0,0,1,0,0,0,0,0,0,0
data/audio_wav/096/096037.wav,97,1,1,0,0,1,0,0,0,1,0,0,0,0,0,0,1,0,0,0,0,0,0,0
data/audio_wav/096/096038.wav,97,1,1,0,0,1,0,0,0,1,0,0,0,0,0,0,1,0,0,0,0,0,0,0
data/audio_wav/096/096039.wav,97,1,1,0,0,1,0,0,0,1,0,0,0,0,0,0,1,0,0,0,0,0,0,0
data/audio_wav/096/096040.wav,97,1,1,0,0,1,0,0,0,1,0,0,0,0,0,0,1,0,0,0,0,0,0,0
data/audio_wav/096/096041.wav,97,1,1,0,0,1,0,0,0,1,0,0,0,0,0,0,1,0,0,0,0,0,0,0
data/audio_wav/096/096042.wav,97,1,1,0,0,1,0,0,0,1,0,0,0,0,0,0,1,0,0,0,0,0,0,0
data/audio_wav/096/096043.wav,97,1,1,0,0,1,0,0,0,1,0,0,0,0,0,0,1,0,0,0,0,0,0,0
data/audio_wav/096/096044.wav,97,1,1,0,0,1,0,0,0,1,0,0,0,0,0,0,1,0,0,0,0,0,0,0
data/audio_wav/096/096045.wav,97,1,1,0,0,1,0,0,0,1,0,0,0,0,0,0,1,0,0,0,0,0,0,0
data/audio_wav/096/096046.wav,97,1,1,0,0,1,0,0,0,1,0,0,0,0,0,0,1,0,0,0,0,0,0,0
data/audio_wav/096/096047.wav,97,1,1,0,0,1,0,0,0,1,0,0,0,0,0,0,1,0,0,0,0,0,0,0
data/audio_wav/096/096048.wav,97,1,1,0,0,1,0,0,0,1,0,0,0,0,0,0,1,0,0,0,0,0,0,0
data/audio_wav/096/096049.wav,97,1,1,0,0,1,0,0,0,1,0,0,0,0,0,0,1,0,0,0,0,0,0,0
data/audio_wav/097/097000.wav,98,0,0,0,0,1,0,0,0,1,0,0,0,0,0,0,0,1,0,0,0,0,0,0
data/audio_wav/097/097001.wav,98,0,0,0,0,1,0,0,0,1,0,0,0,0,0,0,0,1,0,0,0,0,0,0
data/audio_wav/097/097002.wav,98,0,0,0,0,1,0,0,0,1,0,0,0,0,0,0,0,1,0,0,0,0,0,0
data/audio_wav/097/097003.wav,98,0,0,0,0,1,0,0,0,1,0,0,0,0,0,0,0,1,0,0,0,0,0,0
data/audio_wav/097/097004.wav,98,0,0,0,0,1,0,0,0,1,0,0,0,0,0,0,0,1,0,0,0,0,0,0
data/audio_wav/097/097005.wav,98,0,0,0,0,1,0,0,0,1,0,0,0,0,0,0,0,1,0,0,0,0,0,0
data/audio_wav/097/097006.wav,98,0,0,0,0,1,0,0,0,1,0,0,0,0,0,0,0,1,0,0,0,0,0,0
data/audio_wav/097/097007.wav,98,0,0,0,0,1,0,0,0,1,0,0,0,0,0,0,0,1,0,0,0,0,0,0
data/audio_wav/097/097008.wav,98,0,0,0,0,1,0,0,0,1,0,0,0,0,0,0,0,1,0,0,0,0,0,0
data/audio_wav/097/097009.wav,98,0,0,0,0,1,0,0,0,1,0,0,0,0,0,0,0,1,0,0,0,0,0,0
data/audio_wav/097/097010.wav,98,0,0,0,0,1,0,0,0,1,0,0,0,0,0,0,0,1,0,0,0,0,0,0
data/audio_wav/097/097011.wav,98,0,0,0,0,1,0,0,0,1,0,0,0,0,0,0,0,1,0,0,0,0,0,0
data/audio_wav/097/097012.wav,98,0,0,0,0,1,0,0,0,1,0,0,0,0,0,0,0,1,0,0,0,0,0,0
data/audio_wav/097/097013.wav,98,0,0,0,0,1,0,0,0,1,0,0,0,0,0,0,0,1,0,0,0,0,0,0
data/audio_wav/097/097014.wav,98,0,0,0,0,1,0,0,0,1,0,0,0,0,0,0,0,1,0,0,0,0,0,0
data/audio_wav/097/097015.wav,98,0,0,0,0,1,0,0,0,1,0,0,0,0,0,0,0,1,0,0,0,0,0,0
data/audio_wav/097/097016.wav,98,0,0,0,0,1,0,0,0,1,0,0,0,0,0,0,0,1,0,0,0,0,0,0
data/audio_wav/097/097017.wav,98,0,0,0,0,1,0,0,0,1,0,0,0,0,0,0,0,1,0,0,0,0,0,0
data/audio_wav/097/097018.wav,98,0,0,0,0,1,0,0,0,1,0,0,0,0,0,0,0,1,0,0,0,0,0,0
data/audio_wav/097/097019.wav,98,0,0,0,0,1,0,0,0,1,0,0,0,0,0,0,0,1,0,0,0,0,0,0
data/audio_wav/097/097020.wav,98,0,0,0,0,1,0,0,0,1,0,0,0,0,0,0,0,1,0,0,0,0,0,0
data/audio_wav/097/097021.wav,98,0,0,0,0,1,0,0,0,1,0,0,0,0,0,0,0,1,0,0,0,0,0,0
data/audio_wav/097/097022.wav,98,0,0,0,0,1,0,0,0,1,0,0,0,0,0,0,0,1,0,0,0,0,0,0
data/audio_wav/097/097023.wav,98,0,0,0,0,1,0,0,0,1,0,0,0,0,0,0,0,1,0,0,0,0,0,0
data/audio_wav/097/097024.wav,98,0,0,0,0,1,0,0,0,1,0,0,0,0,0,0,0,1,0,0,0,0,0,0
data/audio_wav/097/097025.wav,98,0,0,0,0,1,0,0,0,1,0,0,0,0,0,0,0,1,0,0,0,0,0,0
data/audio_wav/097/097026.wav,98,0,0,0,0,1,0,0,0,1,0,0,0,0,0,0,0,1,0,0,0,0,0,0
data/audio_wav/097/097027.wav,98,0,0,0,0,1,0,0,0,1,0,0,0,0,0,0,0,1,0,0,0,0,0,0
data/audio_wav/097/097028.wav,98,0,0,0,0,1,0,0,0,1,0,0,0,0,0,0,0,1,0,0,0,0,0,0
data/audio_wav/097/097029.wav,98,0,0,0,0,1,0,0,0,1,0,0,0,0,0,0,0,1,0,0,0,0,0,0
data/audio_wav/097/097030.wav,98,0,0,0,0,1,0,0,0,1,0,0,0,0,0,0,0,1,0,0,0,0,0,0
data/audio_wav/097/097031.wav,98,0,0,0,0,1,0,0,0,1,0,0,0,0,0,0,0,1,0,0,0,0,0,0
data/audio_wav/097/097032.wav,98,0,0,0,0,1,0,0,0,1,0,0,0,0,0,0,0,1,0,0,0,0,0,0
data/audio_wav/097/097033.wav,98,0,0,0,0,1,0,0,0,1,0,0,0,0,0,0,0,1,0,0,0,0,0,0
data/audio_wav/097/097034.wav,98,0,0,0,0,1,0,0,0,1,0,0,0,0,0,0,0,1,0,0,0,0,0,0
data/audio_wav/097/097035.wav,98,0,0,0,0,1,0,0,0,1,0,0,0,0,0,0,0,1,0,0,0,0,0,0
data/audio_wav/097/097036.wav,98,0,0,0,0,1,0,0,0,1,0,0,0,0,0,0,0,1,0,0,0,0,0,0
data/audio_wav/097/097037.wav,98,0,0,0,0,1,0,0,0,1,0,0,0,0,0,0,0,1,0,0,0,0,0,0
data/audio_wav/097/097038.wav,98,0,0,0,0,1,0,0,0,1,0,0,0,0,0,0,0,1,0,0,0,0,0,0
data/audio_wav/097/097039.wav,98,0,0,0,0,1,0,0,0,1,0,0,0,0,0,0,0,1,0,0,0,0,0,0
data/audio_wav/097/097040.wav,98,0,0,0,0,1,0,0,0,1,0,0,0,0,0,0,0,1,0,0,0,0,0,0
data/audio_wav/097/097041.wav,98,0,0,0,0,1,0,0,0,1,0,0,0,0,0,0,0,1,0,0,0,0,0,0
data/audio_wav/097/097042.wav,98,0,0,0,0,1,0,0,0,1,0,0,0,0,0,0,0,1,0,0,0,0,0,0
data/audio_wav/097/097043.wav,98,0,0,0,0,1,0,0,0,1,0,0,0,0,0,0,0,1,0,0,0,0,0,0
data/audio_wav/097/097044.wav,98,0,0,0,0,1,0,0,0,1,0,0,0,0,0,0,0,1,0,0,0,0,0,0
data/audio_wav/097/097045.wav,98,0,0,0,0,1,0,0,0,1,0,0,0,0,0,0,0,1,0,0,0,0,0,0
data/audio_wav/097/097046.wav,98,0,0,0,0,1,0,0,0,1,0,0,0,0,0,0,0,1,0,0,0,0,0,0
data/audio_wav/097/097047.wav,98,0,0,0,0,1,0,0,0,1,0,0,0,0,0,0,0,1,0,0,0,0,0,0
data/audio_wav/097/097048.wav,98,0,0,0,0,1,0,0,0,1,0,0,0,0,0,0,0,1,0,0,0,0,0,0
data/audio_wav/097/097049.wav,98,0,0,0,0,1,0,0,0,1,0,0,0,0,0,0,0,1,0,0,0,0,0,0
data/audio_wav/098/098000.wav,99,1,2,0,0,1,0,0,0,1,0,0,0,0,0,0,0,0,1,0,0,0,0,0
data/audio_wav/098/098001.wav,99,1,2,0,0,1,0,0,0,1,0,0,0,0,0,0,0,0,1,0,0,0,0,0
data/audio_wav/098/098002.wav,99,1,2,0,0,1,0,0,0,1,0,0,0,0,0,0,0,0,1,0,0,0,0,0
data/audio_wav/098/098003.wav,99,1,2,0,0,1,0,0,0,1,0,0,0,0,0,0,0,0,1,0,0,0,0,0
data/audio_wav/098/098004.wav,99,1,2,0,0,1,0,0,0,1,0,0,0,0,0,0,0,0,1,0,0,0,0,0
data/audio_wav/098/098005.wav,99,1,2,0,0,1,0,0,0,1,0,0,0,0,0,0,0,0,1,0,0,0,0,0
data/audio_wav/098/098006.wav,99,1,2,0,0,1,0,0,0,1,0,0,0,0,0,0,0,0,1,0,0,0,0,0
data/audio_wav/098/098007.wav,99,1,2,0,0,1,0,0,0,1,0,0,0,0,0,0,0,0,1,0,0,0,0,0
data/audio_wav/098/098008.wav,99,1,2,0,0,1,0,0,0,1,0,0,0,0,0,0,0,0,1,0,0,0,0,0
data/audio_wav/098/098009.wav,99,1,2,0,0,1,0,0,0,1,0,0,0,0,0,0,0,0,1,0,0,0,0,0
data/audio_wav/098/098010.wav,99,1,2,0,0,1,0,0,0,1,0,0,0,0,0,0,0,0,1,0,0,0,0,0
data/audio_wav/098/098011.wav,99,1,2,0,0,1,0,0,0,1,0,0,0,0,0,0,0,0,1,0,0,0,0,0
data/audio_wav/098/098012.wav,99,1,2,0,0,1,0,0,0,1,0,0,0,0,0,0,0,0,1,0,0,0,0,0
data/audio_wav/098/098013.wav,99,1,2,0,0,1,0,0,0,1,0,0,0,0,0,0,0,0,1,0,0,0,0,0
data/audio_wav/098/098014.wav,99,1,2,0,0,1,0,0,0,1,0,0,0,0,0,0,0,0,1,0,0,0,0,0
data/audio_wav/098/098015.wav,99,1,2,0,0,1,0,0,0,1,0,0,0,0,0,0,0,0,1,0,0,0,0,0
data/audio_wav/098/098016.wav,99,1,2,0,0,1,0,0,0,1,0,0,0,0,0,0,0,0,1,0,0,0,0,0
data/audio_wav/098/098017.wav,99,1,2,0,0,1,0,0,0,1,0,0,0,0,0,0,0,0,1,0,0,0,0,0
data/audio_wav/098/098018.wav,99,1,2,0,0,1,0,0,0,1,0,0,0,0,0,0,0,0,1,0,0,0,0,0
data/audio_wav/098/098019.wav,99,1,2,0,0,1,0,0,0,1,0,0,0,0,0,0,0,0,1,0,0,0,0,0
data/audio_wav/098/098020.wav,99,1,2,0,0,1,0,0,0,1,0,0,0,0,0,0,0,0,1,0,0,0,0,0
data/audio_wav/098/098021.wav,99,1,2,0,0,1,0,0,0,1,0,0,0,0,0,0,0,0,1,0,0,0,0,0
data/audio_wav/098/098022.wav,99,1,2,0,0,1,0,0,0,1,0,0,0,0,0,0,0,0,1,0,0,0,0,0
data/audio_wav/098/098023.wav,99,1,2,0,0,1,0,0,0,1,0,0,0,0,0,0,0,0,1,0,0,0,0,0
data/audio_wav/098/098024.wav,99,1,2,0,0,1,0,0,0,1,0,0,0,0,0,0,0,0,1,0,0,0,0,0
data/audio_wav/098/098025.wav,99,1,2,0,0,1,0,0,0,1,0,0,0,0,0,0,0,0,1,0,0,0,0,0
data/audio_wav/098/098026.wav,99,1,2,0,0,1,0,0,0,1,0,0,0,0,0,0,0,0,1,0,0,0,0,0
data/audio_wav/098/098027.wav,99,1,2,0,0,1,0,0,0,1,0,0,0,0,0,0,0,0,1,0,0,0,0,0
data/audio_wav/098/098028.wav,99,1,2,0,0,1,0,0,0,1,0,0,0,0,0,0,0,0,1,0,0,0,0,0
data/audio_wav/098/098029.wav,99,1,2,0,0,1,0,0,0,1,0,0,0,0,0,0,0,0,1,0,0,0,0,0
data/audio_wav/098/098030.wav,99,1,2,0,0,1,0,0,0,1,0,0,0,0,0,0,0,0,1,0,0,0,0,0
data/audio_wav/098/098031.wav,99,1,2,0,0,1,0,0,0,1,0,0,0,0,0,0,0,0,1,0,0,0,0,0
data/audio_wav/098/098032.wav,99,1,2,0,0,1,0,0,0,1,0,0,0,0,0,0,0,0,1,0,0,0,0,0
data/audio_wav/098/098033.wav,99,1,2,0,0,1,0,0,0,1,0,0,0,0,0,0,0,0,1,0,0,0,0,0
data/audio_wav/098/098034.wav,99,1,2,0,0,1,0,0,0,1,0,0,0,0,0,0,0,0,1,0,0,0,0,0
data/audio_wav/098/098035.wav,99,1,2,0,0,1,0,0,0,1,0,0,0,0,0,0,0,0,1,0,0,0,0,0
data/audio_wav/098/098036.wav,99,1,2,0,0,1,0,0,0,1,0,0,0,0,0,0,0,0,1,0,0,0,0,0
data/audio_wav/098/098037.wav,99,1,2,0,0,1,0,0,0,1,0,0,0,0,0,0,0,0,1,0,0,0,0,0
data/audio_wav/098/098038.wav,99,1,2,0,0,1,0,0,0,1,0,0,0,0,0,0,0,0,1,0,0,0,0,0
data/audio_wav/098/098039.wav,99,1,2,0,0,1,0,0,0,1,0,0,0,0,0,0,0,0,1,0,0,0,0,0
data/audio_wav/098/098040.wav,99,1,2,0,0,1,0,0,0,1,0,0,0,0,0,0,0,0,1,0,0,0,0,0
data/audio_wav/098/098041.wav,99,1,2,0,0,1,0,0,0,1,0,0,0,0,0,0,0,0,1,0,0,0,0,0
data/audio_wav/098/098042.wav,99,1,2,0,0,1,0,0,0,1,0,0,0,0,0,0,0,0,1,0,0,0,0,0
data/audio_wav/098/098043.wav,99,1,2,0,0,1,0,0,0,1,0,0,0,0,0,0,0,0,1,0,0,0,0,0
data/audio_wav/098/098044.wav,99,1,2,0,0,1,0,0,0,1,0,0,0,0,0,0,0,0,1,0,0,0,0,0
data/audio_wav/098/098045.wav,99,1,2,0,0,1,0,0,0,1,0,0,0,0,0,0,0,0,1,0,0,0,0,0
data/audio_wav/098/098046.wav,99,1,2,0,0,1,0,0,0,1,0,0,0,0,0,0,0,0,1,0,0,0,0,0
data/audio_wav/098/098047.wav,99,1,2,0,0,1,0,0,0,1,0,0,0,0,0,0,0,0,1,0,0,0,0,0
data/audio_wav/098/098048.wav,99,1,2,0,0,1,0,0,0,1,0,0,0,0,0,0,0,0,1,0,0,0,0,0
data/audio_wav/098/098049.wav,99,1,2,0,0,1,0,0,0,1,0,0,0,0,0,0,0,0,1,0,0,0,0,0
data/audio_wav/099/099000.wav,100,1,1,0,0,1,0,0,0,1,0,0,0,0,0,0,0,0,0,1,0,0,0,0
data/audio_wav/099/099001.wav,100,1,1,0,0,1,0,0,0,1,0,0,0,0,0,0,0,0,0,1,0,0,0,0
data/audio_wav/099/099002.wav,100,1,1,0,0,1,0,0,0,1,0,0,0,0,0,0,0,0,0,1,0,0,0,0
data/audio_wav/099/099003.wav,100,1,1,0,0,1,0,0,0,1,0,0,0,0,0,0,0,0,0,1,0,0,0,0
data/audio_wav/099/099004.wav,100,1,1,0,0,1,0,0,0,1,0,0,0,0,0,0,0,0,0,1,0,0,0,0
data/audio_wav/099/099005.wav,100,1,1,0,0,1,0,0,0,1,0,0,0,0,0,0,0,0,0,1,0,0,0,0
data/audio_wav/099/099006.wav,100,1,1,0,0,1,0,0,0,1,0,0,0,0,0,0,0,0,0,1,0,0,0,0
data/audio_wav/099/099007.wav,100,1,1,0,0,1,0,0,0,1,0,0,0,0,0,0,0,0,0,1,0,0,0,0
data/audio_wav/099/099008.wav,100,1,1,0,0,1,0,0,0,1,0,0,0,0,0,0,0,0,0,1,0,0,0,0
data/audio_wav/099/099009.wav,100,1,1,0,0,1,0,0,0,1,0,0,0,0,0,0,0,0,0,1,0,0,0,0
data/audio_wav/099/099010.wav,100,1,1,0,0,1,0,0,0,1,0,0,0,0,0,0,0,0,0,1,0,0,0,0
data/audio_wav/099/099011.wav,100,1,1,0,0,1,0,0,0,1,0,0,0,0,0,0,0,0,0,1,0,0,0,0
data/audio_wav/099/099012.wav,100,1,1,0,0,1,0,0,0,1,0,0,0,0,0,0,0,0,0,1,0,0,0,0
data/audio_wav/099/099013.wav,100,1,1,0,0,1,0,0,0,1,0,0,0,0,0,0,0,0,0,1,0,0,0,0
data/audio_wav/099/099014.wav,100,1,1,0,0,1,0,0,0,1,0,0,0,0,0,0,0,0,0,1,0,0,0,0
data/audio_wav/099/099015.wav,100,1,1,0,0,1,0,0,0,1,0,0,0,0,0,0,0,0,0,1,0,0,0,0
data/audio_wav/099/099016.wav,100,1,1,0,0,1,0,0,0,1,0,0,0,0,0,0,0,0,0,1,0,0,0,0
data/audio_wav/099/099017.wav,100,1,1,0,0,1,0,0,0,1,0,0,0,0,0,0,0,0,0,1,0,0,0,0
data/audio_wav/099/099018.wav,100,1,1,0,0,1,0,0,0,1,0,0,0,0,0,0,0,0,0,1,0,0,0,0
data/audio_wav/099/099019.wav,100,1,1,0,0,1,0,0,0,1,0,0,0,0,0,0,0,0,0,1,0,0,0,0
data/audio_wav/099/099020.wav,100,1,1,0,0,1,0,0,0,1,0,0,0,0,0,0,0,0,0,1,0,0,0,0
data/audio_wav/099/099021.wav,100,1,1,0,0,1,0,0,0,1,0,0,0,0,0,0,0,0,0,1,0,0,0,0
data/audio_wav/099/099022.wav,100,1,1,0,0,1,0,0,0,1,0,0,0,0,0,0,0,0,0,1,0,0,0,0
data/audio_wav/099/099023.wav,100,1,1,0,0,1,0,0,0,1,0,0,0,0,0,0,0,0,0,1,0,0,0,0
data/audio_wav/099/099024.wav,100,1,1,0,0,1,0,0,0,1,0,0,0,0,0,0,0,0,0,1,0,0,0,0
data/audio_wav/099/099025.wav,100,1,1,0,0,1,0,0,0,1,0,0,0,0,0,0,0,0,0,1,0,0,0,0
data/audio_wav/099/099026.wav,100,1,1,0,0,1,0,0,0,1,0,0,0,0,0,0,0,0,0,1,0,0,0,0
data/audio_wav/099/099027.wav,100,1,1,0,0,1,0,0,0,1,0,0,0,0,0,0,0,0,0,1,0,0,0,0
data/audio_wav/099/099028.wav,100,1,1,0,0,1,0,0,0,1,0,0,0,0,0,0,0,0,0,1,0,0,0,0
data/audio_wav/099/099029.wav,100,1,1,0,0,1,0,0,0,1,0,0,0,0,0,0,0,0,0,1,0,0,0,0
data/audio_wav/099/099030.wav,100,1,1,0,0,1,0,0,0,1,0,0,0,0,0,0,0,0,0,1,0,0,0,0
data/audio_wav/099/099031.wav,100,1,1,0,0,1,0,0,0,1,0,0,0,0,0,0,0,0,0,1,0,0,0,0
data/audio_wav/099/099032.wav,100,1,1,0,0,1,0,0,0,1,0,0,0,0,0,0,0,0,0,1,0,0,0,0
data/audio_wav/099/099033.wav,100,1,1,0,0,1,0,0,0,1,0,0,0,0,0,0,0,0,0,1,0,0,0,0
data/audio_wav/099/099034.wav,100,1,1,0,0,1,0,0,0,1,0,0,0,0,0,0,0,0,0,1,0,0,0,0
data/audio_wav/099/099035.wav,100,1,1,0,0,1,0,0,0,1,0,0,0,0,0,0,0,0,0,1,0,0,0,0
data/audio_wav/099/099036.wav,100,1,1,0,0,1,0,0,0,1,0,0,0,0,0,0,0,0,0,1,0,0,0,0
data/audio_wav/099/099037.wav,100,1,1,0,0,1,0,0,0,1,0,0,0,0,0,0,0,0,0,1,0,0,0,0
data/audio_wav/099/099038.wav,100,1,1,0,0,1,0,0,0,1,0,0,0,0,0,0,0,0,0,1,0,0,0,0
data/audio_wav/099/099039.wav,100,1,1,0,0,1,0,0,0,1,0,0,0,0,0,0,0,0,0,1,0,0,0,0
data/audio_wav/099/099040.wav,100,1,1,0,0,1,0,0,0,1,0,0,0,0,0,0,0,0,0,1,0,0,0,0
data/audio_wav/099/099041.wav,100,1,1,0,0,1,0,0,0,1,0,0,0,0,0,0,0,0,0,1,0,0,0,0
data/audio_wav/099/099042.wav,100,1,1,0,0,1,0,0,0,1,0,0,0,0,0,0,0,0,0,1,0,0,0,0
data/audio_wav/099/099043.wav,100,1,1,0,0,1,0,0,0,1,0,0,0,0,0,0,0,0,0,1,0,0,0,0
data/audio_wav/099/099044.wav,100,1,1,0,0,1,0,0,0,1,0,0,0,0,0,0,0,0,0,1,0,0,0,0
data/audio_wav/099/099045.wav,100,1,1,0,0,1,0,0,0,1,0,0,0,0,0,0,0,0,0,1,0,0,0,0
data/audio_wav/099/099046.wav,100,1,1,0,0,1,0,0,0,1,0,0,0,0,0,0,0,0,0,1,0,0,0,0
data/audio_wav/099/099047.wav,100,1,1,0,0,1,0,0,0,1,0,0,0,0,0,0,0,0,0,1,0,0,0,0
data/audio_wav/099/099048.wav,100,1,1,0,0,1,0,0,0,1,0,0,0,0,0,0,0,0,0,1,0,0,0,0
data/audio_wav/099/099049.wav,100,1,1,0,0,1,0,0,0,1,0,0,0,0,0,0,0,0,0,1,0,0,0,0
data/audio_wav/100/100000.wav,101,1,2,0,0,1,0,0,0,1,0,0,0,0,0,0,0,0,0,0,1,0,0,0
data/audio_wav/100/100001.wav,101,1,2,0,0,1,0,0,0,1,0,0,0,0,0,0,0,0,0,0,1,0,0,0
data/audio_wav/100/100002.wav,101,1,2,0,0,1,0,0,0,1,0,0,0,0,0,0,0,0,0,0,1,0,0,0
data/audio_wav/100/100003.wav,101,1,2,0,0,1,0,0,0,1,0,0,0,0,0,0,0,0,0,0,1,0,0,0
data/audio_wav/100/100004.wav,101,1,2,0,0,1,0,0,0,1,0,0,0,0,0,0,0,0,0,0,1,0,0,0
data/audio_wav/100/100005.wav,101,1,2,0,0,1,0,0,0,1,0,0,0,0,0,0,0,0,0,0,1,0,0,0
data/audio_wav/100/100006.wav,101,1,2,0,0,1,0,0,0,1,0,0,0,0,0,0,0,0,0,0,1,0,0,0
data/audio_wav/100/100007.wav,101,1,2,0,0,1,0,0,0,1,0,0,0,0,0,0,0,0,0,0,1,0,0,0
data/audio_wav/100/100008.wav,101,1,2,0,0,1,0,0,0,1,0,0,0,0,0,0,0,0,0,0,1,0,0,0
data/audio_wav/100/100009.wav,101,1,2,0,0,1,0,0,0,1,0,0,0,0,0,0,0,0,0,0,1,0,0,0
data/audio_wav/100/100010.wav,101,1,2,0,0,1,0,0,0,1,0,0,0,0,0,0,0,0,0,0,1,0,0,0
data/audio_wav/100/100011.wav,101,1,2,0,0,1,0,0,0,1,0,0,0,0,0,0,0,0,0,0,1,0,0,0
data/audio_wav/100/100012.wav,101,1,2,0,0,1,0,0,0,1,0,0,0,0,0,0,0,0,0,0,1,0,0,0
data/audio_wav/100/100013.wav,101,1,2,0,0,1,0,0,0,1,0,0,0,0,0,0,0,0,0,0,1,0,0,0
data/audio_wav/100/100014.wav,101,1,2,0,0,1,0,0,0,1,0,0,0,0,0,0,0,0,0,0,1,0,0,0
data/audio_wav/100/100015.wav,101,1,2,0,0,1,0,0,0,1,0,0,0,0,0,0,0,0,0,0,1,0,0,0
data/audio_wav/100/100016.wav,101,1,2,0,0,1,0,0,0,1,0,0,0,0,0,0,0,0,0,0,1,0,0,0
data/audio_wav/100/100017.wav,101,1,2,0,0,1,0,0,0,1,0,0,0,0,0,0,0,0,0,0,1,0,0,0
data/audio_wav/100/100018.wav,101,1,2,0,0,1,0,0,0,1,0,0,0,0,0,0,0,0,0,0,1,0,0,0
data/audio_wav/100/100019.wav,101,1,2,0,0,1,0,0,0,1,0,0,0,0,0,0,0,0,0,0,1,0,0,0
data/audio_wav/100/100020.wav,101,1,2,0,0,1,0,0,0,1,0,0,0,0,0,0,0,0,0,0,1,0,0,0
data/audio_wav/100/100021.wav,101,1,2,0,0,1,0,0,0,1,0,0,0,0,0,0,0,0,0,0,1,0,0,0
data/audio_wav/100/100022.wav,101,1,2,0,0,1,0,0,0,1,0,0,0,0,0,0,0,0,0,0,1,0,0,0
data/audio_wav/100/100023.wav,101,1,2,0,0,1,0,0,0,1,0,0,0,0,0,0,0,0,0,0,1,0,0,0
data/audio_wav/100/100024.wav,101,1,2,0,0,1,0,0,0,1,0,0,0,0,0,0,0,0,0,0,1,0,0,0
data/audio_wav/100/100025.wav,101,1,2,0,0,1,0,0,0,1,0,0,0,0,0,0,0,0,0,0,1,0,0,0
data/audio_wav/100/100026.wav,101,1,2,0,0,1,0,0,0,1,0,0,0,0,0,0,0,0,0,0,1,0,0,0
data/audio_wav/100/100027.wav,101,1,2,0,0,1,0,0,0,1,0,0,0,0,0,0,0,0,0,0,1,0,0,0
data/audio_wav/100/100028.wav,101,1,2,0,0,1,0,0,0,1,0,0,0,0,0,0,0,0,0,0,1,0,0,0
data/audio_wav/100/100029.wav,101,1,2,0,0,1,0,0,0,1,0,0,0,0,0,0,0,0,0,0,1,0,0,0
data/audio_wav/100/100030.wav,101,1,2,0,0,1,0,0,0,1,0,0,0,0,0,0,0,0,0,0,1,0,0,0
data/audio_wav/100/100031.wav,101,1,2,0,0,1,0,0,0,1,0,0,0,0,0,0,0,0,0,0,1,0,0,0
data/audio_wav/100/100032.wav,101,1,2,0,0,1,0,0,0,1,0,0,0,0,0,0,0,0,0,0,1,0,0,0
data/audio_wav/100/100033.wav,101,1,2,0,0,1,0,0,0,1,0,0,0,0,0,0,0,0,0,0,1,0,0,0
data/audio_wav/100/100034.wav,101,1,2,0,0,1,0,0,0,1,0,0,0,0,0,0,0,0,0,0,1,0,0,0
data/audio_wav/100/100035.wav,101,1,2,0,0,1,0,0,0,1,0,0,0,0,0,0,0,0,0,0,1,0,0,0
data/audio_wav/100/100036.wav,101,1,2,0,0,1,0,0,0,1,0,0,0,0,0,0,0,0,0,0,1,0,0,0
data/audio_wav/100/100037.wav,101,1,2,0,0,1,0,0,0,1,0,0,0,0,0,0,0,0,0,0,1,0,0,0
data/audio_wav/100/100038.wav,101,1,2,0,0,1,0,0,0,1,0,0,0,0,0,0,0,0,0,0,1,0,0,0
data/audio_wav/100/100039.wav,101,1,2,0,0,1,0,0,0,1,0,0,0,0,0,0,0,0,0,0,1,0,0,0
data/audio_wav/100/100040.wav,101,1,2,0,0,1,0,0,0,1,0,0,0,0,0,0,0,0,0,0,1,0,0,0
data/audio_wav/100/100041.wav,101,1,2,0,0,1,0,0,0,1,0,0,0,0,0,0,0,0,0,0,1,0,0,0
data/audio_wav/100/100042.wav,101,1,2,0,0,1,0,0,0,1,0,0,0,0,0,0,0,0,0,0,1,0,0,0
data/audio_wav/100/100043.wav,101,1,2,0,0,1,0,0,0,1,0,0,0,0,0,0,0,0,0,0,1,0,0,0
data/audio_wav/100/100044.wav,101,1,2,0,0,1,0,0,0,1,0,0,0,0,0,0,0,0,0,0,1,0,0,0
data/audio_wav/100/100045.wav,101,1,2,0,0,1,0,0,0,1,0,0,0,0,0,0,0,0,0,0,1,0,0,0
data/audio_wav/100/100046.wav,101,1,2,0,0,1,0,0,0,1,0,0,0,0,0,0,0,0,0,0,1,0,0,0
data/audio_wav/100/100047.wav,101,1,2,0,0,1,0,0,0,1,0,0,0,0,0,0,0,0,0,0,1,0,0,0
data/audio_wav/100/100048.wav,101,1,2,0,0,1,0,0,0,1,0,0,0,0,0,0,0,0,0,0,1,0,0,0
data/audio_wav/100/100049.wav,101,1,2,0,0,1,0,0,0,1,0,0,0,0,0,0,0,0,0,0,1,0,0,0
data/audio_wav/101/101000.wav,102,1,1,0,0,1,0,0,0,1,0,0,0,0,0,0,0,0,0,0,0,1,0,0
data/audio_wav/101/101001.wav,102,1,1,0,0,1,0,0,0,1,0,0,0,0,0,0,0,0,0,0,0,1,0,0
data/audio_wav/101/101002.wav,102,1,1,0,0,1,0,0,0,1,0,0,0,0,0,0,0,0,0,0,0,1,0,0
data/audio_wav/101/101003.wav,102,1,1,0,0,1,0,0,0,1,0,0,0,0,0,0,0,0,0,0,0,1,0,0
data/audio_wav/101/101004.wav,102,1,1,0,0,1,0,0,0,1,0,0,0,0,0,0,0,0,0,0,0,1,0,0
data/audio_wav/101/101005.wav,102,1,1,0,0,1,0,0,0,1,0,0,0,0,0,0,0,0,0,0,0,1,0,0
data/audio_wav/101/101006.wav,102,1,1,0,0,1,0,0,0,1,0,0,0,0,0,0,0,0,0,0,0,1,0,0
data/audio_wav/101/101007.wav,102,1,1,0,0,1,0,0,0,1,0,0,0,0,0,0,0,0,0,0,0,1,0,0
data/audio_wav/101/101008.wav,102,1,1,0,0,1,0,0,0,1,0,0,0,0,0,0,0,0,0,0,0,1,0,0
data/audio_wav/101/101009.wav,102,1,1,0,0,1,0,0,0,1,0,0,0,0,0,0,0,0,0,0,0,1,0,0
data/audio_wav/101/101010.wav,102,1,1,0,0,1,0,0,0,1,0,0,0,0,0,0,0,0,0,0,0,1,0,0
data/audio_wav/101/101011.wav,102,1,1,0,0,1,0,0,0,1,0,0,0,0,0,0,0,0,0,0,0,1,0,0
data/audio_wav/101/101012.wav,102,1,1,0,0,1,0,0,0,1,0,0,0,0,0,0,0,0,0,0,0,1,0,0
data/audio_wav/101/101013.wav,102,1,1,0,0,1,0,0,0,1,0,0,0,0,0,0,0,0,0,0,0,1,0,0
data/audio_wav/101/101014.wav,102,1,1,0,0,1,0,0,0,1,0,0,0,0,0,0,0,0,0,0,0,1,0,0
data/audio_wav/101/101015.wav,102,1,1,0,0,1,0,0,0,1,0,0,0,0,0,0,0,0,0,0,0,1,0,0
data/audio_wav/101/101016.wav,102,1,1,0,0,1,0,0,0,1,0,0,0,0,0,0,0,0,0,0,0,1,0,0
data/audio_wav/101/101017.wav,102,1,1,0,0,1,0,0,0,1,0,0,0,0,0,0,0,0,0,0,0,1,0,0
data/audio_wav/101/101018.wav,102,1,1,0,0,1,0,0,0,1,0,0,0,0,0,0,0,0,0,0,0,1,0,0
data/audio_wav/101/101019.wav,102,1,1,0,0,1,0,0,0,1,0,0,0,0,0,0,0,0,0,0,0,1,0,0
data/audio_wav/101/101020.wav,102,1,1,0,0,1,0,0,0,1,0,0,0,0,0,0,0,0,0,0,0,1,0,0
data/audio_wav/101/101021.wav,102,1,1,0,0,1,0,0,0,1,0,0,0,0,0,0,0,0,0,0,0,1,0,0
data/audio_wav/101/101022.wav,102,1,1,0,0,1,0,0,0,1,0,0,0,0,0,0,0,0,0,0,0,1,0,0
data/audio_wav/101/101023.wav,102,1,1,0,0,1,0,0,0,1,0,0,0,0,0,0,0,0,0,0,0,1,0,0
data/audio_wav/101/101024.wav,102,1,1,0,0,1,0,0,0,1,0,0,0,0,0,0,0,0,0,0,0,1,0,0
data/audio_wav/101/101025.wav,102,1,1,0,0,1,0,0,0,1,0,0,0,0,0,0,0,0,0,0,0,1,0,0
data/audio_wav/101/101026.wav,102,1,1,0,0,1,0,0,0,1,0,0,0,0,0,0,0,0,0,0,0,1,0,0
data/audio_wav/101/101027.wav,102,1,1,0,0,1,0,0,0,1,0,0,0,0,0,0,0,0,0,0,0,1,0,0
data/audio_wav/101/101028.wav,102,1,1,0,0,1,0,0,0,1,0,0,0,0,0,0,0,0,0,0,0,1,0,0
data/audio_wav/101/101029.wav,102,1,1,0,0,1,0,0,0,1,0,0,0,0,0,0,0,0,0,0,0,1,0,0
data/audio_wav/101/101030.wav,102,1,1,0,0,1,0,0,0,1,0,0,0,0,0,0,0,0,0,0,0,1,0,0
data/audio_wav/101/101031.wav,102,1,1,0,0,1,0,0,0,1,0,0,0,0,0,0,0,0,0,0,0,1,0,0
data/audio_wav/101/101032.wav,102,1,1,0,0,1,0,0,0,1,0,0,0,0,0,0,0,0,0,0,0,1,0,0
data/audio_wav/101/101033.wav,102,1,1,0,0,1,0,0,0,1,0,0,0,0,0,0,0,0,0,0,0,1,0,0
data/audio_wav/101/101034.wav,102,1,1,0,0,1,0,0,0,1,0,0,0,0,0,0,0,0,0,0,0,1,0,0
data/audio_wav/101/101035.wav,102,1,1,0,0,1,0,0,0,1,0,0,0,0,0,0,0,0,0,0,0,1,0,0
data/audio_wav/101/101036.wav,102,1,1,0,0,1,0,0,0,1,0,0,0,0,0,0,0,0,0,0,0,1,0,0
data/audio_wav/101/101037.wav,102,1,1,0,0,1,0,0,0,1,0,0,0,0,0,0,0,0,0,0,0,1,0,0
data/audio_wav/101/101038.wav,102,1,1,0,0,1,0,0,0,1,0,0,0,0,0,0,0,0,0,0,0,1,0,0
data/audio_wav/101/101039.wav,102,1,1,0,0,1,0,0,0,1,0,0,0,0,0,0,0,0,0,0,0,1,0,0
data/audio_wav/101/101040.wav,102,1,1,0,0,1,0,0,0,1,0,0,0,0,0,0,0,0,0,0,0,1,0,0
data/audio_wav/101/101041.wav,102,1,1,0,0,1,0,0,0,1,0,0,0,0,0,0,0,0,0,0,0,1,0,0
data/audio_wav/101/101042.wav,102,1,1,0,0,1,0,0,0,1,0,0,0,0,0,0,0,0,0,0,0,1,0,0
data/audio_wav/101/101043.wav,102,1,1,0,0,1,0,0,0,1,0,0,0,0,0,0,0,0,0,0,0,1,0,0
data/audio_wav/101/101044.wav,102,1,1,0,0,1,0,0,0,1,0,0,0,0,0,0,0,0,0,0,0,1,0,0
data/audio_wav/101/101045.wav,102,1,1,0,0,1,0,0,0,1,0,0,0,0,0,0,0,0,0,0,0,1,0,0
data/audio_wav/101/101046.wav,102,1,1,0,0,1,0,0,0,1,0,0,0,0,0,0,0,0,0,0,0,1,0,0
data/audio_wav/101/101047.wav,102,1,1,0,0,1,0,0,0,1,0,0,0,0,0,0,0,0,0,0,0,1,0,0
data/audio_wav/101/101048.wav,102,1,1,0,0,1,0,0,0,1,0,0,0,0,0,0,0,0,0,0,0,1,0,0
data/audio_wav/101/101049.wav,102,1,1,0,0,1,0,0,0,1,0,0,0,0,0,0,0,0,0,0,0,1,0,0
data/audio_wav/102/102000.wav,103,1,1,0,0,1,0,0,0,1,0,0,0,0,0,0,0,0,0,0,0,0,1,0
data/audio_wav/102/102001.wav,103,1,1,0,0,1,0,0,0,1,0,0,0,0,0,0,0,0,0,0,0,0,1,0
data/audio_wav/102/102002.wav,103,1,1,0,0,1,0,0,0,1,0,0,0,0,0,0,0,0,0,0,0,0,1,0
data/audio_wav/102/102003.wav,103,1,1,0,0,1,0,0,0,1,0,0,0,0,0,0,0,0,0,0,0,0,1,0
data/audio_wav/102/102004.wav,103,1,1,0,0,1,0,0,0,1,0,0,0,0,0,0,0,0,0,0,0,0,1,0
data/audio_wav/102/102005.wav,103,1,1,0,0,1,0,0,0,1,0,0,0,0,0,0,0,0,0,0,0,0,1,0
data/audio_wav/102/102006.wav,103,1,1,0,0,1,0,0,0,1,0,0,0,0,0,0,0,0,0,0,0,0,1,0
data/audio_wav/102/102007.wav,103,1,1,0,0,1,0,0,0,1,0,0,0,0,0,0,0,0,0,0,0,0,1,0
data/audio_wav/102/102008.wav,103,1,1,0,0,1,0,0,0,1,0,0,0,0,0,0,0,0,0,0,0,0,1,0
data/audio_wav/102/102009.wav,103,1,1,0,0,1,0,0,0,1,0,0,0,0,0,0,0,0,0,0,0,0,1,0
data/audio_wav/102/102010.wav,103,1,1,0,0,1,0,0,0,1,0,0,0,0,0,0,0,0,0,0,0,0,1,0
data/audio_wav/102/102011.wav,103,1,1,0,0,1,0,0,0,1,0,0,0,0,0,0,0,0,0,0,0,0,1,0
data/audio_wav/102/102012.wav,103,1,1,0,0,1,0,0,0,1,0,0,0,0,0,0,0,0,0,0,0,0,1,0
data/audio_wav/102/102013.wav,103,1,1,0,0,1,0,0,0,1,0,0,0,0,0,0,0,0,0,0,0,0,1,0
data/audio_wav/102/102014.wav,103,1,1,0,0,1,0,0,0,1,0,0,0,0,0,0,0,0,0,0,0,0,1,0
data/audio_wav/102/102015.wav,103,1,1,0,0,1,0,0,0,1,0,0,0,0,0,0,0,0,0,0,0,0,1,0
data/audio_wav/102/102016.wav,103,1,1,0,0,1,0,0,0,1,0,0,0,0,0,0,0,0,0,0,0,0,1,0
data/audio_wav/102/102017.wav,103,1,1,0,0,1,0,0,0,1,0,0,0,0,0,0,0,0,0,0,0,0,1,0
data/audio_wav/102/102018.wav,103,1,1,0,0,1,0,0,0,1,0,0,0,0,0,0,0,0,0,0,0,0,1,0
data/audio_wav/102/102019.wav,103,1,1,0,0,1,0,0,0,1,0,0,0,0,0,0,0,0,0,0,0,0,1,0
data/audio_wav/102/102020.wav,103,1,1,0,0,1,0,0,0,1,0,0,0,0,0,0,0,0,0,0,0,0,1,0
data/audio_wav/102/102021.wav,103,1,1,0,0,1,0,0,0,1,0,0,0,0,0,0,0,0,0,0,0,0,1,0
data/audio_wav/102/102022.wav,103,1,1,0,0,1,0,0,0,1,0,0,0,0,0,0,0,0,0,0,0,0,1,0
data/audio_wav/102/102023.wav,103,1,1,0,0,1,0,0,0,1,0,0,0,0,0,0,0,0,0,0,0,0,1,0
data/audio_wav/102/102024.wav,103,1,1,0,0,1,0,0,0,1,0,0,0,0,0,0,0,0,0,0,0,0,1,0
data/audio_wav/102/102025.wav,103,1,1,0,0,1,0,0,0,1,0,0,0,0,0,0,0,0,0,0,0,0,1,0
data/audio_wav/102/102026.wav,103,1,1,0,0,1,0,0,0,1,0,0,0,0,0,0,0,0,0,0,0,0,1,0
data/audio_wav/102/102027.wav,103,1,1,0,0,1,0,0,0,1,0,0,0,0,0,0,0,0,0,0,0,0,1,0
data/audio_wav/102/102028.wav,103,1,1,0,0,1,0,0,0,1,0,0,0,0,0,0,0,0,0,0,0,0,1,0
data/audio_wav/102/102029.wav,103,1,1,0,0,1,0,0,0,1,0,0,0,0,0,0,0,0,0,0,0,0,1,0
data/audio_wav/102/102030.wav,103,1,1,0,0,1,0,0,0,1,0,0,0,0,0,0,0,0,0,0,0,0,1,0
data/audio_wav/102/102031.wav,103,1,1,0,0,1,0,0,0,1,0,0,0,0,0,0,0,0,0,0,0,0,1,0
data/audio_wav/102/102032.wav,103,1,1,0,0,1,0,0,0,1,0,0,0,0,0,0,0,0,0,0,0,0,1,0
data/audio_wav/102/102033.wav,103,1,1,0,0,1,0,0,0,1,0,0,0,0,0,0,0,0,0,0,0,0,1,0
data/audio_wav/102/102034.wav,103,1,1,0,0,1,0,0,0,1,0,0,0,0,0,0,0,0,0,0,0,0,1,0
data/audio_wav/102/102035.wav,103,1,1,0,0,1,0,0,0,1,0,0,0,0,0,0,0,0,0,0,0,0,1,0
data/audio_wav/102/102036.wav,103,1,1,0,0,1,0,0,0,1,0,0,0,0,0,0,0,0,0,0,0,0,1,0
data/audio_wav/102/102037.wav,103,1,1,0,0,1,0,0,0,1,0,0,0,0,0,0,0,0,0,0,0,0,1,0
data/audio_wav/102/102038.wav,103,1,1,0,0,1,0,0,0,1,0,0,0,0,0,0,0,0,0,0,0,0,1,0
data/audio_wav/102/102039.wav,103,1,1,0,0,1,0,0,0,1,0,0,0,0,0,0,0,0,0,0,0,0,1,0
data/audio_wav/102/102040.wav,103,1,1,0,0,1,0,0,0,1,0,0,0,0,0,0,0,0,0,0,0,0,1,0
data/audio_wav/102/102041.wav,103,1,1,0,0,1,0,0,0,1,0,0,0,0,0,0,0,0,0,0,0,0,1,0
data/audio_wav/102/102042.wav,103,1,1,0,0,1,0,0,0,1,0,0,0,0,0,0,0,0,0,0,0,0,1,0
data/audio_wav/102/102043.wav,103,1,1,0,0,1,0,0,0,1,0,0,0,0,0,0,0,0,0,0,0,0,1,0
data/audio_wav/102/102044.wav,103,1,1,0,0,1,0,0,0,1,0,0,0,0,0,0,0,0,0,0,0,0,1,0
data/audio_wav/102/102045.wav,103,1,1,0,0,1,0,0,0,1,0,0,0,0,0,0,0,0,0,0,0,0,1,0
data/audio_wav/102/102046.wav,103,1,1,0,0,1,0,0,0,1,0,0,0,0,0,0,0,0,0,0,0,0,1,0
data/audio_wav/102/102047.wav,103,1,1,0,0,1,0,0,0,1,0,0,0,0,0,0,0,0,0,0,0,0,1,0
data/audio_wav/102/102048.wav,103,1,1,0,0,1,0,0,0,1,0,0,0,0,0,0,0,0,0,0,0,0,1,0
data/audio_wav/102/102049.wav,103,1,1,0,0,1,0,0,0,1,0,0,0,0,0,0,0,0,0,0,0,0,1,0
data/audio_wav/103/103000.wav,104,1,1,0,0,1,0,0,0,1,0,0,0,0,0,0,0,0,0,0,0,0,0,1
data/audio_wav/103/103001.wav,104,1,1,0,0,1,0,0,0,1,0,0,0,0,0,0,0,0,0,0,0,0,0,1
data/audio_wav/103/103002.wav,104,1,1,0,0,1,0,0,0,1,0,0,0,0,0,0,0,0,0,0,0,0,0,1
data/audio_wav/103/103003.wav,104,1,1,0,0,1,0,0,0,1,0,0,0,0,0,0,0,0,0,0,0,0,0,1
data/audio_wav/103/103004.wav,104,1,1,0,0,1,0,0,0,1,0,0,0,0,0,0,0,0,0,0,0,0,0,1
data/audio_wav/103/103005.wav,104,1,1,0,0,1,0,0,0,1,0,0,0,0,0,0,0,0,0,0,0,0,0,1
data/audio_wav/103/103006.wav,104,1,1,0,0,1,0,0,0,1,0,0,0,0,0,0,0,0,0,0,0,0,0,1
data/audio_wav/103/103007.wav,104,1,1,0,0,1,0,0,0,1,0,0,0,0,0,0,0,0,0,0,0,0,0,1
data/audio_wav/103/103008.wav,104,1,1,0,0,1,0,0,0,1,0,0,0,0,0,0,0,0,0,0,0,0,0,1
data/audio_wav/103/103009.wav,104,1,1,0,0,1,0,0,0,1,0,0,0,0,0,0,0,0,0,0,0,0,0,1
data/audio_wav/103/103010.wav,104,1,1,0,0,1,0,0,0,1,0,0,0,0,0,0,0,0,0,0,0,0,0,1
data/audio_wav/103/103011.wav,104,1,1,0,0,1,0,0,0,1,0,0,0,0,0,0,0,0,0,0,0,0,0,1
data/audio_wav/103/103012.wav,104,1,1,0,0,1,0,0,0,1,0,0,0,0,0,0,0,0,0,0,0,0,0,1
data/audio_wav/103/103013.wav,104,1,1,0,0,1,0,0,0,1,0,0,0,0,0,0,0,0,0,0,0,0,0,1
data/audio_wav/103/103014.wav,104,1,1,0,0,1,0,0,0,1,0,0,0,0,0,0,0,0,0,0,0,0,0,1
data/audio_wav/103/103015.wav,104,1,1,0,0,1,0,0,0,1,0,0,0,0,0,0,0,0,0,0,0,0,0,1
data/audio_wav/103/103016.wav,104,1,1,0,0,1,0,0,0,1,0,0,0,0,0,0,0,0,0,0,0,0,0,1
data/audio_wav/103/103017.wav,104,1,1,0,0,1,0,0,0,1,0,0,0,0,0,0,0,0,0,0,0,0,0,1
data/audio_wav/103/103018.wav,104,1,1,0,0,1,0,0,0,1,0,0,0,0,0,0,0,0,0,0,0,0,0,1
data/audio_wav/103/103019.wav,104,1,1,0,0,1,0,0,0,1,0,0,0,0,0,0,0,0,0,0,0,0,0,1
data/audio_wav/103/103020.wav,104,1,1,0,0,1,0,0,0,1,0,0,0,0,0,0,0,0,0,0,0,0,0,1
data/audio_wav/103/103021.wav,104,1,1,0,0,1,0,0,0,1,0,0,0,0,0,0,0,0,0,0,0,0,0,1
data/audio_wav/103/103022.wav,104,1,1,0,0,1,0,0,0,1,0,0,0,0,0,0,0,0,0,0,0,0,0,1
data/audio_wav/103/103023.wav,104,1,1,0,0,1,0,0,0,1,0,0,0,0,0,0,0,0,0,0,0,0,0,1
data/audio_wav/103/103024.wav,104,1,1,0,0,1,0,0,0,1,0,0,0,0,0,0,0,0,0,0,0,0,0,1
data/audio_wav/103/103025.wav,104,1,1,0,0,1,0,0,0,1,0,0,0,0,0,0,0,0,0,0,0,0,0,1
data/audio_wav/103/103026.wav,104,1,1,0,0,1,0,0,0,1,0,0,0,0,0,0,0,0,0,0,0,0,0,1
data/audio_wav/103/103027.wav,104,1,1,0,0,1,0,0,0,1,0,0,0,0,0,0,0,0,0,0,0,0,0,1
data/audio_wav/103/103028.wav,104,1,1,0,0,1,0,0,0,1,0,0,0,0,0,0,0,0,0,0,0,0,0,1
data/audio_wav/103/103029.wav,104,1,1,0,0,1,0,0,0,1,0,0,0,0,0,0,0,0,0,0,0,0,0,1
data/audio_wav/103/103030.wav,104,1,1,0,0,1,0,0,0,1,0,0,0,0,0,0,0,0,0,0,0,0,0,1
data/audio_wav/103/103031.wav,104,1,1,0,0,1,0,0,0,1,0,0,0,0,0,0,0,0,0,0,0,0,0,1
data/audio_wav/103/103032.wav,104,1,1,0,0,1,0,0,0,1,0,0,0,0,0,0,0,0,0,0,0,0,0,1
data/audio_wav/103/103033.wav,104,1,1,0,0,1,0,0,0,1,0,0,0,0,0,0,0,0,0,0,0,0,0,1
data/audio_wav/103/103034.wav,104,1,1,0,0,1,0,0,0,1,0,0,0,0,0,0,0,0,0,0,0,0,0,1
data/audio_wav/103/103035.wav,104,1,1,0,0,1,0,0,0,1,0,0,0,0,0,0,0,0,0,0,0,0,0,1
data/audio_wav/103/103036.wav,104,1,1,0,0,1,0,0,0,1,0,0,0,0,0,0,0,0,0,0,0,0,0,1
data/audio_wav/103/103037.wav,104,1,1,0,0,1,0,0,0,1,0,0,0,0,0,0,0,0,0,0,0,0,0,1
data/audio_wav/103/103038.wav,104,1,1,0,0,1,0,0,0,1,0,0,0,0,0,0,0,0,0,0,0,0,0,1
data/audio_wav/103/103039.wav,104,1,1,0,0,1,0,0,0,1,0,0,0,0,0,0,0,0,0,0,0,0,0,1
data/audio_wav/103/103040.wav,104,1,1,0,0,1,0,0,0,1,0,0,0,0,0,0,0,0,0,0,0,0,0,1
data/audio_wav/103/103041.wav,104,1,1,0,0,1,0,0,0,1,0,0,0,0,0,0,0,0,0,0,0,0,0,1
data/audio_wav/103/103042.wav,104,1,1,0,0,1,0,0,0,1,0,0,0,0,0,0,0,0,0,0,0,0,0,1
data/audio_wav/103/103043.wav,104,1,1,0,0,1,0,0,0,1,0,0,0,0,0,0,0,0,0,0,0,0,0,1
data/audio_wav/103/103044.wav,104,1,1,0,0,1,0,0,0,1,0,0,0,0,0,0,0,0,0,0,0,0,0,1
data/audio_wav/103/103045.wav,104,1,1,0,0,1,0,0,0,1,0,0,0,0,0,0,0,0,0,0,0,0,0,1
data/audio_wav/103/103046.wav,104,1,1,0,0,1,0,0,0,1,0,0,0,0,0,0,0,0,0,0,0,0,0,1
data/audio_wav/103/103047.wav,104,1,1,0,0,1,0,0,0,1,0,0,0,0,0,0,0,0,0,0,0,0,0,1
data/audio_wav/103/103048.wav,104,1,1,0,0,1,0,0,0,1,0,0,0,0,0,0,0,0,0,0,0,0,0,1
data/audio_wav/103/103049.wav,104,1,1,0,0,1,0,0,0,1,0,0,0,0,0,0,0,0,0,0,0,0,0,1
data/audio_wav/104/104000.wav,105,1,1,0,0,1,0,0,0,0,1,1,0,0,0,0,0,0,0,0,0,0,0,0
data/audio_wav/104/104001.wav,105,1,1,0,0,1,0,0,0,0,1,1,0,0,0,0,0,0,0,0,0,0,0,0
data/audio_wav/104/104002.wav,105,1,1,0,0,1,0,0,0,0,1,1,0,0,0,0,0,0,0,0,0,0,0,0
data/audio_wav/104/104003.wav,105,1,1,0,0,1,0,0,0,0,1,1,0,0,0,0,0,0,0,0,0,0,0,0
data/audio_wav/104/104004.wav,105,1,1,0,0,1,0,0,0,0,1,1,0,0,0,0,0,0,0,0,0,0,0,0
data/audio_wav/104/104005.wav,105,1,1,0,0,1,0,0,0,0,1,1,0,0,0,0,0,0,0,0,0,0,0,0
data/audio_wav/104/104006.wav,105,1,1,0,0,1,0,0,0,0,1,1,0,0,0,0,0,0,0,0,0,0,0,0
data/audio_wav/104/104007.wav,105,1,1,0,0,1,0,0,0,0,1,1,0,0,0,0,0,0,0,0,0,0,0,0
data/audio_wav/104/104008.wav,105,1,1,0,0,1,0,0,0,0,1,1,0,0,0,0,0,0,0,0,0,0,0,0
data/audio_wav/104/104009.wav,105,1,1,0,0,1,0,0,0,0,1,1,0,0,0,0,0,0,0,0,0,0,0,0
data/audio_wav/104/104010.wav,105,1,1,0,0,1,0,0,0,0,1,1,0,0,0,0,0,0,0,0,0,0,0,0
data/audio_wav/104/104011.wav,105,1,1,0,0,1,0,0,0,0,1,1,0,0,0,0,0,0,0,0,0,0,0,0
data/audio_wav/104/104012.wav,105,1,1,0,0,1,0,0,0,0,1,1,0,0,0,0,0,0,0,0,0,0,0,0
data/audio_wav/104/104013.wav,105,1,1,0,0,1,0,0,0,0,1,1,0,0,0,0,0,0,0,0,0,0,0,0
data/audio_wav/104/104014.wav,105,1,1,0,0,1,0,0,0,0,1,1,0,0,0,0,0,0,0,0,0,0,0,0
data/audio_wav/104/104015.wav,105,1,1,0,0,1,0,0,0,0,1,1,0,0,0,0,0,0,0,0,0,0,0,0
data/audio_wav/104/104016.wav,105,1,1,0,0,1,0,0,0,0,1,1,0,0,0,0,0,0,0,0,0,0,0,0
data/audio_wav/104/104017.wav,105,1,1,0,0,1,0,0,0,0,1,1,0,0,0,0,0,0,0,0,0,0,0,0
data/audio_wav/104/104018.wav,105,1,1,0,0,1,0,0,0,0,1,1,0,0,0,0,0,0,0,0,0,0,0,0
data/audio_wav/104/104019.wav,105,1,1,0,0,1,0,0,0,0,1,1,0,0,0,0,0,0,0,0,0,0,0,0
data/audio_wav/104/104020.wav,105,1,1,0,0,1,0,0,0,0,1,1,0,0,0,0,0,0,0,0,0,0,0,0
data/audio_wav/104/104021.wav,105,1,1,0,0,1,0,0,0,0,1,1,0,0,0,0,0,0,0,0,0,0,0,0
data/audio_wav/104/104022.wav,105,1,1,0,0,1,0,0,0,0,1,1,0,0,0,0,0,0,0,0,0,0,0,0
data/audio_wav/104/104023.wav,105,1,1,0,0,1,0,0,0,0,1,1,0,0,0,0,0,0,0,0,0,0,0,0
data/audio_wav/104/104024.wav,105,1,1,0,0,1,0,0,0,0,1,1,0,0,0,0,0,0,0,0,0,0,0,0
data/audio_wav/104/104025.wav,105,1,1,0,0,1,0,0,0,0,1,1,0,0,0,0,0,0,0,0,0,0,0,0
data/audio_wav/104/104026.wav,105,1,1,0,0,1,0,0,0,0,1,1,0,0,0,0,0,0,0,0,0,0,0,0
data/audio_wav/104/104027.wav,105,1,1,0,0,1,0,0,0,0,1,1,0,0,0,0,0,0,0,0,0,0,0,0
data/audio_wav/104/104028.wav,105,1,1,0,0,1,0,0,0,0,1,1,0,0,0,0,0,0,0,0,0,0,0,0
data/audio_wav/104/104029.wav,105,1,1,0,0,1,0,0,0,0,1,1,0,0,0,0,0,0,0,0,0,0,0,0
data/audio_wav/104/104030.wav,105,1,1,0,0,1,0,0,0,0,1,1,0,0,0,0,0,0,0,0,0,0,0,0
data/audio_wav/104/104031.wav,105,1,1,0,0,1,0,0,0,0,1,1,0,0,0,0,0,0,0,0,0,0,0,0
data/audio_wav/104/104032.wav,105,1,1,0,0,1,0,0,0,0,1,1,0,0,0,0,0,0,0,0,0,0,0,0
data/audio_wav/104/104033.wav,105,1,1,0,0,1,0,0,0,0,1,1,0,0,0,0,0,0,0,0,0,0,0,0
data/audio_wav/104/104034.wav,105,1,1,0,0,1,0,0,0,0,1,1,0,0,0,0,0,0,0,0,0,0,0,0
data/audio_wav/104/104035.wav,105,1,1,0,0,1,0,0,0,0,1,1,0,0,0,0,0,0,0,0,0,0,0,0
data/audio_wav/104/104036.wav,105,1,1,0,0,1,0,0,0,0,1,1,0,0,0,0,0,0,0,0,0,0,0,0
data/audio_wav/104/104037.wav,105,1,1,0,0,1,0,0,0,0,1,1,0,0,0,0,0,0,0,0,0,0,0,0
data/audio_wav/104/104038.wav,105,1,1,0,0,1,0,0,0,0,1,1,0,0,0,0,0,0,0,0,0,0,0,0
data/audio_wav/104/104039.wav,105,1,1,0,0,1,0,0,0,0,1,1,0,0,0,0,0,0,0,0,0,0,0,0
data/audio_wav/104/104040.wav,105,1,1,0,0,1,0,0,0,0,1,1,0,0,0,0,0,0,0,0,0,0,0,0
data/audio_wav/104/104041.wav,105,1,1,0,0,1,0,0,0,0,1,1,0,0,0,0,0,0,0,0,0,0,0,0
data/audio_wav/104/104042.wav,105,1,1,0,0,1,0,0,0,0,1,1,0,0,0,0,0,0,0,0,0,0,0,0
data/audio_wav/104/104043.wav,105,1,1,0,0,1,0,0,0,0,1,1,0,0,0,0,0,0,0,0,0,0,0,0
data/audio_wav/104/104044.wav,105,1,1,0,0,1,0,0,0,0,1,1,0,0,0,0,0,0,0,0,0,0,0,0
data/audio_wav/104/104045.wav,105,1,1,0,0,1,0,0,0,0,1,1,0,0,0,0,0,0,0,0,0,0,0,0
data/audio_wav/104/104046.wav,105,1,1,0,0,1,0,0,0,0,1,1,0,0,0,0,0,0,0,0,0,0,0,0
data/audio_wav/104/104047.wav,105,1,1,0,0,1,0,0,0,0,1,1,0,0,0,0,0,0,0,0,0,0,0,0
data/audio_wav/104/104048.wav,105,1,1,0,0,1,0,0,0,0,1,1,0,0,0,0,0,0,0,0,0,0,0,0
data/audio_wav/104/104049.wav,105,1,1,0,0,1,0,0,0,0,1,1,0,0,0,0,0,0,0,0,0,0,0,0
data/audio_wav/105/105000.wav,106,1,1,0,0,1,0,0,0,0,1,0,1,0,0,0,0,0,0,0,0,0,0,0
data/audio_wav/105/105001.wav,106,1,1,0,0,1,0,0,0,0,1,0,1,0,0,0,0,0,0,0,0,0,0,0
data/audio_wav/105/105002.wav,106,1,1,0,0,1,0,0,0,0,1,0,1,0,0,0,0,0,0,0,0,0,0,0
data/audio_wav/105/105003.wav,106,1,1,0,0,1,0,0,0,0,1,0,1,0,0,0,0,0,0,0,0,0,0,0
data/audio_wav/105/105004.wav,106,1,1,0,0,1,0,0,0,0,1,0,1,0,0,0,0,0,0,0,0,0,0,0
data/audio_wav/105/105005.wav,106,1,1,0,0,1,0,0,0,0,1,0,1,0,0,0,0,0,0,0,0,0,0,0
data/audio_wav/105/105006.wav,106,1,1,0,0,1,0,0,0,0,1,0,1,0,0,0,0,0,0,0,0,0,0,0
data/audio_wav/105/105007.wav,106,1,1,0,0,1,0,0,0,0,1,0,1,0,0,0,0,0,0,0,0,0,0,0
data/audio_wav/105/105008.wav,106,1,1,0,0,1,0,0,0,0,1,0,1,0,0,0,0,0,0,0,0,0,0,0
data/audio_wav/105/105009.wav,106,1,1,0,0,1,0,0,0,0,1,0,1,0,0,0,0,0,0,0,0,0,0,0
data/audio_wav/105/105010.wav,106,1,1,0,0,1,0,0,0,0,1,0,1,0,0,0,0,0,0,0,0,0,0,0
data/audio_wav/105/105011.wav,106,1,1,0,0,1,0,0,0,0,1,0,1,0,0,0,0,0,0,0,0,0,0,0
data/audio_wav/105/105012.wav,106,1,1,0,0,1,0,0,0,0,1,0,1,0,0,0,0,0,0,0,0,0,0,0
data/audio_wav/105/105013.wav,106,1,1,0,0,1,0,0,0,0,1,0,1,0,0,0,0,0,0,0,0,0,0,0
data/audio_wav/105/105014.wav,106,1,1,0,0,1,0,0,0,0,1,0,1,0,0,0,0,0,0,0,0,0,0,0
data/audio_wav/105/105015.wav,106,1,1,0,0,1,0,0,0,0,1,0,1,0,0,0,0,0,0,0,0,0,0,0
data/audio_wav/105/105016.wav,106,1,1,0,0,1,0,0,0,0,1,0,1,0,0,0,0,0,0,0,0,0,0,0
data/audio_wav/105/105017.wav,106,1,1,0,0,1,0,0,0,0,1,0,1,0,0,0,0,0,0,0,0,0,0,0
data/audio_wav/105/105018.wav,106,1,1,0,0,1,0,0,0,0,1,0,1,0,0,0,0,0,0,0,0,0,0,0
data/audio_wav/105/105019.wav,106,1,1,0,0,1,0,0,0,0,1,0,1,0,0,0,0,0,0,0,0,0,0,0
data/audio_wav/105/105020.wav,106,1,1,0,0,1,0,0,0,0,1,0,1,0,0,0,0,0,0,0,0,0,0,0
data/audio_wav/105/105021.wav,106,1,1,0,0,1,0,0,0,0,1,0,1,0,0,0,0,0,0,0,0,0,0,0
data/audio_wav/105/105022.wav,106,1,1,0,0,1,0,0,0,0,1,0,1,0,0,0,0,0,0,0,0,0,0,0
data/audio_wav/105/105023.wav,106,1,1,0,0,1,0,0,0,0,1,0,1,0,0,0,0,0,0,0,0,0,0,0
data/audio_wav/105/105024.wav,106,1,1,0,0,1,0,0,0,0,1,0,1,0,0,0,0,0,0,0,0,0,0,0
data/audio_wav/105/105025.wav,106,1,1,0,0,1,0,0,0,0,1,0,1,0,0,0,0,0,0,0,0,0,0,0
data/audio_wav/105/105026.wav,106,1,1,0,0,1,0,0,0,0,1,0,1,0,0,0,0,0,0,0,0,0,0,0
data/audio_wav/105/105027.wav,106,1,1,0,0,1,0,0,0,0,1,0,1,0,0,0,0,0,0,0,0,0,0,0
data/audio_wav/105/105028.wav,106,1,1,0,0,1,0,0,0,0,1,0,1,0,0,0,0,0,0,0,0,0,0,0
data/audio_wav/105/105029.wav,106,1,1,0,0,1,0,0,0,0,1,0,1,0,0,0,0,0,0,0,0,0,0,0
data/audio_wav/105/105030.wav,106,1,1,0,0,1,0,0,0,0,1,0,1,0,0,0,0,0,0,0,0,0,0,0
data/audio_wav/105/105031.wav,106,1,1,0,0,1,0,0,0,0,1,0,1,0,0,0,0,0,0,0,0,0,0,0
data/audio_wav/105/105032.wav,106,1,1,0,0,1,0,0,0,0,1,0,1,0,0,0,0,0,0,0,0,0,0,0
data/audio_wav/105/105033.wav,106,1,1,0,0,1,0,0,0,0,1,0,1,0,0,0,0,0,0,0,0,0,0,0
data/audio_wav/105/105034.wav,106,1,1,0,0,1,0,0,0,0,1,0,1,0,0,0,0,0,0,0,0,0,0,0
data/audio_wav/105/105035.wav,106,1,1,0,0,1,0,0,0,0,1,0,1,0,0,0,0,0,0,0,0,0,0,0
data/audio_wav/105/105036.wav,106,1,1,0,0,1,0,0,0,0,1,0,1,0,0,0,0,0,0,0,0,0,0,0
data/audio_wav/105/105037.wav,106,1,1,0,0,1,0,0,0,0,1,0,1,0,0,0,0,0,0,0,0,0,0,0
data/audio_wav/105/105038.wav,106,1,1,0,0,1,0,0,0,0,1,0,1,0,0,0,0,0,0,0,0,0,0,0
data/audio_wav/105/105039.wav,106,1,1,0,0,1,0,0,0,0,1,0,1,0,0,0,0,0,0,0,0,0,0,0
data/audio_wav/105/105040.wav,106,1,1,0,0,1,0,0,0,0,1,0,1,0,0,0,0,0,0,0,0,0,0,0
data/audio_wav/105/105041.wav,106,1,1,0,0,1,0,0,0,0,1,0,1,0,0,0,0,0,0,0,0,0,0,0
data/audio_wav/105/105042.wav,106,1,1,0,0,1,0,0,0,0,1,0,1,0,0,0,0,0,0,0,0,0,0,0
data/audio_wav/105/105043.wav,106,1,1,0,0,1,0,0,0,0,1,0,1,0,0,0,0,0,0,0,0,0,0,0
data/audio_wav/105/105044.wav,106,1,1,0,0,1,0,0,0,0,1,0,1,0,0,0,0,0,0,0,0,0,0,0
data/audio_wav/105/105045.wav,106,1,1,0,0,1,0,0,0,0,1,0,1,0,0,0,0,0,0,0,0,0,0,0
data/audio_wav/105/105046.wav,106,1,1,0,0,1,0,0,0,0,1,0,1,0,0,0,0,0,0,0,0,0,0,0
data/audio_wav/105/105047.wav,106,1,1,0,0,1,0,0,0,0,1,0,1,0,0,0,0,0,0,0,0,0,0,0
data/audio_wav/105/105048.wav,106,1,1,0,0,1,0,0,0,0,1,0,1,0,0,0,0,0,0,0,0,0,0,0
data/audio_wav/105/105049.wav,106,1,1,0,0,1,0,0,0,0,1,0,1,0,0,0,0,0,0,0,0,0,0,0
data/audio_wav/106/106000.wav,107,1,1,0,0,1,0,0,0,0,1,0,0,1,0,0,0,0,0,0,0,0,0,0
data/audio_wav/106/106001.wav,107,1,1,0,0,1,0,0,0,0,1,0,0,1,0,0,0,0,0,0,0,0,0,0
data/audio_wav/106/106002.wav,107,1,1,0,0,1,0,0,0,0,1,0,0,1,0,0,0,0,0,0,0,0,0,0
data/audio_wav/106/106003.wav,107,1,1,0,0,1,0,0,0,0,1,0,0,1,0,0,0,0,0,0,0,0,0,0
data/audio_wav/106/106004.wav,107,1,1,0,0,1,0,0,0,0,1,0,0,1,0,0,0,0,0,0,0,0,0,0
data/audio_wav/106/106005.wav,107,1,1,0,0,1,0,0,0,0,1,0,0,1,0,0,0,0,0,0,0,0,0,0
data/audio_wav/106/106006.wav,107,1,1,0,0,1,0,0,0,0,1,0,0,1,0,0,0,0,0,0,0,0,0,0
data/audio_wav/106/106007.wav,107,1,1,0,0,1,0,0,0,0,1,0,0,1,0,0,0,0,0,0,0,0,0,0
data/audio_wav/106/106008.wav,107,1,1,0,0,1,0,0,0,0,1,0,0,1,0,0,0,0,0,0,0,0,0,0
data/audio_wav/106/106009.wav,107,1,1,0,0,1,0,0,0,0,1,0,0,1,0,0,0,0,0,0,0,0,0,0
data/audio_wav/106/106010.wav,107,1,1,0,0,1,0,0,0,0,1,0,0,1,0,0,0,0,0,0,0,0,0,0
data/audio_wav/106/106011.wav,107,1,1,0,0,1,0,0,0,0,1,0,0,1,0,0,0,0,0,0,0,0,0,0
data/audio_wav/106/106012.wav,107,1,1,0,0,1,0,0,0,0,1,0,0,1,0,0,0,0,0,0,0,0,0,0
data/audio_wav/106/106013.wav,107,1,1,0,0,1,0,0,0,0,1,0,0,1,0,0,0,0,0,0,0,0,0,0
data/audio_wav/106/106014.wav,107,1,1,0,0,1,0,0,0,0,1,0,0,1,0,0,0,0,0,0,0,0,0,0
data/audio_wav/106/106015.wav,107,1,1,0,0,1,0,0,0,0,1,0,0,1,0,0,0,0,0,0,0,0,0,0
data/audio_wav/106/106016.wav,107,1,1,0,0,1,0,0,0,0,1,0,0,1,0,0,0,0,0,0,0,0,0,0
data/audio_wav/106/106017.wav,107,1,1,0,0,1,0,0,0,0,1,0,0,1,0,0,0,0,0,0,0,0,0,0
data/audio_wav/106/106018.wav,107,1,1,0,0,1,0,0,0,0,1,0,0,1,0,0,0,0,0,0,0,0,0,0
data/audio_wav/106/106019.wav,107,1,1,0,0,1,0,0,0,0,1,0,0,1,0,0,0,0,0,0,0,0,0,0
data/audio_wav/106/106020.wav,107,1,1,0,0,1,0,0,0,0,1,0,0,1,0,0,0,0,0,0,0,0,0,0
data/audio_wav/106/106021.wav,107,1,1,0,0,1,0,0,0,0,1,0,0,1,0,0,0,0,0,0,0,0,0,0
data/audio_wav/106/106022.wav,107,1,1,0,0,1,0,0,0,0,1,0,0,1,0,0,0,0,0,0,0,0,0,0
data/audio_wav/106/106023.wav,107,1,1,0,0,1,0,0,0,0,1,0,0,1,0,0,0,0,0,0,0,0,0,0
data/audio_wav/106/106024.wav,107,1,1,0,0,1,0,0,0,0,1,0,0,1,0,0,0,0,0,0,0,0,0,0
data/audio_wav/106/106025.wav,107,1,1,0,0,1,0,0,0,0,1,0,0,1,0,0,0,0,0,0,0,0,0,0
data/audio_wav/106/106026.wav,107,1,1,0,0,1,0,0,0,0,1,0,0,1,0,0,0,0,0,0,0,0,0,0
data/audio_wav/106/106027.wav,107,1,1,0,0,1,0,0,0,0,1,0,0,1,0,0,0,0,0,0,0,0,0,0
data/audio_wav/106/106028.wav,107,1,1,0,0,1,0,0,0,0,1,0,0,1,0,0,0,0,0,0,0,0,0,0
data/audio_wav/106/106029.wav,107,1,1,0,0,1,0,0,0,0,1,0,0,1,0,0,0,0,0,0,0,0,0,0
data/audio_wav/106/106030.wav,107,1,1,0,0,1,0,0,0,0,1,0,0,1,0,0,0,0,0,0,0,0,0,0
data/audio_wav/106/106031.wav,107,1,1,0,0,1,0,0,0,0,1,0,0,1,0,0,0,0,0,0,0,0,0,0
data/audio_wav/106/106032.wav,107,1,1,0,0,1,0,0,0,0,1,0,0,1,0,0,0,0,0,0,0,0,0,0
data/audio_wav/106/106033.wav,107,1,1,0,0,1,0,0,0,0,1,0,0,1,0,0,0,0,0,0,0,0,0,0
data/audio_wav/106/106034.wav,107,1,1,0,0,1,0,0,0,0,1,0,0,1,0,0,0,0,0,0,0,0,0,0
data/audio_wav/106/106035.wav,107,1,1,0,0,1,0,0,0,0,1,0,0,1,0,0,0,0,0,0,0,0,0,0
data/audio_wav/106/106036.wav,107,1,1,0,0,1,0,0,0,0,1,0,0,1,0,0,0,0,0,0,0,0,0,0
data/audio_wav/106/106037.wav,107,1,1,0,0,1,0,0,0,0,1,0,0,1,0,0,0,0,0,0,0,0,0,0
data/audio_wav/106/106038.wav,107,1,1,0,0,1,0,0,0,0,1,0,0,1,0,0,0,0,0,0,0,0,0,0
data/audio_wav/106/106039.wav,107,1,1,0,0,1,0,0,0,0,1,0,0,1,0,0,0,0,0,0,0,0,0,0
data/audio_wav/106/106040.wav,107,1,1,0,0,1,0,0,0,0,1,0,0,1,0,0,0,0,0,0,0,0,0,0
data/audio_wav/106/106041.wav,107,1,1,0,0,1,0,0,0,0,1,0,0,1,0,0,0,0,0,0,0,0,0,0
data/audio_wav/106/106042.wav,107,1,1,0,0,1,0,0,0,0,1,0,0,1,0,0,0,0,0,0,0,0,0,0
data/audio_wav/106/106043.wav,107,1,1,0,0,1,0,0,0,0,1,0,0,1,0,0,0,0,0,0,0,0,0,0
data/audio_wav/106/106044.wav,107,1,1,0,0,1,0,0,0,0,1,0,0,1,0,0,0,0,0,0,0,0,0,0
data/audio_wav/106/106045.wav,107,1,1,0,0,1,0,0,0,0,1,0,0,1,0,0,0,0,0,0,0,0,0,0
data/audio_wav/106/106046.wav,107,1,1,0,0,1,0,0,0,0,1,0,0,1,0,0,0,0,0,0,0,0,0,0
data/audio_wav/106/106047.wav,107,1,1,0,0,1,0,0,0,0,1,0,0,1,0,0,0,0,0,0,0,0,0,0
data/audio_wav/106/106048.wav,107,1,1,0,0,1,0,0,0,0,1,0,0,1,0,0,0,0,0,0,0,0,0,0
data/audio_wav/106/106049.wav,107,1,1,0,0,1,0,0,0,0,1,0,0,1,0,0,0,0,0,0,0,0,0,0
data/audio_wav/107/107000.wav,108,1,1,0,0,1,0,0,0,0,1,0,0,0,1,0,0,0,0,0,0,0,0,0
data/audio_wav/107/107001.wav,108,1,1,0,0,1,0,0,0,0,1,0,0,0,1,0,0,0,0,0,0,0,0,0
data/audio_wav/107/107002.wav,108,1,1,0,0,1,0,0,0,0,1,0,0,0,1,0,0,0,0,0,0,0,0,0
data/audio_wav/107/107003.wav,108,1,1,0,0,1,0,0,0,0,1,0,0,0,1,0,0,0,0,0,0,0,0,0
data/audio_wav/107/107004.wav,108,1,1,0,0,1,0,0,0,0,1,0,0,0,1,0,0,0,0,0,0,0,0,0
data/audio_wav/107/107005.wav,108,1,1,0,0,1,0,0,0,0,1,0,0,0,1,0,0,0,0,0,0,0,0,0
data/audio_wav/107/107006.wav,108,1,1,0,0,1,0,0,0,0,1,0,0,0,1,0,0,0,0,0,0,0,0,0
data/audio_wav/107/107007.wav,108,1,1,0,0,1,0,0,0,0,1,0,0,0,1,0,0,0,0,0,0,0,0,0
data/audio_wav/107/107008.wav,108,1,1,0,0,1,0,0,0,0,1,0,0,0,1,0,0,0,0,0,0,0,0,0
data/audio_wav/107/107009.wav,108,1,1,0,0,1,0,0,0,0,1,0,0,0,1,0,0,0,0,0,0,0,0,0
data/audio_wav/107/107010.wav,108,1,1,0,0,1,0,0,0,0,1,0,0,0,1,0,0,0,0,0,0,0,0,0
data/audio_wav/107/107011.wav,108,1,1,0,0,1,0,0,0,0,1,0,0,0,1,0,0,0,0,0,0,0,0,0
data/audio_wav/107/107012.wav,108,1,1,0,0,1,0,0,0,0,1,0,0,0,1,0,0,0,0,0,0,0,0,0
data/audio_wav/107/107013.wav,108,1,1,0,0,1,0,0,0,0,1,0,0,0,1,0,0,0,0,0,0,0,0,0
data/audio_wav/107/107014.wav,108,1,1,0,0,1,0,0,0,0,1,0,0,0,1,0,0,0,0,0,0,0,0,0
data/audio_wav/107/107015.wav,108,1,1,0,0,1,0,0,0,0,1,0,0,0,1,0,0,0,0,0,0,0,0,0
data/audio_wav/107/107016.wav,108,1,1,0,0,1,0,0,0,0,1,0,0,0,1,0,0,0,0,0,0,0,0,0
data/audio_wav/107/107017.wav,108,1,1,0,0,1,0,0,0,0,1,0,0,0,1,0,0,0,0,0,0,0,0,0
data/audio_wav/107/107018.wav,108,1,1,0,0,1,0,0,0,0,1,0,0,0,1,0,0,0,0,0,0,0,0,0
data/audio_wav/107/107019.wav,108,1,1,0,0,1,0,0,0,0,1,0,0,0,1,0,0,0,0,0,0,0,0,0
data/audio_wav/107/107020.wav,108,1,1,0,0,1,0,0,0,0,1,0,0,0,1,0,0,0,0,0,0,0,0,0
data/audio_wav/107/107021.wav,108,1,1,0,0,1,0,0,0,0,1,0,0,0,1,0,0,0,0,0,0,0,0,0
data/audio_wav/107/107022.wav,108,1,1,0,0,1,0,0,0,0,1,0,0,0,1,0,0,0,0,0,0,0,0,0
data/audio_wav/107/107023.wav,108,1,1,0,0,1,0,0,0,0,1,0,0,0,1,0,0,0,0,0,0,0,0,0
data/audio_wav/107/107024.wav,108,1,1,0,0,1,0,0,0,0,1,0,0,0,1,0,0,0,0,0,0,0,0,0
data/audio_wav/107/107025.wav,108,1,1,0,0,1,0,0,0,0,1,0,0,0,1,0,0,0,0,0,0,0,0,0
data/audio_wav/107/107026.wav,108,1,1,0,0,1,0,0,0,0,1,0,0,0,1,0,0,0,0,0,0,0,0,0
data/audio_wav/107/107027.wav,108,1,1,0,0,1,0,0,0,0,1,0,0,0,1,0,0,0,0,0,0,0,0,0
data/audio_wav/107/107028.wav,108,1,1,0,0,1,0,0,0,0,1,0,0,0,1,0,0,0,0,0,0,0,0,0
data/audio_wav/107/107029.wav,108,1,1,0,0,1,0,0,0,0,1,0,0,0,1,0,0,0,0,0,0,0,0,0
data/audio_wav/107/107030.wav,108,1,1,0,0,1,0,0,0,0,1,0,0,0,1,0,0,0,0,0,0,0,0,0
data/audio_wav/107/107031.wav,108,1,1,0,0,1,0,0,0,0,1,0,0,0,1,0,0,0,0,0,0,0,0,0
data/audio_wav/107/107032.wav,108,1,1,0,0,1,0,0,0,0,1,0,0,0,1,0,0,0,0,0,0,0,0,0
data/audio_wav/107/107033.wav,108,1,1,0,0,1,0,0,0,0,1,0,0,0,1,0,0,0,0,0,0,0,0,0
data/audio_wav/107/107034.wav,108,1,1,0,0,1,0,0,0,0,1,0,0,0,1,0,0,0,0,0,0,0,0,0
data/audio_wav/107/107035.wav,108,1,1,0,0,1,0,0,0,0,1,0,0,0,1,0,0,0,0,0,0,0,0,0
data/audio_wav/107/107036.wav,108,1,1,0,0,1,0,0,0,0,1,0,0,0,1,0,0,0,0,0,0,0,0,0
data/audio_wav/107/107037.wav,108,1,1,0,0,1,0,0,0,0,1,0,0,0,1,0,0,0,0,0,0,0,0,0
data/audio_wav/107/107038.wav,108,1,1,0,0,1,0,0,0,0,1,0,0,0,1,0,0,0,0,0,0,0,0,0
data/audio_wav/107/107039.wav,108,1,1,0,0,1,0,0,0,0,1,0,0,0,1,0,0,0,0,0,0,0,0,0
data/audio_wav/107/107040.wav,108,1,1,0,0,1,0,0,0,0,1,0,0,0,1,0,0,0,0,0,0,0,0,0
data/audio_wav/107/107041.wav,108,1,1,0,0,1,0,0,0,0,1,0,0,0,1,0,0,0,0,0,0,0,0,0
data/audio_wav/107/107042.wav,108,1,1,0,0,1,0,0,0,0,1,0,0,0,1,0,0,0,0,0,0,0,0,0
data/audio_wav/107/107043.wav,108,1,1,0,0,1,0,0,0,0,1,0,0,0,1,0,0,0,0,0,0,0,0,0
data/audio_wav/107/107044.wav,108,1,1,0,0,1,0,0,0,0,1,0,0,0,1,0,0,0,0,0,0,0,0,0
data/audio_wav/107/107045.wav,108,1,1,0,0,1,0,0,0,0,1,0,0,0,1,0,0,0,0,0,0,0,0,0
data/audio_wav/107/107046.wav,108,1,1,0,0,1,0,0,0,0,1,0,0,0,1,0,0,0,0,0,0,0,0,0
data/audio_wav/107/107047.wav,108,1,1,0,0,1,0,0,0,0,1,0,0,0,1,0,0,0,0,0,0,0,0,0
data/audio_wav/107/107048.wav,108,1,1,0,0,1,0,0,0,0,1,0,0,0,1,0,0,0,0,0,0,0,0,0
data/audio_wav/107/107049.wav,108,1,1,0,0,1,0,0,0,0,1,0,0,0,1,0,0,0,0,0,0,0,0,0
data/audio_wav/108/108000.wav,109,1,1,0,0,1,0,0,0,0,1,0,0,0,0,1,0,0,0,0,0,0,0,0
data/audio_wav/108/108001.wav,109,1,1,0,0,1,0,0,0,0,1,0,0,0,0,1,0,0,0,0,0,0,0,0
data/audio_wav/108/108002.wav,109,1,1,0,0,1,0,0,0,0,1,0,0,0,0,1,0,0,0,0,0,0,0,0
data/audio_wav/108/108003.wav,109,1,1,0,0,1,0,0,0,0,1,0,0,0,0,1,0,0,0,0,0,0,0,0
data/audio_wav/108/108004.wav,109,1,1,0,0,1,0,0,0,0,1,0,0,0,0,1,0,0,0,0,0,0,0,0
data/audio_wav/108/108005.wav,109,1,1,0,0,1,0,0,0,0,1,0,0,0,0,1,0,0,0,0,0,0,0,0
data/audio_wav/108/108006.wav,109,1,1,0,0,1,0,0,0,0,1,0,0,0,0,1,0,0,0,0,0,0,0,0
data/audio_wav/108/108007.wav,109,1,1,0,0,1,0,0,0,0,1,0,0,0,0,1,0,0,0,0,0,0,0,0
data/audio_wav/108/108008.wav,109,1,1,0,0,1,0,0,0,0,1,0,0,0,0,1,0,0,0,0,0,0,0,0
data/audio_wav/108/108009.wav,109,1,1,0,0,1,0,0,0,0,1,0,0,0,0,1,0,0,0,0,0,0,0,0
data/audio_wav/108/108010.wav,109,1,1,0,0,1,0,0,0,0,1,0,0,0,0,1,0,0,0,0,0,0,0,0
data/audio_wav/108/108011.wav,109,1,1,0,0,1,0,0,0,0,1,0,0,0,0,1,0,0,0,0,0,0,0,0
data/audio_wav/108/108012.wav,109,1,1,0,0,1,0,0,0,0,1,0,0,0,0,1,0,0,0,0,0,0,0,0
data/audio_wav/108/108013.wav,109,1,1,0,0,1,0,0,0,0,1,0,0,0,0,1,0,0,0,0,0,0,0,0
data/audio_wav/108/108014.wav,109,1,1,0,0,1,0,0,0,0,1,0,0,0,0,1,0,0,0,0,0,0,0,0
data/audio_wav/108/108015.wav,109,1,1,0,0,1,0,0,0,0,1,0,0,0,0,1,0,0,0,0,0,0,0,0
data/audio_wav/108/108016.wav,109,1,1,0,0,1,0,0,0,0,1,0,0,0,0,1,0,0,0,0,0,0,0,0
data/audio_wav/108/108017.wav,109,1,1,0,0,1,0,0,0,0,1,0,0,0,0,1,0,0,0,0,0,0,0,0
data/audio_wav/108/108018.wav,109,1,1,0,0,1,0,0,0,0,1,0,0,0,0,1,0,0,0,0,0,0,0,0
data/audio_wav/108/108019.wav,109,1,1,0,0,1,0,0,0,0,1,0,0,0,0,1,0,0,0,0,0,0,0,0
data/audio_wav/108/108020.wav,109,1,1,0,0,1,0,0,0,0,1,0,0,0,0,1,0,0,0,0,0,0,0,0
data/audio_wav/108/108021.wav,109,1,1,0,0,1,0,0,0,0,1,0,0,0,0,1,0,0,0,0,0,0,0,0
data/audio_wav/108/108022.wav,109,1,1,0,0,1,0,0,0,0,1,0,0,0,0,1,0,0,0,0,0,0,0,0
data/audio_wav/108/108023.wav,109,1,1,0,0,1,0,0,0,0,1,0,0,0,0,1,0,0,0,0,0,0,0,0
data/audio_wav/108/108024.wav,109,1,1,0,0,1,0,0,0,0,1,0,0,0,0,1,0,0,0,0,0,0,0,0
data/audio_wav/108/108025.wav,109,1,1,0,0,1,0,0,0,0,1,0,0,0,0,1,0,0,0,0,0,0,0,0
data/audio_wav/108/108026.wav,109,1,1,0,0,1,0,0,0,0,1,0,0,0,0,1,0,0,0,0,0,0,0,0
data/audio_wav/108/108027.wav,109,1,1,0,0,1,0,0,0,0,1,0,0,0,0,1,0,0,0,0,0,0,0,0
data/audio_wav/108/108028.wav,109,1,1,0,0,1,0,0,0,0,1,0,0,0,0,1,0,0,0,0,0,0,0,0
data/audio_wav/108/108029.wav,109,1,1,0,0,1,0,0,0,0,1,0,0,0,0,1,0,0,0,0,0,0,0,0
data/audio_wav/108/108030.wav,109,1,1,0,0,1,0,0,0,0,1,0,0,0,0,1,0,0,0,0,0,0,0,0
data/audio_wav/108/108031.wav,109,1,1,0,0,1,0,0,0,0,1,0,0,0,0,1,0,0,0,0,0,0,0,0
data/audio_wav/108/108032.wav,109,1,1,0,0,1,0,0,0,0,1,0,0,0,0,1,0,0,0,0,0,0,0,0
data/audio_wav/108/108033.wav,109,1,1,0,0,1,0,0,0,0,1,0,0,0,0,1,0,0,0,0,0,0,0,0
data/audio_wav/108/108034.wav,109,1,1,0,0,1,0,0,0,0,1,0,0,0,0,1,0,0,0,0,0,0,0,0
data/audio_wav/108/108035.wav,109,1,1,0,0,1,0,0,0,0,1,0,0,0,0,1,0,0,0,0,0,0,0,0
data/audio_wav/108/108036.wav,109,1,1,0,0,1,0,0,0,0,1,0,0,0,0,1,0,0,0,0,0,0,0,0
data/audio_wav/108/108037.wav,109,1,1,0,0,1,0,0,0,0,1,0,0,0,0,1,0,0,0,0,0,0,0,0
data/audio_wav/108/108038.wav,109,1,1,0,0,1,0,0,0,0,1,0,0,0,0,1,0,0,0,0,0,0,0,0
data/audio_wav/108/108039.wav,109,1,1,0,0,1,0,0,0,0,1,0,0,0,0,1,0,0,0,0,0,0,0,0
data/audio_wav/108/108040.wav,109,1,1,0,0,1,0,0,0,0,1,0,0,0,0,1,0,0,0,0,0,0,0,0
data/audio_wav/108/108041.wav,109,1,1,0,0,1,0,0,0,0,1,0,0,0,0,1,0,0,0,0,0,0,0,0
data/audio_wav/108/108042.wav,109,1,1,0,0,1,0,0,0,0,1,0,0,0,0,1,0,0,0,0,0,0,0,0
data/audio_wav/108/108043.wav,109,1,1,0,0,1,0,0,0,0,1,0,0,0,0,1,0,0,0,0,0,0,0,0
data/audio_wav/108/108044.wav,109,1,1,0,0,1,0,0,0,0,1,0,0,0,0,1,0,0,0,0,0,0,0,0
data/audio_wav/108/108045.wav,109,1,1,0,0,1,0,0,0,0,1,0,0,0,0,1,0,0,0,0,0,0,0,0
data/audio_wav/108/108046.wav,109,1,1,0,0,1,0,0,0,0,1,0,0,0,0,1,0,0,0,0,0,0,0,0
data/audio_wav/108/108047.wav,109,1,1,0,0,1,0,0,0,0,1,0,0,0,0,1,0,0,0,0,0,0,0,0
data/audio_wav/108/108048.wav,109,1,1,0,0,1,0,0,0,0,1,0,0,0,0,1,0,0,0,0,0,0,0,0
data/audio_wav/108/108049.wav,109,1,1,0,0,1,0,0,0,0,1,0,0,0,0,1,0,0,0,0,0,0,0,0
data/audio_wav/109/109000.wav,110,1,1,0,0,1,0,0,0,0,1,0,0,0,0,0,1,0,0,0,0,0,0,0
data/audio_wav/109/109001.wav,110,1,1,0,0,1,0,0,0,0,1,0,0,0,0,0,1,0,0,0,0,0,0,0
data/audio_wav/109/109002.wav,110,1,1,0,0,1,0,0,0,0,1,0,0,0,0,0,1,0,0,0,0,0,0,0
data/audio_wav/109/109003.wav,110,1,1,0,0,1,0,0,0,0,1,0,0,0,0,0,1,0,0,0,0,0,0,0
data/audio_wav/109/109004.wav,110,1,1,0,0,1,0,0,0,0,1,0,0,0,0,0,1,0,0,0,0,0,0,0
data/audio_wav/109/109005.wav,110,1,1,0,0,1,0,0,0,0,1,0,0,0,0,0,1,0,0,0,0,0,0,0
data/audio_wav/109/109006.wav,110,1,1,0,0,1,0,0,0,0,1,0,0,0,0,0,1,0,0,0,0,0,0,0
data/audio_wav/109/109007.wav,110,1,1,0,0,1,0,0,0,0,1,0,0,0,0,0,1,0,0,0,0,0,0,0
data/audio_wav/109/109008.wav,110,1,1,0,0,1,0,0,0,0,1,0,0,0,0,0,1,0,0,0,0,0,0,0
data/audio_wav/109/109009.wav,110,1,1,0,0,1,0,0,0,0,1,0,0,0,0,0,1,0,0,0,0,0,0,0
data/audio_wav/109/109010.wav,110,1,1,0,0,1,0,0,0,0,1,0,0,0,0,0,1,0,0,0,0,0,0,0
data/audio_wav/109/109011.wav,110,1,1,0,0,1,0,0,0,0,1,0,0,0,0,0,1,0,0,0,0,0,0,0
data/audio_wav/109/109012.wav,110,1,1,0,0,1,0,0,0,0,1,0,0,0,0,0,1,0,0,0,0,0,0,0
data/audio_wav/109/109013.wav,110,1,1,0,0,1,0,0,0,0,1,0,0,0,0,0,1,0,0,0,0,0,0,0
data/audio_wav/109/109014.wav,110,1,1,0,0,1,0,0,0,0,1,0,0,0,0,0,1,0,0,0,0,0,0,0
data/audio_wav/109/109015.wav,110,1,1,0,0,1,0,0,0,0,1,0,0,0,0,0,1,0,0,0,0,0,0,0
data/audio_wav/109/109016.wav,110,1,1,0,0,1,0,0,0,0,1,0,0,0,0,0,1,0,0,0,0,0,0,0
data/audio_wav/109/109017.wav,110,1,1,0,0,1,0,0,0,0,1,0,0,0,0,0,1,0,0,0,0,0,0,0
data/audio_wav/109/109018.wav,110,1,1,0,0,1,0,0,0,0,1,0,0,0,0,0,1,0,0,0,0,0,0,0
data/audio_wav/109/109019.wav,110,1,1,0,0,1,0,0,0,0,1,0,0,0,0,0,1,0,0,0,0,0,0,0
data/audio_wav/109/109020.wav,110,1,1,0,0,1,0,0,0,0,1,0,0,0,0,0,1,0,0,0,0,0,0,0
data/audio_wav/109/109021.wav,110,1,1,0,0,1,0,0,0,0,1,0,0,0,0,0,1,0,0,0,0,0,0,0
data/audio_wav/109/109022.wav,110,1,1,0,0,1,0,0,0,0,1,0,0,0,0,0,1,0,0,0,0,0,0,0
data/audio_wav/109/109023.wav,110,1,1,0,0,1,0,0,0,0,1,0,0,0,0,0,1,0,0,0,0,0,0,0
data/audio_wav/109/109024.wav,110,1,1,0,0,1,0,0,0,0,1,0,0,0,0,0,1,0,0,0,0,0,0,0
data/audio_wav/109/109025.wav,110,1,1,0,0,1,0,0,0,0,1,0,0,0,0,0,1,0,0,0,0,0,0,0
data/audio_wav/109/109026.wav,110,1,1,0,0,1,0,0,0,0,1,0,0,0,0,0,1,0,0,0,0,0,0,0
data/audio_wav/109/109027.wav,110,1,1,0,0,1,0,0,0,0,1,0,0,0,0,0,1,0,0,0,0,0,0,0
data/audio_wav/109/109028.wav,110,1,1,0,0,1,0,0,0,0,1,0,0,0,0,0,1,0,0,0,0,0,0,0
data/audio_wav/109/109029.wav,110,1,1,0,0,1,0,0,0,0,1,0,0,0,0,0,1,0,0,0,0,0,0,0
data/audio_wav/109/109030.wav,110,1,1,0,0,1,0,0,0,0,1,0,0,0,0,0,1,0,0,0,0,0,0,0
data/audio_wav/109/109031.wav,110,1,1,0,0,1,0,0,0,0,1,0,0,0,0,0,1,0,0,0,0,0,0,0
data/audio_wav/109/109032.wav,110,1,1,0,0,1,0,0,0,0,1,0,0,0,0,0,1,0,0,0,0,0,0,0
data/audio_wav/109/109033.wav,110,1,1,0,0,1,0,0,0,0,1,0,0,0,0,0,1,0,0,0,0,0,0,0
data/audio_wav/109/109034.wav,110,1,1,0,0,1,0,0,0,0,1,0,0,0,0,0,1,0,0,0,0,0,0,0
data/audio_wav/109/109035.wav,110,1,1,0,0,1,0,0,0,0,1,0,0,0,0,0,1,0,0,0,0,0,0,0
data/audio_wav/109/109036.wav,110,1,1,0,0,1,0,0,0,0,1,0,0,0,0,0,1,0,0,0,0,0,0,0
data/audio_wav/109/109037.wav,110,1,1,0,0,1,0,0,0,0,1,0,0,0,0,0,1,0,0,0,0,0,0,0
data/audio_wav/109/109038.wav,110,1,1,0,0,1,0,0,0,0,1,0,0,0,0,0,1,0,0,0,0,0,0,0
data/audio_wav/109/109039.wav,110,1,1,0,0,1,0,0,0,0,1,0,0,0,0,0,1,0,0,0,0,0,0,0
data/audio_wav/109/109040.wav,110,1,1,0,0,1,0,0,0,0,1,0,0,0,0,0,1,0,0,0,0,0,0,0
data/audio_wav/109/109041.wav,110,1,1,0,0,1,0,0,0,0,1,0,0,0,0,0,1,0,0,0,0,0,0,0
data/audio_wav/109/109042.wav,110,1,1,0,0,1,0,0,0,0,1,0,0,0,0,0,1,0,0,0,0,0,0,0
data/audio_wav/109/109043.wav,110,1,1,0,0,1,0,0,0,0,1,0,0,0,0,0,1,0,0,0,0,0,0,0
data/audio_wav/109/109044.wav,110,1,1,0,0,1,0,0,0,0,1,0,0,0,0,0,1,0,0,0,0,0,0,0
data/audio_wav/109/109045.wav,110,1,1,0,0,1,0,0,0,0,1,0,0,0,0,0,1,0,0,0,0,0,0,0
data/audio_wav/109/109046.wav,110,1,1,0,0,1,0,0,0,0,1,0,0,0,0,0,1,0,0,0,0,0,0,0
data/audio_wav/109/109047.wav,110,1,1,0,0,1,0,0,0,0,1,0,0,0,0,0,1,0,0,0,0,0,0,0
data/audio_wav/109/109048.wav,110,1,1,0,0,1,0,0,0,0,1,0,0,0,0,0,1,0,0,0,0,0,0,0
data/audio_wav/109/109049.wav,110,1,1,0,0,1,0,0,0,0,1,0,0,0,0,0,1,0,0,0,0,0,0,0
data/audio_wav/110/110000.wav,111,1,1,0,0,1,0,0,0,0,1,0,0,0,0,0,0,1,0,0,0,0,0,0
data/audio_wav/110/110001.wav,111,1,1,0,0,1,0,0,0,0,1,0,0,0,0,0,0,1,0,0,0,0,0,0
data/audio_wav/110/110002.wav,111,1,1,0,0,1,0,0,0,0,1,0,0,0,0,0,0,1,0,0,0,0,0,0
data/audio_wav/110/110003.wav,111,1,1,0,0,1,0,0,0,0,1,0,0,0,0,0,0,1,0,0,0,0,0,0
data/audio_wav/110/110004.wav,111,1,1,0,0,1,0,0,0,0,1,0,0,0,0,0,0,1,0,0,0,0,0,0
data/audio_wav/110/110005.wav,111,1,1,0,0,1,0,0,0,0,1,0,0,0,0,0,0,1,0,0,0,0,0,0
data/audio_wav/110/110006.wav,111,1,1,0,0,1,0,0,0,0,1,0,0,0,0,0,0,1,0,0,0,0,0,0
data/audio_wav/110/110007.wav,111,1,1,0,0,1,0,0,0,0,1,0,0,0,0,0,0,1,0,0,0,0,0,0
data/audio_wav/110/110008.wav,111,1,1,0,0,1,0,0,0,0,1,0,0,0,0,0,0,1,0,0,0,0,0,0
data/audio_wav/110/110009.wav,111,1,1,0,0,1,0,0,0,0,1,0,0,0,0,0,0,1,0,0,0,0,0,0
data/audio_wav/110/110010.wav,111,1,1,0,0,1,0,0,0,0,1,0,0,0,0,0,0,1,0,0,0,0,0,0
data/audio_wav/110/110011.wav,111,1,1,0,0,1,0,0,0,0,1,0,0,0,0,0,0,1,0,0,0,0,0,0
data/audio_wav/110/110012.wav,111,1,1,0,0,1,0,0,0,0,1,0,0,0,0,0,0,1,0,0,0,0,0,0
data/audio_wav/110/110013.wav,111,1,1,0,0,1,0,0,0,0,1,0,0,0,0,0,0,1,0,0,0,0,0,0
data/audio_wav/110/110014.wav,111,1,1,0,0,1,0,0,0,0,1,0,0,0,0,0,0,1,0,0,0,0,0,0
data/audio_wav/110/110015.wav,111,1,1,0,0,1,0,0,0,0,1,0,0,0,0,0,0,1,0,0,0,0,0,0
data/audio_wav/110/110016.wav,111,1,1,0,0,1,0,0,0,0,1,0,0,0,0,0,0,1,0,0,0,0,0,0
data/audio_wav/110/110017.wav,111,1,1,0,0,1,0,0,0,0,1,0,0,0,0,0,0,1,0,0,0,0,0,0
data/audio_wav/110/110018.wav,111,1,1,0,0,1,0,0,0,0,1,0,0,0,0,0,0,1,0,0,0,0,0,0
data/audio_wav/110/110019.wav,111,1,1,0,0,1,0,0,0,0,1,0,0,0,0,0,0,1,0,0,0,0,0,0
data/audio_wav/110/110020.wav,111,1,1,0,0,1,0,0,0,0,1,0,0,0,0,0,0,1,0,0,0,0,0,0
data/audio_wav/110/110021.wav,111,1,1,0,0,1,0,0,0,0,1,0,0,0,0,0,0,1,0,0,0,0,0,0
data/audio_wav/110/110022.wav,111,1,1,0,0,1,0,0,0,0,1,0,0,0,0,0,0,1,0,0,0,0,0,0
data/audio_wav/110/110023.wav,111,1,1,0,0,1,0,0,0,0,1,0,0,0,0,0,0,1,0,0,0,0,0,0
data/audio_wav/110/110024.wav,111,1,1,0,0,1,0,0,0,0,1,0,0,0,0,0,0,1,0,0,0,0,0,0
data/audio_wav/110/110025.wav,111,1,1,0,0,1,0,0,0,0,1,0,0,0,0,0,0,1,0,0,0,0,0,0
data/audio_wav/110/110026.wav,111,1,1,0,0,1,0,0,0,0,1,0,0,0,0,0,0,1,0,0,0,0,0,0
data/audio_wav/110/110027.wav,111,1,1,0,0,1,0,0,0,0,1,0,0,0,0,0,0,1,0,0,0,0,0,0
data/audio_wav/110/110028.wav,111,1,1,0,0,1,0,0,0,0,1,0,0,0,0,0,0,1,0,0,0,0,0,0
data/audio_wav/110/110029.wav,111,1,1,0,0,1,0,0,0,0,1,0,0,0,0,0,0,1,0,0,0,0,0,0
data/audio_wav/110/110030.wav,111,1,1,0,0,1,0,0,0,0,1,0,0,0,0,0,0,1,0,0,0,0,0,0
data/audio_wav/110/110031.wav,111,1,1,0,0,1,0,0,0,0,1,0,0,0,0,0,0,1,0,0,0,0,0,0
data/audio_wav/110/110032.wav,111,1,1,0,0,1,0,0,0,0,1,0,0,0,0,0,0,1,0,0,0,0,0,0
data/audio_wav/110/110033.wav,111,1,1,0,0,1,0,0,0,0,1,0,0,0,0,0,0,1,0,0,0,0,0,0
data/audio_wav/110/110034.wav,111,1,1,0,0,1,0,0,0,0,1,0,0,0,0,0,0,1,0,0,0,0,0,0
data/audio_wav/110/110035.wav,111,1,1,0,0,1,0,0,0,0,1,0,0,0,0,0,0,1,0,0,0,0,0,0
data/audio_wav/110/110036.wav,111,1,1,0,0,1,0,0,0,0,1,0,0,0,0,0,0,1,0,0,0,0,0,0
data/audio_wav/110/110037.wav,111,1,1,0,0,1,0,0,0,0,1,0,0,0,0,0,0,1,0,0,0,0,0,0
data/audio_wav/110/110038.wav,111,1,1,0,0,1,0,0,0,0,1,0,0,0,0,0,0,1,0,0,0,0,0,0
data/audio_wav/110/110039.wav,111,1,1,0,0,1,0,0,0,0,1,0,0,0,0,0,0,1,0,0,0,0,0,0
data/audio_wav/110/110040.wav,111,1,1,0,0,1,0,0,0,0,1,0,0,0,0,0,0,1,0,0,0,0,0,0
data/audio_wav/110/110041.wav,111,1,1,0,0,1,0,0,0,0,1,0,0,0,0,0,0,1,0,0,0,0,0,0
data/audio_wav/110/110042.wav,111,1,1,0,0,1,0,0,0,0,1,0,0,0,0,0,0,1,0,0,0,0,0,0
data/audio_wav/110/110043.wav,111,1,1,0,0,1,0,0,0,0,1,0,0,0,0,0,0,1,0,0,0,0,0,0
data/audio_wav/110/110044.wav,111,1,1,0,0,1,0,0,0,0,1,0,0,0,0,0,0,1,0,0,0,0,0,0
data/audio_wav/110/110045.wav,111,1,1,0,0,1,0,0,0,0,1,0,0,0,0,0,0,1,0,0,0,0,0,0
data/audio_wav/110/110046.wav,111,1,1,0,0,1,0,0,0,0,1,0,0,0,0,0,0,1,0,0,0,0,0,0
data/audio_wav/110/110047.wav,111,1,1,0,0,1,0,0,0,0,1,0,0,0,0,0,0,1,0,0,0,0,0,0
data/audio_wav/110/110048.wav,111,1,1,0,0,1,0,0,0,0,1,0,0,0,0,0,0,1,0,0,0,0,0,0
data/audio_wav/110/110049.wav,111,1,1,0,0,1,0,0,0,0,1,0,0,0,0,0,0,1,0,0,0,0,0,0
data/audio_wav/111/111000.wav,112,0,0,0,0,1,0,0,0,0,1,0,0,0,0,0,0,0,1,0,0,0,0,0
data/audio_wav/111/111001.wav,112,0,0,0,0,1,0,0,0,0,1,0,0,0,0,0,0,0,1,0,0,0,0,0
data/audio_wav/111/111002.wav,112,0,0,0,0,1,0,0,0,0,1,0,0,0,0,0,0,0,1,0,0,0,0,0
data/audio_wav/111/111003.wav,112,0,0,0,0,1,0,0,0,0,1,0,0,0,0,0,0,0,1,0,0,0,0,0
data/audio_wav/111/111004.wav,112,0,0,0,0,1,0,0,0,0,1,0,0,0,0,0,0,0,1,0,0,0,0,0
data/audio_wav/111/111005.wav,112,0,0,0,0,1,0,0,0,0,1,0,0,0,0,0,0,0,1,0,0,0,0,0
data/audio_wav/111/111006.wav,112,0,0,0,0,1,0,0,0,0,1,0,0,0,0,0,0,0,1,0,0,0,0,0
data/audio_wav/111/111007.wav,112,0,0,0,0,1,0,0,0,0,1,0,0,0,0,0,0,0,1,0,0,0,0,0
data/audio_wav/111/111008.wav,112,0,0,0,0,1,0,0,0,0,1,0,0,0,0,0,0,0,1,0,0,0,0,0
data/audio_wav/111/111009.wav,112,0,0,0,0,1,0,0,0,0,1,0,0,0,0,0,0,0,1,0,0,0,0,0
data/audio_wav/111/111010.wav,112,0,0,0,0,1,0,0,0,0,1,0,0,0,0,0,0,0,1,0,0,0,0,0
data/audio_wav/111/111011.wav,112,0,0,0,0,1,0,0,0,0,1,0,0,0,0,0,0,0,1,0,0,0,0,0
data/audio_wav/111/111012.wav,112,0,0,0,0,1,0,0,0,0,1,0,0,0,0,0,0,0,1,0,0,0,0,0
data/audio_wav/111/111013.wav,112,0,0,0,0,1,0,0,0,0,1,0,0,0,0,0,0,0,1,0,0,0,0,0
data/audio_wav/111/111014.wav,112,0,0,0,0,1,0,0,0,0,1,0,0,0,0,0,0,0,1,0,0,0,0,0
data/audio_wav/111/111015.wav,112,0,0,0,0,1,0,0,0,0,1,0,0,0,0,0,0,0,1,0,0,0,0,0
data/audio_wav/111/111016.wav,112,0,0,0,0,1,0,0,0,0,1,0,0,0,0,0,0,0,1,0,0,0,0,0
data/audio_wav/111/111017.wav,112,0,0,0,0,1,0,0,0,0,1,0,0,0,0,0,0,0,1,0,0,0,0,0
data/audio_wav/111/111018.wav,112,0,0,0,0,1,0,0,0,0,1,0,0,0,0,0,0,0,1,0,0,0,0,0
data/audio_wav/111/111019.wav,112,0,0,0,0,1,0,0,0,0,1,0,0,0,0,0,0,0,1,0,0,0,0,0
data/audio_wav/111/111020.wav,112,0,0,0,0,1,0,0,0,0,1,0,0,0,0,0,0,0,1,0,0,0,0,0
data/audio_wav/111/111021.wav,112,0,0,0,0,1,0,0,0,0,1,0,0,0,0,0,0,0,1,0,0,0,0,0
data/audio_wav/111/111022.wav,112,0,0,0,0,1,0,0,0,0,1,0,0,0,0,0,0,0,1,0,0,0,0,0
data/audio_wav/111/111023.wav,112,0,0,0,0,1,0,0,0,0,1,0,0,0,0,0,0,0,1,0,0,0,0,0
data/audio_wav/111/111024.wav,112,0,0,0,0,1,0,0,0,0,1,0,0,0,0,0,0,0,1,0,0,0,0,0
data/audio_wav/111/111025.wav,112,0,0,0,0,1,0,0,0,0,1,0,0,0,0,0,0,0,1,0,0,0,0,0
data/audio_wav/111/111026.wav,112,0,0,0,0,1,0,0,0,0,1,0,0,0,0,0,0,0,1,0,0,0,0,0
data/audio_wav/111/111027.wav,112,0,0,0,0,1,0,0,0,0,1,0,0,0,0,0,0,0,1,0,0,0,0,0
data/audio_wav/111/111028.wav,112,0,0,0,0,1,0,0,0,0,1,0,0,0,0,0,0,0,1,0,0,0,0,0
data/audio_wav/111/111029.wav,112,0,0,0,0,1,0,0,0,0,1,0,0,0,0,0,0,0,1,0,0,0,0,0
data/audio_wav/111/111030.wav,112,0,0,0,0,1,0,0,0,0,1,0,0,0,0,0,0,0,1,0,0,0,0,0
data/audio_wav/111/111031.wav,112,0,0,0,0,1,0,0,0,0,1,0,0,0,0,0,0,0,1,0,0,0,0,0
data/audio_wav/111/111032.wav,112,0,0,0,0,1,0,0,0,0,1,0,0,0,0,0,0,0,1,0,0,0,0,0
data/audio_wav/111/111033.wav,112,0,0,0,0,1,0,0,0,0,1,0,0,0,0,0,0,0,1,0,0,0,0,0
data/audio_wav/111/111034.wav,112,0,0,0,0,1,0,0,0,0,1,0,0,0,0,0,0,0,1,0,0,0,0,0
data/audio_wav/111/111035.wav,112,0,0,0,0,1,0,0,0,0,1,0,0,0,0,0,0,0,1,0,0,0,0,0
data/audio_wav/111/111036.wav,112,0,0,0,0,1,0,0,0,0,1,0,0,0,0,0,0,0,1,0,0,0,0,0
data/audio_wav/111/111037.wav,112,0,0,0,0,1,0,0,0,0,1,0,0,0,0,0,0,0,1,0,0,0,0,0
data/audio_wav/111/111038.wav,112,0,0,0,0,1,0,0,0,0,1,0,0,0,0,0,0,0,1,0,0,0,0,0
data/audio_wav/111/111039.wav,112,0,0,0,0,1,0,0,0,0,1,0,0,0,0,0,0,0,1,0,0,0,0,0
data/audio_wav/111/111040.wav,112,0,0,0,0,1,0,0,0,0,1,0,0,0,0,0,0,0,1,0,0,0,0,0
data/audio_wav/111/111041.wav,112,0,0,0,0,1,0,0,0,0,1,0,0,0,0,0,0,0,1,0,0,0,0,0
data/audio_wav/111/111042.wav,112,0,0,0,0,1,0,0,0,0,1,0,0,0,0,0,0,0,1,0,0,0,0,0
data/audio_wav/111/111043.wav,112,0,0,0,0,1,0,0,0,0,1,0,0,0,0,0,0,0,1,0,0,0,0,0
data/audio_wav/111/111044.wav,112,0,0,0,0,1,0,0,0,0,1,0,0,0,0,0,0,0,1,0,0,0,0,0
data/audio_wav/111/111045.wav,112,0,0,0,0,1,0,0,0,0,1,0,0,0,0,0,0,0,1,0,0,0,0,0
data/audio_wav/111/111046.wav,112,0,0,0,0,1,0,0,0,0,1,0,0,0,0,0,0,0,1,0,0,0,0,0
data/audio_wav/111/111047.wav,112,0,0,0,0,1,0,0,0,0,1,0,0,0,0,0,0,0,1,0,0,0,0,0
data/audio_wav/111/111048.wav,112,0,0,0,0,1,0,0,0,0,1,0,0,0,0,0,0,0,1,0,0,0,0,0
data/audio_wav/111/111049.wav,112,0,0,0,0,1,0,0,0,0,1,0,0,0,0,0,0,0,1,0,0,0,0,0
data/audio_wav/112/112000.wav,113,0,0,0,0,1,0,0,0,0,1,0,0,0,0,0,0,0,0,1,0,0,0,0
data/audio_wav/112/112001.wav,113,0,0,0,0,1,0,0,0,0,1,0,0,0,0,0,0,0,0,1,0,0,0,0
data/audio_wav/112/112002.wav,113,0,0,0,0,1,0,0,0,0,1,0,0,0,0,0,0,0,0,1,0,0,0,0
data/audio_wav/112/112003.wav,113,0,0,0,0,1,0,0,0,0,1,0,0,0,0,0,0,0,0,1,0,0,0,0
data/audio_wav/112/112004.wav,113,0,0,0,0,1,0,0,0,0,1,0,0,0,0,0,0,0,0,1,0,0,0,0
data/audio_wav/112/112005.wav,113,0,0,0,0,1,0,0,0,0,1,0,0,0,0,0,0,0,0,1,0,0,0,0
data/audio_wav/112/112006.wav,113,0,0,0,0,1,0,0,0,0,1,0,0,0,0,0,0,0,0,1,0,0,0,0
data/audio_wav/112/112007.wav,113,0,0,0,0,1,0,0,0,0,1,0,0,0,0,0,0,0,0,1,0,0,0,0
data/audio_wav/112/112008.wav,113,0,0,0,0,1,0,0,0,0,1,0,0,0,0,0,0,0,0,1,0,0,0,0
data/audio_wav/112/112009.wav,113,0,0,0,0,1,0,0,0,0,1,0,0,0,0,0,0,0,0,1,0,0,0,0
data/audio_wav/112/112010.wav,113,0,0,0,0,1,0,0,0,0,1,0,0,0,0,0,0,0,0,1,0,0,0,0
data/audio_wav/112/112011.wav,113,0,0,0,0,1,0,0,0,0,1,0,0,0,0,0,0,0,0,1,0,0,0,0
data/audio_wav/112/112012.wav,113,0,0,0,0,1,0,0,0,0,1,0,0,0,0,0,0,0,0,1,0,0,0,0
data/audio_wav/112/112013.wav,113,0,0,0,0,1,0,0,0,0,1,0,0,0,0,0,0,0,0,1,0,0,0,0
data/audio_wav/112/112014.wav,113,0,0,0,0,1,0,0,0,0,1,0,0,0,0,0,0,0,0,1,0,0,0,0
data/audio_wav/112/112015.wav,113,0,0,0,0,1,0,0,0,0,1,0,0,0,0,0,0,0,0,1,0,0,0,0
data/audio_wav/112/112016.wav,113,0,0,0,0,1,0,0,0,0,1,0,0,0,0,0,0,0,0,1,0,0,0,0
data/audio_wav/112/112017.wav,113,0,0,0,0,1,0,0,0,0,1,0,0,0,0,0,0,0,0,1,0,0,0,0
data/audio_wav/112/112018.wav,113,0,0,0,0,1,0,0,0,0,1,0,0,0,0,0,0,0,0,1,0,0,0,0
data/audio_wav/112/112019.wav,113,0,0,0,0,1,0,0,0,0,1,0,0,0,0,0,0,0,0,1,0,0,0,0
data/audio_wav/112/112020.wav,113,0,0,0,0,1,0,0,0,0,1,0,0,0,0,0,0,0,0,1,0,0,0,0
data/audio_wav/112/112021.wav,113,0,0,0,0,1,0,0,0,0,1,0,0,0,0,0,0,0,0,1,0,0,0,0
data/audio_wav/112/112022.wav,113,0,0,0,0,1,0,0,0,0,1,0,0,0,0,0,0,0,0,1,0,0,0,0
data/audio_wav/112/112023.wav,113,0,0,0,0,1,0,0,0,0,1,0,0,0,0,0,0,0,0,1,0,0,0,0
data/audio_wav/112/112024.wav,113,0,0,0,0,1,0,0,0,0,1,0,0,0,0,0,0,0,0,1,0,0,0,0
data/audio_wav/112/112025.wav,113,0,0,0,0,1,0,0,0,0,1,0,0,0,0,0,0,0,0,1,0,0,0,0
data/audio_wav/112/112026.wav,113,0,0,0,0,1,0,0,0,0,1,0,0,0,0,0,0,0,0,1,0,0,0,0
data/audio_wav/112/112027.wav,113,0,0,0,0,1,0,0,0,0,1,0,0,0,0,0,0,0,0,1,0,0,0,0
data/audio_wav/112/112028.wav,113,0,0,0,0,1,0,0,0,0,1,0,0,0,0,0,0,0,0,1,0,0,0,0
data/audio_wav/112/112029.wav,113,0,0,0,0,1,0,0,0,0,1,0,0,0,0,0,0,0,0,1,0,0,0,0
data/audio_wav/112/112030.wav,113,0,0,0,0,1,0,0,0,0,1,0,0,0,0,0,0,0,0,1,0,0,0,0
data/audio_wav/112/112031.wav,113,0,0,0,0,1,0,0,0,0,1,0,0,0,0,0,0,0,0,1,0,0,0,0
data/audio_wav/112/112032.wav,113,0,0,0,0,1,0,0,0,0,1,0,0,0,0,0,0,0,0,1,0,0,0,0
data/audio_wav/112/112033.wav,113,0,0,0,0,1,0,0,0,0,1,0,0,0,0,0,0,0,0,1,0,0,0,0
data/audio_wav/112/112034.wav,113,0,0,0,0,1,0,0,0,0,1,0,0,0,0,0,0,0,0,1,0,0,0,0
data/audio_wav/112/112035.wav,113,0,0,0,0,1,0,0,0,0,1,0,0,0,0,0,0,0,0,1,0,0,0,0
data/audio_wav/112/112036.wav,113,0,0,0,0,1,0,0,0,0,1,0,0,0,0,0,0,0,0,1,0,0,0,0
data/audio_wav/112/112037.wav,113,0,0,0,0,1,0,0,0,0,1,0,0,0,0,0,0,0,0,1,0,0,0,0
data/audio_wav/112/112038.wav,113,0,0,0,0,1,0,0,0,0,1,0,0,0,0,0,0,0,0,1,0,0,0,0
data/audio_wav/112/112039.wav,113,0,0,0,0,1,0,0,0,0,1,0,0,0,0,0,0,0,0,1,0,0,0,0
data/audio_wav/112/112040.wav,113,0,0,0,0,1,0,0,0,0,1,0,0,0,0,0,0,0,0,1,0,0,0,0
data/audio_wav/112/112041.wav,113,0,0,0,0,1,0,0,0,0,1,0,0,0,0,0,0,0,0,1,0,0,0,0
data/audio_wav/112/112042.wav,113,0,0,0,0,1,0,0,0,0,1,0,0,0,0,0,0,0,0,1,0,0,0,0
data/audio_wav/112/112043.wav,113,0,0,0,0,1,0,0,0,0,1,0,0,0,0,0,0,0,0,1,0,0,0,0
data/audio_wav/112/112044.wav,113,0,0,0,0,1,0,0,0,0,1,0,0,0,0,0,0,0,0,1,0,0,0,0
data/audio_wav/112/112045.wav,113,0,0,0,0,1,0,0,0,0,1,0,0,0,0,0,0,0,0,1,0,0,0,0
data/audio_wav/112/112046.wav,113,0,0,0,0,1,0,0,0,0,1,0,0,0,0,0,0,0,0,1,0,0,0,0
data/audio_wav/112/112047.wav,113,0,0,0,0,1,0,0,0,0,1,0,0,0,0,0,0,0,0,1,0,0,0,0
data/audio_wav/112/112048.wav,113,0,0,0,0,1,0,0,0,0,1,0,0,0,0,0,0,0,0,1,0,0,0,0
data/audio_wav/112/112049.wav,113,0,0,0,0,1,0,0,0,0,1,0,0,0,0,0,0,0,0,1,0,0,0,0
data/audio_wav/113/113000.wav,114,1,1,0,0,1,0,0,0,0,1,0,0,0,0,0,0,0,0,0,1,0,0,0
data/audio_wav/113/113001.wav,114,1,1,0,0,1,0,0,0,0,1,0,0,0,0,0,0,0,0,0,1,0,0,0
data/audio_wav/113/113002.wav,114,1,1,0,0,1,0,0,0,0,1,0,0,0,0,0,0,0,0,0,1,0,0,0
data/audio_wav/113/113003.wav,114,1,1,0,0,1,0,0,0,0,1,0,0,0,0,0,0,0,0,0,1,0,0,0
data/audio_wav/113/113004.wav,114,1,1,0,0,1,0,0,0,0,1,0,0,0,0,0,0,0,0,0,1,0,0,0
data/audio_wav/113/113005.wav,114,1,1,0,0,1,0,0,0,0,1,0,0,0,0,0,0,0,0,0,1,0,0,0
data/audio_wav/113/113006.wav,114,1,1,0,0,1,0,0,0,0,1,0,0,0,0,0,0,0,0,0,1,0,0,0
data/audio_wav/113/113007.wav,114,1,1,0,0,1,0,0,0,0,1,0,0,0,0,0,0,0,0,0,1,0,0,0
data/audio_wav/113/113008.wav,114,1,1,0,0,1,0,0,0,0,1,0,0,0,0,0,0,0,0,0,1,0,0,0
data/audio_wav/113/113009.wav,114,1,1,0,0,1,0,0,0,0,1,0,0,0,0,0,0,0,0,0,1,0,0,0
data/audio_wav/113/113010.wav,114,1,1,0,0,1,0,0,0,0,1,0,0,0,0,0,0,0,0,0,1,0,0,0
data/audio_wav/113/113011.wav,114,1,1,0,0,1,0,0,0,0,1,0,0,0,0,0,0,0,0,0,1,0,0,0
data/audio_wav/113/113012.wav,114,1,1,0,0,1,0,0,0,0,1,0,0,0,0,0,0,0,0,0,1,0,0,0
data/audio_wav/113/113013.wav,114,1,1,0,0,1,0,0,0,0,1,0,0,0,0,0,0,0,0,0,1,0,0,0
data/audio_wav/113/113014.wav,114,1,1,0,0,1,0,0,0,0,1,0,0,0,0,0,0,0,0,0,1,0,0,0
data/audio_wav/113/113015.wav,114,1,1,0,0,1,0,0,0,0,1,0,0,0,0,0,0,0,0,0,1,0,0,0
data/audio_wav/113/113016.wav,114,1,1,0,0,1,0,0,0,0,1,0,0,0,0,0,0,0,0,0,1,0,0,0
data/audio_wav/113/113017.wav,114,1,1,0,0,1,0,0,0,0,1,0,0,0,0,0,0,0,0,0,1,0,0,0
data/audio_wav/113/113018.wav,114,1,1,0,0,1,0,0,0,0,1,0,0,0,0,0,0,0,0,0,1,0,0,0
data/audio_wav/113/113019.wav,114,1,1,0,0,1,0,0,0,0,1,0,0,0,0,0,0,0,0,0,1,0,0,0
data/audio_wav/113/113020.wav,114,1,1,0,0,1,0,0,0,0,1,0,0,0,0,0,0,0,0,0,1,0,0,0
data/audio_wav/113/113021.wav,114,1,1,0,0,1,0,0,0,0,1,0,0,0,0,0,0,0,0,0,1,0,0,0
data/audio_wav/113/113022.wav,114,1,1,0,0,1,0,0,0,0,1,0,0,0,0,0,0,0,0,0,1,0,0,0
data/audio_wav/113/113023.wav,114,1,1,0,0,1,0,0,0,0,1,0,0,0,0,0,0,0,0,0,1,0,0,0
data/audio_wav/113/113024.wav,114,1,1,0,0,1,0,0,0,0,1,0,0,0,0,0,0,0,0,0,1,0,0,0
data/audio_wav/113/113025.wav,114,1,1,0,0,1,0,0,0,0,1,0,0,0,0,0,0,0,0,0,1,0,0,0
data/audio_wav/113/113026.wav,114,1,1,0,0,1,0,0,0,0,1,0,0,0,0,0,0,0,0,0,1,0,0,0
data/audio_wav/113/113027.wav,114,1,1,0,0,1,0,0,0,0,1,0,0,0,0,0,0,0,0,0,1,0,0,0
data/audio_wav/113/113028.wav,114,1,1,0,0,1,0,0,0,0,1,0,0,0,0,0,0,0,0,0,1,0,0,0
data/audio_wav/113/113029.wav,114,1,1,0,0,1,0,0,0,0,1,0,0,0,0,0,0,0,0,0,1,0,0,0
data/audio_wav/113/113030.wav,114,1,1,0,0,1,0,0,0,0,1,0,0,0,0,0,0,0,0,0,1,0,0,0
data/audio_wav/113/113031.wav,114,1,1,0,0,1,0,0,0,0,1,0,0,0,0,0,0,0,0,0,1,0,0,0
data/audio_wav/113/113032.wav,114,1,1,0,0,1,0,0,0,0,1,0,0,0,0,0,0,0,0,0,1,0,0,0
data/audio_wav/113/113033.wav,114,1,1,0,0,1,0,0,0,0,1,0,0,0,0,0,0,0,0,0,1,0,0,0
data/audio_wav/113/113034.wav,114,1,1,0,0,1,0,0,0,0,1,0,0,0,0,0,0,0,0,0,1,0,0,0
data/audio_wav/113/113035.wav,114,1,1,0,0,1,0,0,0,0,1,0,0,0,0,0,0,0,0,0,1,0,0,0
data/audio_wav/113/113036.wav,114,1,1,0,0,1,0,0,0,0,1,0,0,0,0,0,0,0,0,0,1,0,0,0
data/audio_wav/113/113037.wav,114,1,1,0,0,1,0,0,0,0,1,0,0,0,0,0,0,0,0,0,1,0,0,0
data/audio_wav/113/113038.wav,114,1,1,0,0,1,0,0,0,0,1,0,0,0,0,0,0,0,0,0,1,0,0,0
data/audio_wav/113/113039.wav,114,1,1,0,0,1,0,0,0,0,1,0,0,0,0,0,0,0,0,0,1,0,0,0
data/audio_wav/113/113040.wav,114,1,1,0,0,1,0,0,0,0,1,0,0,0,0,0,0,0,0,0,1,0,0,0
data/audio_wav/113/113041.wav,114,1,1,0,0,1,0,0,0,0,1,0,0,0,0,0,0,0,0,0,1,0,0,0
data/audio_wav/113/113042.wav,114,1,1,0,0,1,0,0,0,0,1,0,0,0,0,0,0,0,0,0,1,0,0,0
data/audio_wav/113/113043.wav,114,1,1,0,0,1,0,0,0,0,1,0,0,0,0,0,0,0,0,0,1,0,0,0
data/audio_wav/113/113044.wav,114,1,1,0,0,1,0,0,0,0,1,0,0,0,0,0,0,0,0,0,1,0,0,0
data/audio_wav/113/113045.wav,114,1,1,0,0,1,0,0,0,0,1,0,0,0,0,0,0,0,0,0,1,0,0,0
data/audio_wav/113/113046.wav,114,1,1,0,0,1,0,0,0,0,1,0,0,0,0,0,0,0,0,0,1,0,0,0
data/audio_wav/113/113047.wav,114,1,1,0,0,1,0,0,0,0,1,0,0,0,0,0,0,0,0,0,1,0,0,0
data/audio_wav/113/113048.wav,114,1,1,0,0,1,0,0,0,0,1,0,0,0,0,0,0,0,0,0,1,0,0,0
data/audio_wav/113/113049.wav,114,1,1,0,0,1,0,0,0,0,1,0,0,0,0,0,0,0,0,0,1,0,0,0
data/audio_wav/114/114000.wav,115,1,2,0,0,1,0,0,0,0,1,0,0,0,0,0,0,0,0,0,0,1,0,0
data/audio_wav/114/114001.wav,115,1,2,0,0,1,0,0,0,0,1,0,0,0,0,0,0,0,0,0,0,1,0,0
data/audio_wav/114/114002.wav,115,1,2,0,0,1,0,0,0,0,1,0,0,0,0,0,0,0,0,0,0,1,0,0
data/audio_wav/114/114003.wav,115,1,2,0,0,1,0,0,0,0,1,0,0,0,0,0,0,0,0,0,0,1,0,0
data/audio_wav/114/114004.wav,115,1,2,0,0,1,0,0,0,0,1,0,0,0,0,0,0,0,0,0,0,1,0,0
data/audio_wav/114/114005.wav,115,1,2,0,0,1,0,0,0,0,1,0,0,0,0,0,0,0,0,0,0,1,0,0
data/audio_wav/114/114006.wav,115,1,2,0,0,1,0,0,0,0,1,0,0,0,0,0,0,0,0,0,0,1,0,0
data/audio_wav/114/114007.wav,115,1,2,0,0,1,0,0,0,0,1,0,0,0,0,0,0,0,0,0,0,1,0,0
data/audio_wav/114/114008.wav,115,1,2,0,0,1,0,0,0,0,1,0,0,0,0,0,0,0,0,0,0,1,0,0
data/audio_wav/114/114009.wav,115,1,2,0,0,1,0,0,0,0,1,0,0,0,0,0,0,0,0,0,0,1,0,0
data/audio_wav/114/114010.wav,115,1,2,0,0,1,0,0,0,0,1,0,0,0,0,0,0,0,0,0,0,1,0,0
data/audio_wav/114/114011.wav,115,1,2,0,0,1,0,0,0,0,1,0,0,0,0,0,0,0,0,0,0,1,0,0
data/audio_wav/114/114012.wav,115,1,2,0,0,1,0,0,0,0,1,0,0,0,0,0,0,0,0,0,0,1,0,0
data/audio_wav/114/114013.wav,115,1,2,0,0,1,0,0,0,0,1,0,0,0,0,0,0,0,0,0,0,1,0,0
data/audio_wav/114/114014.wav,115,1,2,0,0,1,0,0,0,0,1,0,0,0,0,0,0,0,0,0,0,1,0,0
data/audio_wav/114/114015.wav,115,1,2,0,0,1,0,0,0,0,1,0,0,0,0,0,0,0,0,0,0,1,0,0
data/audio_wav/114/114016.wav,115,1,2,0,0,1,0,0,0,0,1,0,0,0,0,0,0,0,0,0,0,1,0,0
data/audio_wav/114/114017.wav,115,1,2,0,0,1,0,0,0,0,1,0,0,0,0,0,0,0,0,0,0,1,0,0
data/audio_wav/114/114018.wav,115,1,2,0,0,1,0,0,0,0,1,0,0,0,0,0,0,0,0,0,0,1,0,0
data/audio_wav/114/114019.wav,115,1,2,0,0,1,0,0,0,0,1,0,0,0,0,0,0,0,0,0,0,1,0,0
data/audio_wav/114/114020.wav,115,1,2,0,0,1,0,0,0,0,1,0,0,0,0,0,0,0,0,0,0,1,0,0
data/audio_wav/114/114021.wav,115,1,2,0,0,1,0,0,0,0,1,0,0,0,0,0,0,0,0,0,0,1,0,0
data/audio_wav/114/114022.wav,115,1,2,0,0,1,0,0,0,0,1,0,0,0,0,0,0,0,0,0,0,1,0,0
data/audio_wav/114/114023.wav,115,1,2,0,0,1,0,0,0,0,1,0,0,0,0,0,0,0,0,0,0,1,0,0
data/audio_wav/114/114024.wav,115,1,2,0,0,1,0,0,0,0,1,0,0,0,0,0,0,0,0,0,0,1,0,0
data/audio_wav/114/114025.wav,115,1,2,0,0,1,0,0,0,0,1,0,0,0,0,0,0,0,0,0,0,1,0,0
data/audio_wav/114/114026.wav,115,1,2,0,0,1,0,0,0,0,1,0,0,0,0,0,0,0,0,0,0,1,0,0
data/audio_wav/114/114027.wav,115,1,2,0,0,1,0,0,0,0,1,0,0,0,0,0,0,0,0,0,0,1,0,0
data/audio_wav/114/114028.wav,115,1,2,0,0,1,0,0,0,0,1,0,0,0,0,0,0,0,0,0,0,1,0,0
data/audio_wav/114/114029.wav,115,1,2,0,0,1,0,0,0,0,1,0,0,0,0,0,0,0,0,0,0,1,0,0
data/audio_wav/114/114030.wav,115,1,2,0,0,1,0,0,0,0,1,0,0,0,0,0,0,0,0,0,0,1,0,0
data/audio_wav/114/114031.wav,115,1,2,0,0,1,0,0,0,0,1,0,0,0,0,0,0,0,0,0,0,1,0,0
data/audio_wav/114/114032.wav,115,1,2,0,0,1,0,0,0,0,1,0,0,0,0,0,0,0,0,0,0,1,0,0
data/audio_wav/114/114033.wav,115,1,2,0,0,1,0,0,0,0,1,0,0,0,0,0,0,0,0,0,0,1,0,0
data/audio_wav/114/114034.wav,115,1,2,0,0,1,0,0,0,0,1,0,0,0,0,0,0,0,0,0,0,1,0,0
data/audio_wav/114/114035.wav,115,1,2,0,0,1,0,0,0,0,1,0,0,0,0,0,0,0,0,0,0,1,0,0
data/audio_wav/114/114036.wav,115,1,2,0,0,1,0,0,0,0,1,0,0,0,0,0,0,0,0,0,0,1,0,0
data/audio_wav/114/114037.wav,115,1,2,0,0,1,0,0,0,0,1,0,0,0,0,0,0,0,0,0,0,1,0,0
data/audio_wav/114/114038.wav,115,1,2,0,0,1,0,0,0,0,1,0,0,0,0,0,0,0,0,0,0,1,0,0
data/audio_wav/114/114039.wav,115,1,2,0,0,1,0,0,0,0,1,0,0,0,0,0,0,0,0,0,0,1,0,0
data/audio_wav/114/114040.wav,115,1,2,0,0,1,0,0,0,0,1,0,0,0,0,0,0,0,0,0,0,1,0,0
data/audio_wav/114/114041.wav,115,1,2,0,0,1,0,0,0,0,1,0,0,0,0,0,0,0,0,0,0,1,0,0
data/audio_wav/114/114042.wav,115,1,2,0,0,1,0,0,0,0,1,0,0,0,0,0,0,0,0,0,0,1,0,0
data/audio_wav/114/114043.wav,115,1,2,0,0,1,0,0,0,0,1,0,0,0,0,0,0,0,0,0,0,1,0,0
data/audio_wav/114/114044.wav,115,1,2,0,0,1,0,0,0,0,1,0,0,0,0,0,0,0,0,0,0,1,0,0
data/audio_wav/114/114045.wav,115,1,2,0,0,1,0,0,0,0,1,0,0,0,0,0,0,0,0,0,0,1,0,0
data/audio_wav/114/114046.wav,115,1,2,0,0,1,0,0,0,0,1,0,0,0,0,0,0,0,0,0,0,1,0,0
data/audio_wav/114/114047.wav,115,1,2,0,0,1,0,0,0,0,1,0,0,0,0,0,0,0,0,0,0,1,0,0
data/audio_wav/114/114048.wav,115,1,2,0,0,1,0,0,0,0,1,0,0,0,0,0,0,0,0,0,0,1,0,0
data/audio_wav/114/114049.wav,115,1,2,0,0,1,0,0,0,0,1,0,0,0,0,0,0,0,0,0,0,1,0,0
data/audio_wav/115/115000.wav,116,1,2,0,0,1,0,0,0,0,1,0,0,0,0,0,0,0,0,0,0,0,1,0
data/audio_wav/115/115001.wav,116,1,2,0,0,1,0,0,0,0,1,0,0,0,0,0,0,0,0,0,0,0,1,0
data/audio_wav/115/115002.wav,116,1,2,0,0,1,0,0,0,0,1,0,0,0,0,0,0,0,0,0,0,0,1,0
data/audio_wav/115/115003.wav,116,1,2,0,0,1,0,0,0,0,1,0,0,0,0,0,0,0,0,0,0,0,1,0
data/audio_wav/115/115004.wav,116,1,2,0,0,1,0,0,0,0,1,0,0,0,0,0,0,0,0,0,0,0,1,0
data/audio_wav/115/115005.wav,116,1,2,0,0,1,0,0,0,0,1,0,0,0,0,0,0,0,0,0,0,0,1,0
data/audio_wav/115/115006.wav,116,1,2,0,0,1,0,0,0,0,1,0,0,0,0,0,0,0,0,0,0,0,1,0
data/audio_wav/115/115007.wav,116,1,2,0,0,1,0,0,0,0,1,0,0,0,0,0,0,0,0,0,0,0,1,0
data/audio_wav/115/115008.wav,116,1,2,0,0,1,0,0,0,0,1,0,0,0,0,0,0,0,0,0,0,0,1,0
data/audio_wav/115/115009.wav,116,1,2,0,0,1,0,0,0,0,1,0,0,0,0,0,0,0,0,0,0,0,1,0
data/audio_wav/115/115010.wav,116,1,2,0,0,1,0,0,0,0,1,0,0,0,0,0,0,0,0,0,0,0,1,0
data/audio_wav/115/115011.wav,116,1,2,0,0,1,0,0,0,0,1,0,0,0,0,0,0,0,0,0,0,0,1,0
data/audio_wav/115/115012.wav,116,1,2,0,0,1,0,0,0,0,1,0,0,0,0,0,0,0,0,0,0,0,1,0
data/audio_wav/115/115013.wav,116,1,2,0,0,1,0,0,0,0,1,0,0,0,0,0,0,0,0,0,0,0,1,0
data/audio_wav/115/115014.wav,116,1,2,0,0,1,0,0,0,0,1,0,0,0,0,0,0,0,0,0,0,0,1,0
data/audio_wav/115/115015.wav,116,1,2,0,0,1,0,0,0,0,1,0,0,0,0,0,0,0,0,0,0,0,1,0
data/audio_wav/115/115016.wav,116,1,2,0,0,1,0,0,0,0,1,0,0,0,0,0,0,0,0,0,0,0,1,0
data/audio_wav/115/115017.wav,116,1,2,0,0,1,0,0,0,0,1,0,0,0,0,0,0,0,0,0,0,0,1,0
data/audio_wav/115/115018.wav,116,1,2,0,0,1,0,0,0,0,1,0,0,0,0,0,0,0,0,0,0,0,1,0
data/audio_wav/115/115019.wav,116,1,2,0,0,1,0,0,0,0,1,0,0,0,0,0,0,0,0,0,0,0,1,0
data/audio_wav/115/115020.wav,116,1,2,0,0,1,0,0,0,0,1,0,0,0,0,0,0,0,0,0,0,0,1,0
data/audio_wav/115/115021.wav,116,1,2,0,0,1,0,0,0,0,1,0,0,0,0,0,0,0,0,0,0,0,1,0
data/audio_wav/115/115022.wav,116,1,2,0,0,1,0,0,0,0,1,0,0,0,0,0,0,0,0,0,0,0,1,0
data/audio_wav/115/115023.wav,116,1,2,0,0,1,0,0,0,0,1,0,0,0,0,0,0,0,0,0,0,0,1,0
data/audio_wav/115/115024.wav,116,1,2,0,0,1,0,0,0,0,1,0,0,0,0,0,0,0,0,0,0,0,1,0
data/audio_wav/115/115025.wav,116,1,2,0,0,1,0,0,0,0,1,0,0,0,0,0,0,0,0,0,0,0,1,0
data/audio_wav/115/115026.wav,116,1,2,0,0,1,0,0,0,0,1,0,0,0,0,0,0,0,0,0,0,0,1,0
data/audio_wav/115/115027.wav,116,1,2,0,0,1,0,0,0,0,1,0,0,0,0,0,0,0,0,0,0,0,1,0
data/audio_wav/115/115028.wav,116,1,2,0,0,1,0,0,0,0,1,0,0,0,0,0,0,0,0,0,0,0,1,0
data/audio_wav/115/115029.wav,116,1,2,0,0,1,0,0,0,0,1,0,0,0,0,0,0,0,0,0,0,0,1,0
data/audio_wav/115/115030.wav,116,1,2,0,0,1,0,0,0,0,1,0,0,0,0,0,0,0,0,0,0,0,1,0
data/audio_wav/115/115031.wav,116,1,2,0,0,1,0,0,0,0,1,0,0,0,0,0,0,0,0,0,0,0,1,0
data/audio_wav/115/115032.wav,116,1,2,0,0,1,0,0,0,0,1,0,0,0,0,0,0,0,0,0,0,0,1,0
data/audio_wav/115/115033.wav,116,1,2,0,0,1,0,0,0,0,1,0,0,0,0,0,0,0,0,0,0,0,1,0
data/audio_wav/115/115034.wav,116,1,2,0,0,1,0,0,0,0,1,0,0,0,0,0,0,0,0,0,0,0,1,0
data/audio_wav/115/115035.wav,116,1,2,0,0,1,0,0,0,0,1,0,0,0,0,0,0,0,0,0,0,0,1,0
data/audio_wav/115/115036.wav,116,1,2,0,0,1,0,0,0,0,1,0,0,0,0,0,0,0,0,0,0,0,1,0
data/audio_wav/115/115037.wav,116,1,2,0,0,1,0,0,0,0,1,0,0,0,0,0,0,0,0,0,0,0,1,0
data/audio_wav/115/115038.wav,116,1,2,0,0,1,0,0,0,0,1,0,0,0,0,0,0,0,0,0,0,0,1,0
data/audio_wav/115/115039.wav,116,1,2,0,0,1,0,0,0,0,1,0,0,0,0,0,0,0,0,0,0,0,1,0
data/audio_wav/115/115040.wav,116,1,2,0,0,1,0,0,0,0,1,0,0,0,0,0,0,0,0,0,0,0,1,0
data/audio_wav/115/115041.wav,116,1,2,0,0,1,0,0,0,0,1,0,0,0,0,0,0,0,0,0,0,0,1,0
data/audio_wav/115/115042.wav,116,1,2,0,0,1,0,0,0,0,1,0,0,0,0,0,0,0,0,0,0,0,1,0
data/audio_wav/115/115043.wav,116,1,2,0,0,1,0,0,0,0,1,0,0,0,0,0,0,0,0,0,0,0,1,0
data/audio_wav/115/115044.wav,116,1,2,0,0,1,0,0,0,0,1,0,0,0,0,0,0,0,0,0,0,0,1,0
data/audio_wav/115/115045.wav,116,1,2,0,0,1,0,0,0,0,1,0,0,0,0,0,0,0,0,0,0,0,1,0
data/audio_wav/115/115046.wav,116,1,2,0,0,1,0,0,0,0,1,0,0,0,0,0,0,0,0,0,0,0,1,0
data/audio_wav/115/115047.wav,116,1,2,0,0,1,0,0,0,0,1,0,0,0,0,0,0,0,0,0,0,0,1,0
data/audio_wav/115/115048.wav,116,1,2,0,0,1,0,0,0,0,1,0,0,0,0,0,0,0,0,0,0,0,1,0
data/audio_wav/115/115049.wav,116,1,2,0,0,1,0,0,0,0,1,0,0,0,0,0,0,0,0,0,0,0,1,0
data/audio_wav/116/116000.wav,117,0,0,0,0,1,0,0,0,0,1,0,0,0,0,0,0,0,0,0,0,0,0,1
data/audio_wav/116/116001.wav,117,0,0,0,0,1,0,0,0,0,1,0,0,0,0,0,0,0,0,0,0,0,0,1
data/audio_wav/116/116002.wav,117,0,0,0,0,1,0,0,0,0,1,0,0,0,0,0,0,0,0,0,0,0,0,1
data/audio_wav/116/116003.wav,117,0,0,0,0,1,0,0,0,0,1,0,0,0,0,0,0,0,0,0,0,0,0,1
data/audio_wav/116/116004.wav,117,0,0,0,0,1,0,0,0,0,1,0,0,0,0,0,0,0,0,0,0,0,0,1
data/audio_wav/116/116005.wav,117,0,0,0,0,1,0,0,0,0,1,0,0,0,0,0,0,0,0,0,0,0,0,1
data/audio_wav/116/116006.wav,117,0,0,0,0,1,0,0,0,0,1,0,0,0,0,0,0,0,0,0,0,0,0,1
data/audio_wav/116/116007.wav,117,0,0,0,0,1,0,0,0,0,1,0,0,0,0,0,0,0,0,0,0,0,0,1
data/audio_wav/116/116008.wav,117,0,0,0,0,1,0,0,0,0,1,0,0,0,0,0,0,0,0,0,0,0,0,1
data/audio_wav/116/116009.wav,117,0,0,0,0,1,0,0,0,0,1,0,0,0,0,0,0,0,0,0,0,0,0,1
data/audio_wav/116/116010.wav,117,0,0,0,0,1,0,0,0,0,1,0,0,0,0,0,0,0,0,0,0,0,0,1
data/audio_wav/116/116011.wav,117,0,0,0,0,1,0,0,0,0,1,0,0,0,0,0,0,0,0,0,0,0,0,1
data/audio_wav/116/116012.wav,117,0,0,0,0,1,0,0,0,0,1,0,0,0,0,0,0,0,0,0,0,0,0,1
data/audio_wav/116/116013.wav,117,0,0,0,0,1,0,0,0,0,1,0,0,0,0,0,0,0,0,0,0,0,0,1
data/audio_wav/116/116014.wav,117,0,0,0,0,1,0,0,0,0,1,0,0,0,0,0,0,0,0,0,0,0,0,1
data/audio_wav/116/116015.wav,117,0,0,0,0,1,0,0,0,0,1,0,0,0,0,0,0,0,0,0,0,0,0,1
data/audio_wav/116/116016.wav,117,0,0,0,0,1,0,0,0,0,1,0,0,0,0,0,0,0,0,0,0,0,0,1
data/audio_wav/116/116017.wav,117,0,0,0,0,1,0,0,0,0,1,0,0,0,0,0,0,0,0,0,0,0,0,1
data/audio_wav/116/116018.wav,117,0,0,0,0,1,0,0,0,0,1,0,0,0,0,0,0,0,0,0,0,0,0,1
data/audio_wav/116/116019.wav,117,0,0,0,0,1,0,0,0,0,1,0,0,0,0,0,0,0,0,0,0,0,0,1
data/audio_wav/116/116020.wav,117,0,0,0,0,1,0,0,0,0,1,0,0,0,0,0,0,0,0,0,0,0,0,1
data/audio_wav/116/116021.wav,117,0,0,0,0,1,0,0,0,0,1,0,0,0,0,0,0,0,0,0,0,0,0,1
data/audio_wav/116/116022.wav,117,0,0,0,0,1,0,0,0,0,1,0,0,0,0,0,0,0,0,0,0,0,0,1
data/audio_wav/116/116023.wav,117,0,0,0,0,1,0,0,0,0,1,0,0,0,0,0,0,0,0,0,0,0,0,1
data/audio_wav/116/116024.wav,117,0,0,0,0,1,0,0,0,0,1,0,0,0,0,0,0,0,0,0,0,0,0,1
data/audio_wav/116/116025.wav,117,0,0,0,0,1,0,0,0,0,1,0,0,0,0,0,0,0,0,0,0,0,0,1
data/audio_wav/116/116026.wav,117,0,0,0,0,1,0,0,0,0,1,0,0,0,0,0,0,0,0,0,0,0,0,1
data/audio_wav/116/116027.wav,117,0,0,0,0,1,0,0,0,0,1,0,0,0,0,0,0,0,0,0,0,0,0,1
data/audio_wav/116/116028.wav,117,0,0,0,0,1,0,0,0,0,1,0,0,0,0,0,0,0,0,0,0,0,0,1
data/audio_wav/116/116029.wav,117,0,0,0,0,1,0,0,0,0,1,0,0,0,0,0,0,0,0,0,0,0,0,1
data/audio_wav/116/116030.wav,117,0,0,0,0,1,0,0,0,0,1,0,0,0,0,0,0,0,0,0,0,0,0,1
data/audio_wav/116/116031.wav,117,0,0,0,0,1,0,0,0,0,1,0,0,0,0,0,0,0,0,0,0,0,0,1
data/audio_wav/116/116032.wav,117,0,0,0,0,1,0,0,0,0,1,0,0,0,0,0,0,0,0,0,0,0,0,1
data/audio_wav/116/116033.wav,117,0,0,0,0,1,0,0,0,0,1,0,0,0,0,0,0,0,0,0,0,0,0,1
data/audio_wav/116/116034.wav,117,0,0,0,0,1,0,0,0,0,1,0,0,0,0,0,0,0,0,0,0,0,0,1
data/audio_wav/116/116035.wav,117,0,0,0,0,1,0,0,0,0,1,0,0,0,0,0,0,0,0,0,0,0,0,1
data/audio_wav/116/116036.wav,117,0,0,0,0,1,0,0,0,0,1,0,0,0,0,0,0,0,0,0,0,0,0,1
data/audio_wav/116/116037.wav,117,0,0,0,0,1,0,0,0,0,1,0,0,0,0,0,0,0,0,0,0,0,0,1
data/audio_wav/116/116038.wav,117,0,0,0,0,1,0,0,0,0,1,0,0,0,0,0,0,0,0,0,0,0,0,1
data/audio_wav/116/116039.wav,117,0,0,0,0,1,0,0,0,0,1,0,0,0,0,0,0,0,0,0,0,0,0,1
data/audio_wav/116/116040.wav,117,0,0,0,0,1,0,0,0,0,1,0,0,0,0,0,0,0,0,0,0,0,0,1
data/audio_wav/116/116041.wav,117,0,0,0,0,1,0,0,0,0,1,0,0,0,0,0,0,0,0,0,0,0,0,1
data/audio_wav/116/116042.wav,117,0,0,0,0,1,0,0,0,0,1,0,0,0,0,0,0,0,0,0,0,0,0,1
data/audio_wav/116/116043.wav,117,0,0,0,0,1,0,0,0,0,1,0,0,0,0,0,0,0,0,0,0,0,0,1
data/audio_wav/116/116044.wav,117,0,0,0,0,1,0,0,0,0,1,0,0,0,0,0,0,0,0,0,0,0,0,1
data/audio_wav/116/116045.wav,117,0,0,0,0,1,0,0,0,0,1,0,0,0,0,0,0,0,0,0,0,0,0,1
data/audio_wav/116/116046.wav,117,0,0,0,0,1,0,0,0,0,1,0,0,0,0,0,0,0,0,0,0,0,0,1
data/audio_wav/116/116047.wav,117,0,0,0,0,1,0,0,0,0,1,0,0,0,0,0,0,0,0,0,0,0,0,1
data/audio_wav/116/116048.wav,117,0,0,0,0,1,0,0,0,0,1,0,0,0,0,0,0,0,0,0,0,0,0,1
data/audio_wav/116/116049.wav,117,0,0,0,0,1,0,0,0,0,1,0,0,0,0,0,0,0,0,0,0,0,0,1
data/audio_wav/117/117000.wav,118,1,1,0,0,0,1,0,1,0,0,1,0,0,0,0,0,0,0,0,0,0,0,0
data/audio_wav/117/117001.wav,118,1,1,0,0,0,1,0,1,0,0,1,0,0,0,0,0,0,0,0,0,0,0,0
data/audio_wav/117/117002.wav,118,1,1,0,0,0,1,0,1,0,0,1,0,0,0,0,0,0,0,0,0,0,0,0
data/audio_wav/117/117003.wav,118,1,1,0,0,0,1,0,1,0,0,1,0,0,0,0,0,0,0,0,0,0,0,0
data/audio_wav/117/117004.wav,118,1,1,0,0,0,1,0,1,0,0,1,0,0,0,0,0,0,0,0,0,0,0,0
data/audio_wav/117/117005.wav,118,1,1,0,0,0,1,0,1,0,0,1,0,0,0,0,0,0,0,0,0,0,0,0
data/audio_wav/117/117006.wav,118,1,1,0,0,0,1,0,1,0,0,1,0,0,0,0,0,0,0,0,0,0,0,0
data/audio_wav/117/117007.wav,118,1,1,0,0,0,1,0,1,0,0,1,0,0,0,0,0,0,0,0,0,0,0,0
data/audio_wav/117/117008.wav,118,1,1,0,0,0,1,0,1,0,0,1,0,0,0,0,0,0,0,0,0,0,0,0
data/audio_wav/117/117009.wav,118,1,1,0,0,0,1,0,1,0,0,1,0,0,0,0,0,0,0,0,0,0,0,0
data/audio_wav/117/117010.wav,118,1,1,0,0,0,1,0,1,0,0,1,0,0,0,0,0,0,0,0,0,0,0,0
data/audio_wav/117/117011.wav,118,1,1,0,0,0,1,0,1,0,0,1,0,0,0,0,0,0,0,0,0,0,0,0
data/audio_wav/117/117012.wav,118,1,1,0,0,0,1,0,1,0,0,1,0,0,0,0,0,0,0,0,0,0,0,0
data/audio_wav/117/117013.wav,118,1,1,0,0,0,1,0,1,0,0,1,0,0,0,0,0,0,0,0,0,0,0,0
data/audio_wav/117/117014.wav,118,1,1,0,0,0,1,0,1,0,0,1,0,0,0,0,0,0,0,0,0,0,0,0
data/audio_wav/117/117015.wav,118,1,1,0,0,0,1,0,1,0,0,1,0,0,0,0,0,0,0,0,0,0,0,0
data/audio_wav/117/117016.wav,118,1,1,0,0,0,1,0,1,0,0,1,0,0,0,0,0,0,0,0,0,0,0,0
data/audio_wav/117/117017.wav,118,1,1,0,0,0,1,0,1,0,0,1,0,0,0,0,0,0,0,0,0,0,0,0
data/audio_wav/117/117018.wav,118,1,1,0,0,0,1,0,1,0,0,1,0,0,0,0,0,0,0,0,0,0,0,0
data/audio_wav/117/117019.wav,118,1,1,0,0,0,1,0,1,0,0,1,0,0,0,0,0,0,0,0,0,0,0,0
data/audio_wav/117/117020.wav,118,1,1,0,0,0,1,0,1,0,0,1,0,0,0,0,0,0,0,0,0,0,0,0
data/audio_wav/117/117021.wav,118,1,1,0,0,0,1,0,1,0,0,1,0,0,0,0,0,0,0,0,0,0,0,0
data/audio_wav/117/117022.wav,118,1,1,0,0,0,1,0,1,0,0,1,0,0,0,0,0,0,0,0,0,0,0,0
data/audio_wav/117/117023.wav,118,1,1,0,0,0,1,0,1,0,0,1,0,0,0,0,0,0,0,0,0,0,0,0
data/audio_wav/117/117024.wav,118,1,1,0,0,0,1,0,1,0,0,1,0,0,0,0,0,0,0,0,0,0,0,0
data/audio_wav/117/117025.wav,118,1,1,0,0,0,1,0,1,0,0,1,0,0,0,0,0,0,0,0,0,0,0,0
data/audio_wav/117/117026.wav,118,1,1,0,0,0,1,0,1,0,0,1,0,0,0,0,0,0,0,0,0,0,0,0
data/audio_wav/117/117027.wav,118,1,1,0,0,0,1,0,1,0,0,1,0,0,0,0,0,0,0,0,0,0,0,0
data/audio_wav/117/117028.wav,118,1,1,0,0,0,1,0,1,0,0,1,0,0,0,0,0,0,0,0,0,0,0,0
data/audio_wav/117/117029.wav,118,1,1,0,0,0,1,0,1,0,0,1,0,0,0,0,0,0,0,0,0,0,0,0
data/audio_wav/117/117030.wav,118,1,1,0,0,0,1,0,1,0,0,1,0,0,0,0,0,0,0,0,0,0,0,0
data/audio_wav/117/117031.wav,118,1,1,0,0,0,1,0,1,0,0,1,0,0,0,0,0,0,0,0,0,0,0,0
data/audio_wav/117/117032.wav,118,1,1,0,0,0,1,0,1,0,0,1,0,0,0,0,0,0,0,0,0,0,0,0
data/audio_wav/117/117033.wav,118,1,1,0,0,0,1,0,1,0,0,1,0,0,0,0,0,0,0,0,0,0,0,0
data/audio_wav/117/117034.wav,118,1,1,0,0,0,1,0,1,0,0,1,0,0,0,0,0,0,0,0,0,0,0,0
data/audio_wav/117/117035.wav,118,1,1,0,0,0,1,0,1,0,0,1,0,0,0,0,0,0,0,0,0,0,0,0
data/audio_wav/117/117036.wav,118,1,1,0,0,0,1,0,1,0,0,1,0,0,0,0,0,0,0,0,0,0,0,0
data/audio_wav/117/117037.wav,118,1,1,0,0,0,1,0,1,0,0,1,0,0,0,0,0,0,0,0,0,0,0,0
data/audio_wav/117/117038.wav,118,1,1,0,0,0,1,0,1,0,0,1,0,0,0,0,0,0,0,0,0,0,0,0
data/audio_wav/117/117039.wav,118,1,1,0,0,0,1,0,1,0,0,1,0,0,0,0,0,0,0,0,0,0,0,0
data/audio_wav/117/117040.wav,118,1,1,0,0,0,1,0,1,0,0,1,0,0,0,0,0,0,0,0,0,0,0,0
data/audio_wav/117/117041.wav,118,1,1,0,0,0,1,0,1,0,0,1,0,0,0,0,0,0,0,0,0,0,0,0
data/audio_wav/117/117042.wav,118,1,1,0,0,0,1,0,1,0,0,1,0,0,0,0,0,0,0,0,0,0,0,0
data/audio_wav/117/117043.wav,118,1,1,0,0,0,1,0,1,0,0,1,0,0,0,0,0,0,0,0,0,0,0,0
data/audio_wav/117/117044.wav,118,1,1,0,0,0,1,0,1,0,0,1,0,0,0,0,0,0,0,0,0,0,0,0
data/audio_wav/117/117045.wav,118,1,1,0,0,0,1,0,1,0,0,1,0,0,0,0,0,0,0,0,0,0,0,0
data/audio_wav/117/117046.wav,118,1,1,0,0,0,1,0,1,0,0,1,0,0,0,0,0,0,0,0,0,0,0,0
data/audio_wav/117/117047.wav,118,1,1,0,0,0,1,0,1,0,0,1,0,0,0,0,0,0,0,0,0,0,0,0
data/audio_wav/117/117048.wav,118,1,1,0,0,0,1,0,1,0,0,1,0,0,0,0,0,0,0,0,0,0,0,0
data/audio_wav/117/117049.wav,118,1,1,0,0,0,1,0,1,0,0,1,0,0,0,0,0,0,0,0,0,0,0,0
data/audio_wav/118/118000.wav,119,1,1,0,0,0,1,0,1,0,0,0,1,0,0,0,0,0,0,0,0,0,0,0
data/audio_wav/118/118001.wav,119,1,1,0,0,0,1,0,1,0,0,0,1,0,0,0,0,0,0,0,0,0,0,0
data/audio_wav/118/118002.wav,119,1,1,0,0,0,1,0,1,0,0,0,1,0,0,0,0,0,0,0,0,0,0,0
data/audio_wav/118/118003.wav,119,1,1,0,0,0,1,0,1,0,0,0,1,0,0,0,0,0,0,0,0,0,0,0
data/audio_wav/118/118004.wav,119,1,1,0,0,0,1,0,1,0,0,0,1,0,0,0,0,0,0,0,0,0,0,0
data/audio_wav/118/118005.wav,119,1,1,0,0,0,1,0,1,0,0,0,1,0,0,0,0,0,0,0,0,0,0,0
data/audio_wav/118/118006.wav,119,1,1,0,0,0,1,0,1,0,0,0,1,0,0,0,0,0,0,0,0,0,0,0
data/audio_wav/118/118007.wav,119,1,1,0,0,0,1,0,1,0,0,0,1,0,0,0,0,0,0,0,0,0,0,0
data/audio_wav/118/118008.wav,119,1,1,0,0,0,1,0,1,0,0,0,1,0,0,0,0,0,0,0,0,0,0,0
data/audio_wav/118/118009.wav,119,1,1,0,0,0,1,0,1,0,0,0,1,0,0,0,0,0,0,0,0,0,0,0
data/audio_wav/118/118010.wav,119,1,1,0,0,0,1,0,1,0,0,0,1,0,0,0,0,0,0,0,0,0,0,0
data/audio_wav/118/118011.wav,119,1,1,0,0,0,1,0,1,0,0,0,1,0,0,0,0,0,0,0,0,0,0,0
data/audio_wav/118/118012.wav,119,1,1,0,0,0,1,0,1,0,0,0,1,0,0,0,0,0,0,0,0,0,0,0
data/audio_wav/118/118013.wav,119,1,1,0,0,0,1,0,1,0,0,0,1,0,0,0,0,0,0,0,0,0,0,0
data/audio_wav/118/118014.wav,119,1,1,0,0,0,1,0,1,0,0,0,1,0,0,0,0,0,0,0,0,0,0,0
data/audio_wav/118/118015.wav,119,1,1,0,0,0,1,0,1,0,0,0,1,0,0,0,0,0,0,0,0,0,0,0
data/audio_wav/118/118016.wav,119,1,1,0,0,0,1,0,1,0,0,0,1,0,0,0,0,0,0,0,0,0,0,0
data/audio_wav/118/118017.wav,119,1,1,0,0,0,1,0,1,0,0,0,1,0,0,0,0,0,0,0,0,0,0,0
data/audio_wav/118/118018.wav,119,1,1,0,0,0,1,0,1,0,0,0,1,0,0,0,0,0,0,0,0,0,0,0
data/audio_wav/118/118019.wav,119,1,1,0,0,0,1,0,1,0,0,0,1,0,0,0,0,0,0,0,0,0,0,0
data/audio_wav/118/118020.wav,119,1,1,0,0,0,1,0,1,0,0,0,1,0,0,0,0,0,0,0,0,0,0,0
data/audio_wav/118/118021.wav,119,1,1,0,0,0,1,0,1,0,0,0,1,0,0,0,0,0,0,0,0,0,0,0
data/audio_wav/118/118022.wav,119,1,1,0,0,0,1,0,1,0,0,0,1,0,0,0,0,0,0,0,0,0,0,0
data/audio_wav/118/118023.wav,119,1,1,0,0,0,1,0,1,0,0,0,1,0,0,0,0,0,0,0,0,0,0,0
data/audio_wav/118/118024.wav,119,1,1,0,0,0,1,0,1,0,0,0,1,0,0,0,0,0,0,0,0,0,0,0
data/audio_wav/118/118025.wav,119,1,1,0,0,0,1,0,1,0,0,0,1,0,0,0,0,0,0,0,0,0,0,0
data/audio_wav/118/118026.wav,119,1,1,0,0,0,1,0,1,0,0,0,1,0,0,0,0,0,0,0,0,0,0,0
data/audio_wav/118/118027.wav,119,1,1,0,0,0,1,0,1,0,0,0,1,0,0,0,0,0,0,0,0,0,0,0
data/audio_wav/118/118028.wav,119,1,1,0,0,0,1,0,1,0,0,0,1,0,0,0,0,0,0,0,0,0,0,0
data/audio_wav/118/118029.wav,119,1,1,0,0,0,1,0,1,0,0,0,1,0,0,0,0,0,0,0,0,0,0,0
data/audio_wav/118/118030.wav,119,1,1,0,0,0,1,0,1,0,0,0,1,0,0,0,0,0,0,0,0,0,0,0
data/audio_wav/118/118031.wav,119,1,1,0,0,0,1,0,1,0,0,0,1,0,0,0,0,0,0,0,0,0,0,0
data/audio_wav/118/118032.wav,119,1,1,0,0,0,1,0,1,0,0,0,1,0,0,0,0,0,0,0,0,0,0,0
data/audio_wav/118/118033.wav,119,1,1,0,0,0,1,0,1,0,0,0,1,0,0,0,0,0,0,0,0,0,0,0
data/audio_wav/118/118034.wav,119,1,1,0,0,0,1,0,1,0,0,0,1,0,0,0,0,0,0,0,0,0,0,0
data/audio_wav/118/118035.wav,119,1,1,0,0,0,1,0,1,0,0,0,1,0,0,0,0,0,0,0,0,0,0,0
data/audio_wav/118/118036.wav,119,1,1,0,0,0,1,0,1,0,0,0,1,0,0,0,0,0,0,0,0,0,0,0
data/audio_wav/118/118037.wav,119,1,1,0,0,0,1,0,1,0,0,0,1,0,0,0,0,0,0,0,0,0,0,0
data/audio_wav/118/118038.wav,119,1,1,0,0,0,1,0,1,0,0,0,1,0,0,0,0,0,0,0,0,0,0,0
data/audio_wav/118/118039.wav,119,1,1,0,0,0,1,0,1,0,0,0,1,0,0,0,0,0,0,0,0,0,0,0
data/audio_wav/118/118040.wav,119,1,1,0,0,0,1,0,1,0,0,0,1,0,0,0,0,0,0,0,0,0,0,0
data/audio_wav/118/118041.wav,119,1,1,0,0,0,1,0,1,0,0,0,1,0,0,0,0,0,0,0,0,0,0,0
data/audio_wav/118/118042.wav,119,1,1,0,0,0,1,0,1,0,0,0,1,0,0,0,0,0,0,0,0,0,0,0
data/audio_wav/118/118043.wav,119,1,1,0,0,0,1,0,1,0,0,0,1,0,0,0,0,0,0,0,0,0,0,0
data/audio_wav/118/118044.wav,119,1,1,0,0,0,1,0,1,0,0,0,1,0,0,0,0,0,0,0,0,0,0,0
data/audio_wav/118/118045.wav,119,1,1,0,0,0,1,0,1,0,0,0,1,0,0,0,0,0,0,0,0,0,0,0
data/audio_wav/118/118046.wav,119,1,1,0,0,0,1,0,1,0,0,0,1,0,0,0,0,0,0,0,0,0,0,0
data/audio_wav/118/118047.wav,119,1,1,0,0,0,1,0,1,0,0,0,1,0,0,0,0,0,0,0,0,0,0,0
data/audio_wav/118/118048.wav,119,1,1,0,0,0,1,0,1,0,0,0,1,0,0,0,0,0,0,0,0,0,0,0
data/audio_wav/118/118049.wav,119,1,1,0,0,0,1,0,1,0,0,0,1,0,0,0,0,0,0,0,0,0,0,0
data/audio_wav/119/119000.wav,120,1,1,0,0,0,1,0,1,0,0,0,0,1,0,0,0,0,0,0,0,0,0,0
data/audio_wav/119/119001.wav,120,1,1,0,0,0,1,0,1,0,0,0,0,1,0,0,0,0,0,0,0,0,0,0
data/audio_wav/119/119002.wav,120,1,1,0,0,0,1,0,1,0,0,0,0,1,0,0,0,0,0,0,0,0,0,0
data/audio_wav/119/119003.wav,120,1,1,0,0,0,1,0,1,0,0,0,0,1,0,0,0,0,0,0,0,0,0,0
data/audio_wav/119/119004.wav,120,1,1,0,0,0,1,0,1,0,0,0,0,1,0,0,0,0,0,0,0,0,0,0
data/audio_wav/119/119005.wav,120,1,1,0,0,0,1,0,1,0,0,0,0,1,0,0,0,0,0,0,0,0,0,0
data/audio_wav/119/119006.wav,120,1,1,0,0,0,1,0,1,0,0,0,0,1,0,0,0,0,0,0,0,0,0,0
data/audio_wav/119/119007.wav,120,1,1,0,0,0,1,0,1,0,0,0,0,1,0,0,0,0,0,0,0,0,0,0
data/audio_wav/119/119008.wav,120,1,1,0,0,0,1,0,1,0,0,0,0,1,0,0,0,0,0,0,0,0,0,0
data/audio_wav/119/119009.wav,120,1,1,0,0,0,1,0,1,0,0,0,0,1,0,0,0,0,0,0,0,0,0,0
data/audio_wav/119/119010.wav,120,1,1,0,0,0,1,0,1,0,0,0,0,1,0,0,0,0,0,0,0,0,0,0
data/audio_wav/119/119011.wav,120,1,1,0,0,0,1,0,1,0,0,0,0,1,0,0,0,0,0,0,0,0,0,0
data/audio_wav/119/119012.wav,120,1,1,0,0,0,1,0,1,0,0,0,0,1,0,0,0,0,0,0,0,0,0,0
data/audio_wav/119/119013.wav,120,1,1,0,0,0,1,0,1,0,0,0,0,1,0,0,0,0,0,0,0,0,0,0
data/audio_wav/119/119014.wav,120,1,1,0,0,0,1,0,1,0,0,0,0,1,0,0,0,0,0,0,0,0,0,0
data/audio_wav/119/119015.wav,120,1,1,0,0,0,1,0,1,0,0,0,0,1,0,0,0,0,0,0,0,0,0,0
data/audio_wav/119/119016.wav,120,1,1,0,0,0,1,0,1,0,0,0,0,1,0,0,0,0,0,0,0,0,0,0
data/audio_wav/119/119017.wav,120,1,1,0,0,0,1,0,1,0,0,0,0,1,0,0,0,0,0,0,0,0,0,0
data/audio_wav/119/119018.wav,120,1,1,0,0,0,1,0,1,0,0,0,0,1,0,0,0,0,0,0,0,0,0,0
data/audio_wav/119/119019.wav,120,1,1,0,0,0,1,0,1,0,0,0,0,1,0,0,0,0,0,0,0,0,0,0
data/audio_wav/119/119020.wav,120,1,1,0,0,0,1,0,1,0,0,0,0,1,0,0,0,0,0,0,0,0,0,0
data/audio_wav/119/119021.wav,120,1,1,0,0,0,1,0,1,0,0,0,0,1,0,0,0,0,0,0,0,0,0,0
data/audio_wav/119/119022.wav,120,1,1,0,0,0,1,0,1,0,0,0,0,1,0,0,0,0,0,0,0,0,0,0
data/audio_wav/119/119023.wav,120,1,1,0,0,0,1,0,1,0,0,0,0,1,0,0,0,0,0,0,0,0,0,0
data/audio_wav/119/119024.wav,120,1,1,0,0,0,1,0,1,0,0,0,0,1,0,0,0,0,0,0,0,0,0,0
data/audio_wav/119/119025.wav,120,1,1,0,0,0,1,0,1,0,0,0,0,1,0,0,0,0,0,0,0,0,0,0
data/audio_wav/119/119026.wav,120,1,1,0,0,0,1,0,1,0,0,0,0,1,0,0,0,0,0,0,0,0,0,0
data/audio_wav/119/119027.wav,120,1,1,0,0,0,1,0,1,0,0,0,0,1,0,0,0,0,0,0,0,0,0,0
data/audio_wav/119/119028.wav,120,1,1,0,0,0,1,0,1,0,0,0,0,1,0,0,0,0,0,0,0,0,0,0
data/audio_wav/119/119029.wav,120,1,1,0,0,0,1,0,1,0,0,0,0,1,0,0,0,0,0,0,0,0,0,0
data/audio_wav/119/119030.wav,120,1,1,0,0,0,1,0,1,0,0,0,0,1,0,0,0,0,0,0,0,0,0,0
data/audio_wav/119/119031.wav,120,1,1,0,0,0,1,0,1,0,0,0,0,1,0,0,0,0,0,0,0,0,0,0
data/audio_wav/119/119032.wav,120,1,1,0,0,0,1,0,1,0,0,0,0,1,0,0,0,0,0,0,0,0,0,0
data/audio_wav/119/119033.wav,120,1,1,0,0,0,1,0,1,0,0,0,0,1,0,0,0,0,0,0,0,0,0,0
data/audio_wav/119/119034.wav,120,1,1,0,0,0,1,0,1,0,0,0,0,1,0,0,0,0,0,0,0,0,0,0
data/audio_wav/119/119035.wav,120,1,1,0,0,0,1,0,1,0,0,0,0,1,0,0,0,0,0,0,0,0,0,0
data/audio_wav/119/119036.wav,120,1,1,0,0,0,1,0,1,0,0,0,0,1,0,0,0,0,0,0,0,0,0,0
data/audio_wav/119/119037.wav,120,1,1,0,0,0,1,0,1,0,0,0,0,1,0,0,0,0,0,0,0,0,0,0
data/audio_wav/119/119038.wav,120,1,1,0,0,0,1,0,1,0,0,0,0,1,0,0,0,0,0,0,0,0,0,0
data/audio_wav/119/119039.wav,120,1,1,0,0,0,1,0,1,0,0,0,0,1,0,0,0,0,0,0,0,0,0,0
data/audio_wav/119/119040.wav,120,1,1,0,0,0,1,0,1,0,0,0,0,1,0,0,0,0,0,0,0,0,0,0
data/audio_wav/119/119041.wav,120,1,1,0,0,0,1,0,1,0,0,0,0,1,0,0,0,0,0,0,0,0,0,0
data/audio_wav/119/119042.wav,120,1,1,0,0,0,1,0,1,0,0,0,0,1,0,0,0,0,0,0,0,0,0,0
data/audio_wav/119/119043.wav,120,1,1,0,0,0,1,0,1,0,0,0,0,1,0,0,0,0,0,0,0,0,0,0
data/audio_wav/119/119044.wav,120,1,1,0,0,0,1,0,1,0,0,0,0,1,0,0,0,0,0,0,0,0,0,0
data/audio_wav/119/119045.wav,120,1,1,0,0,0,1,0,1,0,0,0,0,1,0,0,0,0,0,0,0,0,0,0
data/audio_wav/119/119046.wav,120,1,1,0,0,0,1,0,1,0,0,0,0,1,0,0,0,0,0,0,0,0,0,0
data/audio_wav/119/119047.wav,120,1,1,0,0,0,1,0,1,0,0,0,0,1,0,0,0,0,0,0,0,0,0,0
data/audio_wav/119/119048.wav,120,1,1,0,0,0,1,0,1,0,0,0,0,1,0,0,0,0,0,0,0,0,0,0
data/audio_wav/119/119049.wav,120,1,1,0,0,0,1,0,1,0,0,0,0,1,0,0,0,0,0,0,0,0,0,0
data/audio_wav/120/120000.wav,121,1,2,0,0,0,1,0,1,0,0,0,0,0,1,0,0,0,0,0,0,0,0,0
data/audio_wav/120/120001.wav,121,1,2,0,0,0,1,0,1,0,0,0,0,0,1,0,0,0,0,0,0,0,0,0
data/audio_wav/120/120002.wav,121,1,2,0,0,0,1,0,1,0,0,0,0,0,1,0,0,0,0,0,0,0,0,0
data/audio_wav/120/120003.wav,121,1,2,0,0,0,1,0,1,0,0,0,0,0,1,0,0,0,0,0,0,0,0,0
data/audio_wav/120/120004.wav,121,1,2,0,0,0,1,0,1,0,0,0,0,0,1,0,0,0,0,0,0,0,0,0
data/audio_wav/120/120005.wav,121,1,2,0,0,0,1,0,1,0,0,0,0,0,1,0,0,0,0,0,0,0,0,0
data/audio_wav/120/120006.wav,121,1,2,0,0,0,1,0,1,0,0,0,0,0,1,0,0,0,0,0,0,0,0,0
data/audio_wav/120/120007.wav,121,1,2,0,0,0,1,0,1,0,0,0,0,0,1,0,0,0,0,0,0,0,0,0
data/audio_wav/120/120008.wav,121,1,2,0,0,0,1,0,1,0,0,0,0,0,1,0,0,0,0,0,0,0,0,0
data/audio_wav/120/120009.wav,121,1,2,0,0,0,1,0,1,0,0,0,0,0,1,0,0,0,0,0,0,0,0,0
data/audio_wav/120/120010.wav,121,1,2,0,0,0,1,0,1,0,0,0,0,0,1,0,0,0,0,0,0,0,0,0
data/audio_wav/120/120011.wav,121,1,2,0,0,0,1,0,1,0,0,0,0,0,1,0,0,0,0,0,0,0,0,0
data/audio_wav/120/120012.wav,121,1,2,0,0,0,1,0,1,0,0,0,0,0,1,0,0,0,0,0,0,0,0,0
data/audio_wav/120/120013.wav,121,1,2,0,0,0,1,0,1,0,0,0,0,0,1,0,0,0,0,0,0,0,0,0
data/audio_wav/120/120014.wav,121,1,2,0,0,0,1,0,1,0,0,0,0,0,1,0,0,0,0,0,0,0,0,0
data/audio_wav/120/120015.wav,121,1,2,0,0,0,1,0,1,0,0,0,0,0,1,0,0,0,0,0,0,0,0,0
data/audio_wav/120/120016.wav,121,1,2,0,0,0,1,0,1,0,0,0,0,0,1,0,0,0,0,0,0,0,0,0
data/audio_wav/120/120017.wav,121,1,2,0,0,0,1,0,1,0,0,0,0,0,1,0,0,0,0,0,0,0,0,0
data/audio_wav/120/120018.wav,121,1,2,0,0,0,1,0,1,0,0,0,0,0,1,0,0,0,0,0,0,0,0,0
data/audio_wav/120/120019.wav,121,1,2,0,0,0,1,0,1,0,0,0,0,0,1,0,0,0,0,0,0,0,0,0
data/audio_wav/120/120020.wav,121,1,2,0,0,0,1,0,1,0,0,0,0,0,1,0,0,0,0,0,0,0,0,0
data/audio_wav/120/120021.wav,121,1,2,0,0,0,1,0,1,0,0,0,0,0,1,0,0,0,0,0,0,0,0,0
data/audio_wav/120/120022.wav,121,1,2,0,0,0,1,0,1,0,0,0,0,0,1,0,0,0,0,0,0,0,0,0
data/audio_wav/120/120023.wav,121,1,2,0,0,0,1,0,1,0,0,0,0,0,1,0,0,0,0,0,0,0,0,0
data/audio_wav/120/120024.wav,121,1,2,0,0,0,1,0,1,0,0,0,0,0,1,0,0,0,0,0,0,0,0,0
data/audio_wav/120/120025.wav,121,1,2,0,0,0,1,0,1,0,0,0,0,0,1,0,0,0,0,0,0,0,0,0
data/audio_wav/120/120026.wav,121,1,2,0,0,0,1,0,1,0,0,0,0,0,1,0,0,0,0,0,0,0,0,0
data/audio_wav/120/120027.wav,121,1,2,0,0,0,1,0,1,0,0,0,0,0,1,0,0,0,0,0,0,0,0,0
data/audio_wav/120/120028.wav,121,1,2,0,0,0,1,0,1,0,0,0,0,0,1,0,0,0,0,0,0,0,0,0
data/audio_wav/120/120029.wav,121,1,2,0,0,0,1,0,1,0,0,0,0,0,1,0,0,0,0,0,0,0,0,0
data/audio_wav/120/120030.wav,121,1,2,0,0,0,1,0,1,0,0,0,0,0,1,0,0,0,0,0,0,0,0,0
data/audio_wav/120/120031.wav,121,1,2,0,0,0,1,0,1,0,0,0,0,0,1,0,0,0,0,0,0,0,0,0
data/audio_wav/120/120032.wav,121,1,2,0,0,0,1,0,1,0,0,0,0,0,1,0,0,0,0,0,0,0,0,0
data/audio_wav/120/120033.wav,121,1,2,0,0,0,1,0,1,0,0,0,0,0,1,0,0,0,0,0,0,0,0,0
data/audio_wav/120/120034.wav,121,1,2,0,0,0,1,0,1,0,0,0,0,0,1,0,0,0,0,0,0,0,0,0
data/audio_wav/120/120035.wav,121,1,2,0,0,0,1,0,1,0,0,0,0,0,1,0,0,0,0,0,0,0,0,0
data/audio_wav/120/120036.wav,121,1,2,0,0,0,1,0,1,0,0,0,0,0,1,0,0,0,0,0,0,0,0,0
data/audio_wav/120/120037.wav,121,1,2,0,0,0,1,0,1,0,0,0,0,0,1,0,0,0,0,0,0,0,0,0
data/audio_wav/120/120038.wav,121,1,2,0,0,0,1,0,1,0,0,0,0,0,1,0,0,0,0,0,0,0,0,0
data/audio_wav/120/120039.wav,121,1,2,0,0,0,1,0,1,0,0,0,0,0,1,0,0,0,0,0,0,0,0,0
data/audio_wav/120/120040.wav,121,1,2,0,0,0,1,0,1,0,0,0,0,0,1,0,0,0,0,0,0,0,0,0
data/audio_wav/120/120041.wav,121,1,2,0,0,0,1,0,1,0,0,0,0,0,1,0,0,0,0,0,0,0,0,0
data/audio_wav/120/120042.wav,121,1,2,0,0,0,1,0,1,0,0,0,0,0,1,0,0,0,0,0,0,0,0,0
data/audio_wav/120/120043.wav,121,1,2,0,0,0,1,0,1,0,0,0,0,0,1,0,0,0,0,0,0,0,0,0
data/audio_wav/120/120044.wav,121,1,2,0,0,0,1,0,1,0,0,0,0,0,1,0,0,0,0,0,0,0,0,0
data/audio_wav/120/120045.wav,121,1,2,0,0,0,1,0,1,0,0,0,0,0,1,0,0,0,0,0,0,0,0,0
data/audio_wav/120/120046.wav,121,1,2,0,0,0,1,0,1,0,0,0,0,0,1,0,0,0,0,0,0,0,0,0
data/audio_wav/120/120047.wav,121,1,2,0,0,0,1,0,1,0,0,0,0,0,1,0,0,0,0,0,0,0,0,0
data/audio_wav/120/120048.wav,121,1,2,0,0,0,1,0,1,0,0,0,0,0,1,0,0,0,0,0,0,0,0,0
data/audio_wav/120/120049.wav,121,1,2,0,0,0,1,0,1,0,0,0,0,0,1,0,0,0,0,0,0,0,0,0
data/audio_wav/121/121000.wav,122,1,2,0,0,0,1,0,1,0,0,0,0,0,0,1,0,0,0,0,0,0,0,0
data/audio_wav/121/121001.wav,122,1,2,0,0,0,1,0,1,0,0,0,0,0,0,1,0,0,0,0,0,0,0,0
data/audio_wav/121/121002.wav,122,1,2,0,0,0,1,0,1,0,0,0,0,0,0,1,0,0,0,0,0,0,0,0
data/audio_wav/121/121003.wav,122,1,2,0,0,0,1,0,1,0,0,0,0,0,0,1,0,0,0,0,0,0,0,0
data/audio_wav/121/121004.wav,122,1,2,0,0,0,1,0,1,0,0,0,0,0,0,1,0,0,0,0,0,0,0,0
data/audio_wav/121/121005.wav,122,1,2,0,0,0,1,0,1,0,0,0,0,0,0,1,0,0,0,0,0,0,0,0
data/audio_wav/121/121006.wav,122,1,2,0,0,0,1,0,1,0,0,0,0,0,0,1,0,0,0,0,0,0,0,0
data/audio_wav/121/121007.wav,122,1,2,0,0,0,1,0,1,0,0,0,0,0,0,1,0,0,0,0,0,0,0,0
data/audio_wav/121/121008.wav,122,1,2,0,0,0,1,0,1,0,0,0,0,0,0,1,0,0,0,0,0,0,0,0
data/audio_wav/121/121009.wav,122,1,2,0,0,0,1,0,1,0,0,0,0,0,0,1,0,0,0,0,0,0,0,0
data/audio_wav/121/121010.wav,122,1,2,0,0,0,1,0,1,0,0,0,0,0,0,1,0,0,0,0,0,0,0,0
data/audio_wav/121/121011.wav,122,1,2,0,0,0,1,0,1,0,0,0,0,0,0,1,0,0,0,0,0,0,0,0
data/audio_wav/121/121012.wav,122,1,2,0,0,0,1,0,1,0,0,0,0,0,0,1,0,0,0,0,0,0,0,0
data/audio_wav/121/121013.wav,122,1,2,0,0,0,1,0,1,0,0,0,0,0,0,1,0,0,0,0,0,0,0,0
data/audio_wav/121/121014.wav,122,1,2,0,0,0,1,0,1,0,0,0,0,0,0,1,0,0,0,0,0,0,0,0
data/audio_wav/121/121015.wav,122,1,2,0,0,0,1,0,1,0,0,0,0,0,0,1,0,0,0,0,0,0,0,0
data/audio_wav/121/121016.wav,122,1,2,0,0,0,1,0,1,0,0,0,0,0,0,1,0,0,0,0,0,0,0,0
data/audio_wav/121/121017.wav,122,1,2,0,0,0,1,0,1,0,0,0,0,0,0,1,0,0,0,0,0,0,0,0
data/audio_wav/121/121018.wav,122,1,2,0,0,0,1,0,1,0,0,0,0,0,0,1,0,0,0,0,0,0,0,0
data/audio_wav/121/121019.wav,122,1,2,0,0,0,1,0,1,0,0,0,0,0,0,1,0,0,0,0,0,0,0,0
data/audio_wav/121/121020.wav,122,1,2,0,0,0,1,0,1,0,0,0,0,0,0,1,0,0,0,0,0,0,0,0
data/audio_wav/121/121021.wav,122,1,2,0,0,0,1,0,1,0,0,0,0,0,0,1,0,0,0,0,0,0,0,0
data/audio_wav/121/121022.wav,122,1,2,0,0,0,1,0,1,0,0,0,0,0,0,1,0,0,0,0,0,0,0,0
data/audio_wav/121/121023.wav,122,1,2,0,0,0,1,0,1,0,0,0,0,0,0,1,0,0,0,0,0,0,0,0
data/audio_wav/121/121024.wav,122,1,2,0,0,0,1,0,1,0,0,0,0,0,0,1,0,0,0,0,0,0,0,0
data/audio_wav/121/121025.wav,122,1,2,0,0,0,1,0,1,0,0,0,0,0,0,1,0,0,0,0,0,0,0,0
data/audio_wav/121/121026.wav,122,1,2,0,0,0,1,0,1,0,0,0,0,0,0,1,0,0,0,0,0,0,0,0
data/audio_wav/121/121027.wav,122,1,2,0,0,0,1,0,1,0,0,0,0,0,0,1,0,0,0,0,0,0,0,0
data/audio_wav/121/121028.wav,122,1,2,0,0,0,1,0,1,0,0,0,0,0,0,1,0,0,0,0,0,0,0,0
data/audio_wav/121/121029.wav,122,1,2,0,0,0,1,0,1,0,0,0,0,0,0,1,0,0,0,0,0,0,0,0
data/audio_wav/121/121030.wav,122,1,2,0,0,0,1,0,1,0,0,0,0,0,0,1,0,0,0,0,0,0,0,0
data/audio_wav/121/121031.wav,122,1,2,0,0,0,1,0,1,0,0,0,0,0,0,1,0,0,0,0,0,0,0,0
data/audio_wav/121/121032.wav,122,1,2,0,0,0,1,0,1,0,0,0,0,0,0,1,0,0,0,0,0,0,0,0
data/audio_wav/121/121033.wav,122,1,2,0,0,0,1,0,1,0,0,0,0,0,0,1,0,0,0,0,0,0,0,0
data/audio_wav/121/121034.wav,122,1,2,0,0,0,1,0,1,0,0,0,0,0,0,1,0,0,0,0,0,0,0,0
data/audio_wav/121/121035.wav,122,1,2,0,0,0,1,0,1,0,0,0,0,0,0,1,0,0,0,0,0,0,0,0
data/audio_wav/121/121036.wav,122,1,2,0,0,0,1,0,1,0,0,0,0,0,0,1,0,0,0,0,0,0,0,0
data/audio_wav/121/121037.wav,122,1,2,0,0,0,1,0,1,0,0,0,0,0,0,1,0,0,0,0,0,0,0,0
data/audio_wav/121/121038.wav,122,1,2,0,0,0,1,0,1,0,0,0,0,0,0,1,0,0,0,0,0,0,0,0
data/audio_wav/121/121039.wav,122,1,2,0,0,0,1,0,1,0,0,0,0,0,0,1,0,0,0,0,0,0,0,0
data/audio_wav/121/121040.wav,122,1,2,0,0,0,1,0,1,0,0,0,0,0,0,1,0,0,0,0,0,0,0,0
data/audio_wav/121/121041.wav,122,1,2,0,0,0,1,0,1,0,0,0,0,0,0,1,0,0,0,0,0,0,0,0
data/audio_wav/121/121042.wav,122,1,2,0,0,0,1,0,1,0,0,0,0,0,0,1,0,0,0,0,0,0,0,0
data/audio_wav/121/121043.wav,122,1,2,0,0,0,1,0,1,0,0,0,0,0,0,1,0,0,0,0,0,0,0,0
data/audio_wav/121/121044.wav,122,1,2,0,0,0,1,0,1,0,0,0,0,0,0,1,0,0,0,0,0,0,0,0
data/audio_wav/121/121045.wav,122,1,2,0,0,0,1,0,1,0,0,0,0,0,0,1,0,0,0,0,0,0,0,0
data/audio_wav/121/121046.wav,122,1,2,0,0,0,1,0,1,0,0,0,0,0,0,1,0,0,0,0,0,0,0,0
data/audio_wav/121/121047.wav,122,1,2,0,0,0,1,0,1,0,0,0,0,0,0,1,0,0,0,0,0,0,0,0
data/audio_wav/121/121048.wav,122,1,2,0,0,0,1,0,1,0,0,0,0,0,0,1,0,0,0,0,0,0,0,0
data/audio_wav/121/121049.wav,122,1,2,0,0,0,1,0,1,0,0,0,0,0,0,1,0,0,0,0,0,0,0,0
data/audio_wav/122/122000.wav,123,1,1,0,0,0,1,0,1,0,0,0,0,0,0,0,1,0,0,0,0,0,0,0
data/audio_wav/122/122001.wav,123,1,1,0,0,0,1,0,1,0,0,0,0,0,0,0,1,0,0,0,0,0,0,0
data/audio_wav/122/122002.wav,123,1,1,0,0,0,1,0,1,0,0,0,0,0,0,0,1,0,0,0,0,0,0,0
data/audio_wav/122/122003.wav,123,1,1,0,0,0,1,0,1,0,0,0,0,0,0,0,1,0,0,0,0,0,0,0
data/audio_wav/122/122004.wav,123,1,1,0,0,0,1,0,1,0,0,0,0,0,0,0,1,0,0,0,0,0,0,0
data/audio_wav/122/122005.wav,123,1,1,0,0,0,1,0,1,0,0,0,0,0,0,0,1,0,0,0,0,0,0,0
data/audio_wav/122/122006.wav,123,1,1,0,0,0,1,0,1,0,0,0,0,0,0,0,1,0,0,0,0,0,0,0
data/audio_wav/122/122007.wav,123,1,1,0,0,0,1,0,1,0,0,0,0,0,0,0,1,0,0,0,0,0,0,0
data/audio_wav/122/122008.wav,123,1,1,0,0,0,1,0,1,0,0,0,0,0,0,0,1,0,0,0,0,0,0,0
data/audio_wav/122/122009.wav,123,1,1,0,0,0,1,0,1,0,0,0,0,0,0,0,1,0,0,0,0,0,0,0
data/audio_wav/122/122010.wav,123,1,1,0,0,0,1,0,1,0,0,0,0,0,0,0,1,0,0,0,0,0,0,0
data/audio_wav/122/122011.wav,123,1,1,0,0,0,1,0,1,0,0,0,0,0,0,0,1,0,0,0,0,0,0,0
data/audio_wav/122/122012.wav,123,1,1,0,0,0,1,0,1,0,0,0,0,0,0,0,1,0,0,0,0,0,0,0
data/audio_wav/122/122013.wav,123,1,1,0,0,0,1,0,1,0,0,0,0,0,0,0,1,0,0,0,0,0,0,0
data/audio_wav/122/122014.wav,123,1,1,0,0,0,1,0,1,0,0,0,0,0,0,0,1,0,0,0,0,0,0,0
data/audio_wav/122/122015.wav,123,1,1,0,0,0,1,0,1,0,0,0,0,0,0,0,1,0,0,0,0,0,0,0
data/audio_wav/122/122016.wav,123,1,1,0,0,0,1,0,1,0,0,0,0,0,0,0,1,0,0,0,0,0,0,0
data/audio_wav/122/122017.wav,123,1,1,0,0,0,1,0,1,0,0,0,0,0,0,0,1,0,0,0,0,0,0,0
data/audio_wav/122/122018.wav,123,1,1,0,0,0,1,0,1,0,0,0,0,0,0,0,1,0,0,0,0,0,0,0
data/audio_wav/122/122019.wav,123,1,1,0,0,0,1,0,1,0,0,0,0,0,0,0,1,0,0,0,0,0,0,0
data/audio_wav/122/122020.wav,123,1,1,0,0,0,1,0,1,0,0,0,0,0,0,0,1,0,0,0,0,0,0,0
data/audio_wav/122/122021.wav,123,1,1,0,0,0,1,0,1,0,0,0,0,0,0,0,1,0,0,0,0,0,0,0
data/audio_wav/122/122022.wav,123,1,1,0,0,0,1,0,1,0,0,0,0,0,0,0,1,0,0,0,0,0,0,0
data/audio_wav/122/122023.wav,123,1,1,0,0,0,1,0,1,0,0,0,0,0,0,0,1,0,0,0,0,0,0,0
data/audio_wav/122/122024.wav,123,1,1,0,0,0,1,0,1,0,0,0,0,0,0,0,1,0,0,0,0,0,0,0
data/audio_wav/122/122025.wav,123,1,1,0,0,0,1,0,1,0,0,0,0,0,0,0,1,0,0,0,0,0,0,0
data/audio_wav/122/122026.wav,123,1,1,0,0,0,1,0,1,0,0,0,0,0,0,0,1,0,0,0,0,0,0,0
data/audio_wav/122/122027.wav,123,1,1,0,0,0,1,0,1,0,0,0,0,0,0,0,1,0,0,0,0,0,0,0
data/audio_wav/122/122028.wav,123,1,1,0,0,0,1,0,1,0,0,0,0,0,0,0,1,0,0,0,0,0,0,0
data/audio_wav/122/122029.wav,123,1,1,0,0,0,1,0,1,0,0,0,0,0,0,0,1,0,0,0,0,0,0,0
data/audio_wav/122/122030.wav,123,1,1,0,0,0,1,0,1,0,0,0,0,0,0,0,1,0,0,0,0,0,0,0
data/audio_wav/122/122031.wav,123,1,1,0,0,0,1,0,1,0,0,0,0,0,0,0,1,0,0,0,0,0,0,0
data/audio_wav/122/122032.wav,123,1,1,0,0,0,1,0,1,0,0,0,0,0,0,0,1,0,0,0,0,0,0,0
data/audio_wav/122/122033.wav,123,1,1,0,0,0,1,0,1,0,0,0,0,0,0,0,1,0,0,0,0,0,0,0
data/audio_wav/122/122034.wav,123,1,1,0,0,0,1,0,1,0,0,0,0,0,0,0,1,0,0,0,0,0,0,0
data/audio_wav/122/122035.wav,123,1,1,0,0,0,1,0,1,0,0,0,0,0,0,0,1,0,0,0,0,0,0,0
data/audio_wav/122/122036.wav,123,1,1,0,0,0,1,0,1,0,0,0,0,0,0,0,1,0,0,0,0,0,0,0
data/audio_wav/122/122037.wav,123,1,1,0,0,0,1,0,1,0,0,0,0,0,0,0,1,0,0,0,0,0,0,0
data/audio_wav/122/122038.wav,123,1,1,0,0,0,1,0,1,0,0,0,0,0,0,0,1,0,0,0,0,0,0,0
data/audio_wav/122/122039.wav,123,1,1,0,0,0,1,0,1,0,0,0,0,0,0,0,1,0,0,0,0,0,0,0
data/audio_wav/122/122040.wav,123,1,1,0,0,0,1,0,1,0,0,0,0,0,0,0,1,0,0,0,0,0,0,0
data/audio_wav/122/122041.wav,123,1,1,0,0,0,1,0,1,0,0,0,0,0,0,0,1,0,0,0,0,0,0,0
data/audio_wav/122/122042.wav,123,1,1,0,0,0,1,0,1,0,0,0,0,0,0,0,1,0,0,0,0,0,0,0
data/audio_wav/122/122043.wav,123,1,1,0,0,0,1,0,1,0,0,0,0,0,0,0,1,0,0,0,0,0,0,0
data/audio_wav/122/122044.wav,123,1,1,0,0,0,1,0,1,0,0,0,0,0,0,0,1,0,0,0,0,0,0,0
data/audio_wav/122/122045.wav,123,1,1,0,0,0,1,0,1,0,0,0,0,0,0,0,1,0,0,0,0,0,0,0
data/audio_wav/122/122046.wav,123,1,1,0,0,0,1,0,1,0,0,0,0,0,0,0,1,0,0,0,0,0,0,0
data/audio_wav/122/122047.wav,123,1,1,0,0,0,1,0,1,0,0,0,0,0,0,0,1,0,0,0,0,0,0,0
data/audio_wav/122/122048.wav,123,1,1,0,0,0,1,0,1,0,0,0,0,0,0,0,1,0,0,0,0,0,0,0
data/audio_wav/122/122049.wav,123,1,1,0,0,0,1,0,1,0,0,0,0,0,0,0,1,0,0,0,0,0,0,0
data/audio_wav/123/123000.wav,124,0,0,0,0,0,1,0,1,0,0,0,0,0,0,0,0,1,0,0,0,0,0,0
data/audio_wav/123/123001.wav,124,0,0,0,0,0,1,0,1,0,0,0,0,0,0,0,0,1,0,0,0,0,0,0
data/audio_wav/123/123002.wav,124,0,0,0,0,0,1,0,1,0,0,0,0,0,0,0,0,1,0,0,0,0,0,0
data/audio_wav/123/123003.wav,124,0,0,0,0,0,1,0,1,0,0,0,0,0,0,0,0,1,0,0,0,0,0,0
data/audio_wav/123/123004.wav,124,0,0,0,0,0,1,0,1,0,0,0,0,0,0,0,0,1,0,0,0,0,0,0
data/audio_wav/123/123005.wav,124,0,0,0,0,0,1,0,1,0,0,0,0,0,0,0,0,1,0,0,0,0,0,0
data/audio_wav/123/123006.wav,124,0,0,0,0,0,1,0,1,0,0,0,0,0,0,0,0,1,0,0,0,0,0,0
data/audio_wav/123/123007.wav,124,0,0,0,0,0,1,0,1,0,0,0,0,0,0,0,0,1,0,0,0,0,0,0
data/audio_wav/123/123008.wav,124,0,0,0,0,0,1,0,1,0,0,0,0,0,0,0,0,1,0,0,0,0,0,0
data/audio_wav/123/123009.wav,124,0,0,0,0,0,1,0,1,0,0,0,0,0,0,0,0,1,0,0,0,0,0,0
data/audio_wav/123/123010.wav,124,0,0,0,0,0,1,0,1,0,0,0,0,0,0,0,0,1,0,0,0,0,0,0
data/audio_wav/123/123011.wav,124,0,0,0,0,0,1,0,1,0,0,0,0,0,0,0,0,1,0,0,0,0,0,0
data/audio_wav/123/123012.wav,124,0,0,0,0,0,1,0,1,0,0,0,0,0,0,0,0,1,0,0,0,0,0,0
data/audio_wav/123/123013.wav,124,0,0,0,0,0,1,0,1,0,0,0,0,0,0,0,0,1,0,0,0,0,0,0
data/audio_wav/123/123014.wav,124,0,0,0,0,0,1,0,1,0,0,0,0,0,0,0,0,1,0,0,0,0,0,0
data/audio_wav/123/123015.wav,124,0,0,0,0,0,1,0,1,0,0,0,0,0,0,0,0,1,0,0,0,0,0,0
data/audio_wav/123/123016.wav,124,0,0,0,0,0,1,0,1,0,0,0,0,0,0,0,0,1,0,0,0,0,0,0
data/audio_wav/123/123017.wav,124,0,0,0,0,0,1,0,1,0,0,0,0,0,0,0,0,1,0,0,0,0,0,0
data/audio_wav/123/123018.wav,124,0,0,0,0,0,1,0,1,0,0,0,0,0,0,0,0,1,0,0,0,0,0,0
data/audio_wav/123/123019.wav,124,0,0,0,0,0,1,0,1,0,0,0,0,0,0,0,0,1,0,0,0,0,0,0
data/audio_wav/123/123020.wav,124,0,0,0,0,0,1,0,1,0,0,0,0,0,0,0,0,1,0,0,0,0,0,0
data/audio_wav/123/123021.wav,124,0,0,0,0,0,1,0,1,0,0,0,0,0,0,0,0,1,0,0,0,0,0,0
data/audio_wav/123/123022.wav,124,0,0,0,0,0,1,0,1,0,0,0,0,0,0,0,0,1,0,0,0,0,0,0
data/audio_wav/123/123023.wav,124,0,0,0,0,0,1,0,1,0,0,0,0,0,0,0,0,1,0,0,0,0,0,0
data/audio_wav/123/123024.wav,124,0,0,0,0,0,1,0,1,0,0,0,0,0,0,0,0,1,0,0,0,0,0,0
data/audio_wav/123/123025.wav,124,0,0,0,0,0,1,0,1,0,0,0,0,0,0,0,0,1,0,0,0,0,0,0
data/audio_wav/123/123026.wav,124,0,0,0,0,0,1,0,1,0,0,0,0,0,0,0,0,1,0,0,0,0,0,0
data/audio_wav/123/123027.wav,124,0,0,0,0,0,1,0,1,0,0,0,0,0,0,0,0,1,0,0,0,0,0,0
data/audio_wav/123/123028.wav,124,0,0,0,0,0,1,0,1,0,0,0,0,0,0,0,0,1,0,0,0,0,0,0
data/audio_wav/123/123029.wav,124,0,0,0,0,0,1,0,1,0,0,0,0,0,0,0,0,1,0,0,0,0,0,0
data/audio_wav/123/123030.wav,124,0,0,0,0,0,1,0,1,0,0,0,0,0,0,0,0,1,0,0,0,0,0,0
data/audio_wav/123/123031.wav,124,0,0,0,0,0,1,0,1,0,0,0,0,0,0,0,0,1,0,0,0,0,0,0
data/audio_wav/123/123032.wav,124,0,0,0,0,0,1,0,1,0,0,0,0,0,0,0,0,1,0,0,0,0,0,0
data/audio_wav/123/123033.wav,124,0,0,0,0,0,1,0,1,0,0,0,0,0,0,0,0,1,0,0,0,0,0,0
data/audio_wav/123/123034.wav,124,0,0,0,0,0,1,0,1,0,0,0,0,0,0,0,0,1,0,0,0,0,0,0
data/audio_wav/123/123035.wav,124,0,0,0,0,0,1,0,1,0,0,0,0,0,0,0,0,1,0,0,0,0,0,0
data/audio_wav/123/123036.wav,124,0,0,0,0,0,1,0,1,0,0,0,0,0,0,0,0,1,0,0,0,0,0,0
data/audio_wav/123/123037.wav,124,0,0,0,0,0,1,0,1,0,0,0,0,0,0,0,0,1,0,0,0,0,0,0
data/audio_wav/123/123038.wav,124,0,0,0,0,0,1,0,1,0,0,0,0,0,0,0,0,1,0,0,0,0,0,0
data/audio_wav/123/123039.wav,124,0,0,0,0,0,1,0,1,0,0,0,0,0,0,0,0,1,0,0,0,0,0,0
data/audio_wav/123/123040.wav,124,0,0,0,0,0,1,0,1,0,0,0,0,0,0,0,0,1,0,0,0,0,0,0
data/audio_wav/123/123041.wav,124,0,0,0,0,0,1,0,1,0,0,0,0,0,0,0,0,1,0,0,0,0,0,0
data/audio_wav/123/123042.wav,124,0,0,0,0,0,1,0,1,0,0,0,0,0,0,0,0,1,0,0,0,0,0,0
data/audio_wav/123/123043.wav,124,0,0,0,0,0,1,0,1,0,0,0,0,0,0,0,0,1,0,0,0,0,0,0
data/audio_wav/123/123044.wav,124,0,0,0,0,0,1,0,1,0,0,0,0,0,0,0,0,1,0,0,0,0,0,0
data/audio_wav/123/123045.wav,124,0,0,0,0,0,1,0,1,0,0,0,0,0,0,0,0,1,0,0,0,0,0,0
data/audio_wav/123/123046.wav,124,0,0,0,0,0,1,0,1,0,0,0,0,0,0,0,0,1,0,0,0,0,0,0
data/audio_wav/123/123047.wav,124,0,0,0,0,0,1,0,1,0,0,0,0,0,0,0,0,1,0,0,0,0,0,0
data/audio_wav/123/123048.wav,124,0,0,0,0,0,1,0,1,0,0,0,0,0,0,0,0,1,0,0,0,0,0,0
data/audio_wav/123/123049.wav,124,0,0,0,0,0,1,0,1,0,0,0,0,0,0,0,0,1,0,0,0,0,0,0
data/audio_wav/124/124000.wav,125,1,1,0,0,0,1,0,1,0,0,0,0,0,0,0,0,0,1,0,0,0,0,0
data/audio_wav/124/124001.wav,125,1,1,0,0,0,1,0,1,0,0,0,0,0,0,0,0,0,1,0,0,0,0,0
data/audio_wav/124/124002.wav,125,1,1,0,0,0,1,0,1,0,0,0,0,0,0,0,0,0,1,0,0,0,0,0
data/audio_wav/124/124003.wav,125,1,1,0,0,0,1,0,1,0,0,0,0,0,0,0,0,0,1,0,0,0,0,0
data/audio_wav/124/124004.wav,125,1,1,0,0,0,1,0,1,0,0,0,0,0,0,0,0,0,1,0,0,0,0,0
data/audio_wav/124/124005.wav,125,1,1,0,0,0,1,0,1,0,0,0,0,0,0,0,0,0,1,0,0,0,0,0
data/audio_wav/124/124006.wav,125,1,1,0,0,0,1,0,1,0,0,0,0,0,0,0,0,0,1,0,0,0,0,0
data/audio_wav/124/124007.wav,125,1,1,0,0,0,1,0,1,0,0,0,0,0,0,0,0,0,1,0,0,0,0,0
data/audio_wav/124/124008.wav,125,1,1,0,0,0,1,0,1,0,0,0,0,0,0,0,0,0,1,0,0,0,0,0
data/audio_wav/124/124009.wav,125,1,1,0,0,0,1,0,1,0,0,0,0,0,0,0,0,0,1,0,0,0,0,0
data/audio_wav/124/124010.wav,125,1,1,0,0,0,1,0,1,0,0,0,0,0,0,0,0,0,1,0,0,0,0,0
data/audio_wav/124/124011.wav,125,1,1,0,0,0,1,0,1,0,0,0,0,0,0,0,0,0,1,0,0,0,0,0
data/audio_wav/124/124012.wav,125,1,1,0,0,0,1,0,1,0,0,0,0,0,0,0,0,0,1,0,0,0,0,0
data/audio_wav/124/124013.wav,125,1,1,0,0,0,1,0,1,0,0,0,0,0,0,0,0,0,1,0,0,0,0,0
data/audio_wav/124/124014.wav,125,1,1,0,0,0,1,0,1,0,0,0,0,0,0,0,0,0,1,0,0,0,0,0
data/audio_wav/124/124015.wav,125,1,1,0,0,0,1,0,1,0,0,0,0,0,0,0,0,0,1,0,0,0,0,0
data/audio_wav/124/124016.wav,125,1,1,0,0,0,1,0,1,0,0,0,0,0,0,0,0,0,1,0,0,0,0,0
data/audio_wav/124/124017.wav,125,1,1,0,0,0,1,0,1,0,0,0,0,0,0,0,0,0,1,0,0,0,0,0
data/audio_wav/124/124018.wav,125,1,1,0,0,0,1,0,1,0,0,0,0,0,0,0,0,0,1,0,0,0,0,0
data/audio_wav/124/124019.wav,125,1,1,0,0,0,1,0,1,0,0,0,0,0,0,0,0,0,1,0,0,0,0,0
data/audio_wav/124/124020.wav,125,1,1,0,0,0,1,0,1,0,0,0,0,0,0,0,0,0,1,0,0,0,0,0
data/audio_wav/124/124021.wav,125,1,1,0,0,0,1,0,1,0,0,0,0,0,0,0,0,0,1,0,0,0,0,0
data/audio_wav/124/124022.wav,125,1,1,0,0,0,1,0,1,0,0,0,0,0,0,0,0,0,1,0,0,0,0,0
data/audio_wav/124/124023.wav,125,1,1,0,0,0,1,0,1,0,0,0,0,0,0,0,0,0,1,0,0,0,0,0
data/audio_wav/124/124024.wav,125,1,1,0,0,0,1,0,1,0,0,0,0,0,0,0,0,0,1,0,0,0,0,0
data/audio_wav/124/124025.wav,125,1,1,0,0,0,1,0,1,0,0,0,0,0,0,0,0,0,1,0,0,0,0,0
data/audio_wav/124/124026.wav,125,1,1,0,0,0,1,0,1,0,0,0,0,0,0,0,0,0,1,0,0,0,0,0
data/audio_wav/124/124027.wav,125,1,1,0,0,0,1,0,1,0,0,0,0,0,0,0,0,0,1,0,0,0,0,0
data/audio_wav/124/124028.wav,125,1,1,0,0,0,1,0,1,0,0,0,0,0,0,0,0,0,1,0,0,0,0,0
data/audio_wav/124/124029.wav,125,1,1,0,0,0,1,0,1,0,0,0,0,0,0,0,0,0,1,0,0,0,0,0
data/audio_wav/124/124030.wav,125,1,1,0,0,0,1,0,1,0,0,0,0,0,0,0,0,0,1,0,0,0,0,0
data/audio_wav/124/124031.wav,125,1,1,0,0,0,1,0,1,0,0,0,0,0,0,0,0,0,1,0,0,0,0,0
data/audio_wav/124/124032.wav,125,1,1,0,0,0,1,0,1,0,0,0,0,0,0,0,0,0,1,0,0,0,0,0
data/audio_wav/124/124033.wav,125,1,1,0,0,0,1,0,1,0,0,0,0,0,0,0,0,0,1,0,0,0,0,0
data/audio_wav/124/124034.wav,125,1,1,0,0,0,1,0,1,0,0,0,0,0,0,0,0,0,1,0,0,0,0,0
data/audio_wav/124/124035.wav,125,1,1,0,0,0,1,0,1,0,0,0,0,0,0,0,0,0,1,0,0,0,0,0
data/audio_wav/124/124036.wav,125,1,1,0,0,0,1,0,1,0,0,0,0,0,0,0,0,0,1,0,0,0,0,0
data/audio_wav/124/124037.wav,125,1,1,0,0,0,1,0,1,0,0,0,0,0,0,0,0,0,1,0,0,0,0,0
data/audio_wav/124/124038.wav,125,1,1,0,0,0,1,0,1,0,0,0,0,0,0,0,0,0,1,0,0,0,0,0
data/audio_wav/124/124039.wav,125,1,1,0,0,0,1,0,1,0,0,0,0,0,0,0,0,0,1,0,0,0,0,0
data/audio_wav/124/124040.wav,125,1,1,0,0,0,1,0,1,0,0,0,0,0,0,0,0,0,1,0,0,0,0,0
data/audio_wav/124/124041.wav,125,1,1,0,0,0,1,0,1,0,0,0,0,0,0,0,0,0,1,0,0,0,0,0
data/audio_wav/124/124042.wav,125,1,1,0,0,0,1,0,1,0,0,0,0,0,0,0,0,0,1,0,0,0,0,0
data/audio_wav/124/124043.wav,125,1,1,0,0,0,1,0,1,0,0,0,0,0,0,0,0,0,1,0,0,0,0,0
data/audio_wav/124/124044.wav,125,1,1,0,0,0,1,0,1,0,0,0,0,0,0,0,0,0,1,0,0,0,0,0
data/audio_wav/124/124045.wav,125,1,1,0,0,0,1,0,1,0,0,0,0,0,0,0,0,0,1,0,0,0,0,0
data/audio_wav/124/124046.wav,125,1,1,0,0,0,1,0,1,0,0,0,0,0,0,0,0,0,1,0,0,0,0,0
data/audio_wav/124/124047.wav,125,1,1,0,0,0,1,0,1,0,0,0,0,0,0,0,0,0,1,0,0,0,0,0
data/audio_wav/124/124048.wav,125,1,1,0,0,0,1,0,1,0,0,0,0,0,0,0,0,0,1,0,0,0,0,0
data/audio_wav/124/124049.wav,125,1,1,0,0,0,1,0,1,0,0,0,0,0,0,0,0,0,1,0,0,0,0,0
data/audio_wav/125/125000.wav,126,0,0,0,0,0,1,0,1,0,0,0,0,0,0,0,0,0,0,1,0,0,0,0
data/audio_wav/125/125001.wav,126,0,0,0,0,0,1,0,1,0,0,0,0,0,0,0,0,0,0,1,0,0,0,0
data/audio_wav/125/125002.wav,126,0,0,0,0,0,1,0,1,0,0,0,0,0,0,0,0,0,0,1,0,0,0,0
data/audio_wav/125/125003.wav,126,0,0,0,0,0,1,0,1,0,0,0,0,0,0,0,0,0,0,1,0,0,0,0
data/audio_wav/125/125004.wav,126,0,0,0,0,0,1,0,1,0,0,0,0,0,0,0,0,0,0,1,0,0,0,0
data/audio_wav/125/125005.wav,126,0,0,0,0,0,1,0,1,0,0,0,0,0,0,0,0,0,0,1,0,0,0,0
data/audio_wav/125/125006.wav,126,0,0,0,0,0,1,0,1,0,0,0,0,0,0,0,0,0,0,1,0,0,0,0
data/audio_wav/125/125007.wav,126,0,0,0,0,0,1,0,1,0,0,0,0,0,0,0,0,0,0,1,0,0,0,0
data/audio_wav/125/125008.wav,126,0,0,0,0,0,1,0,1,0,0,0,0,0,0,0,0,0,0,1,0,0,0,0
data/audio_wav/125/125009.wav,126,0,0,0,0,0,1,0,1,0,0,0,0,0,0,0,0,0,0,1,0,0,0,0
data/audio_wav/125/125010.wav,126,0,0,0,0,0,1,0,1,0,0,0,0,0,0,0,0,0,0,1,0,0,0,0
data/audio_wav/125/125011.wav,126,0,0,0,0,0,1,0,1,0,0,0,0,0,0,0,0,0,0,1,0,0,0,0
data/audio_wav/125/125012.wav,126,0,0,0,0,0,1,0,1,0,0,0,0,0,0,0,0,0,0,1,0,0,0,0
data/audio_wav/125/125013.wav,126,0,0,0,0,0,1,0,1,0,0,0,0,0,0,0,0,0,0,1,0,0,0,0
data/audio_wav/125/125014.wav,126,0,0,0,0,0,1,0,1,0,0,0,0,0,0,0,0,0,0,1,0,0,0,0
data/audio_wav/125/125015.wav,126,0,0,0,0,0,1,0,1,0,0,0,0,0,0,0,0,0,0,1,0,0,0,0
data/audio_wav/125/125016.wav,126,0,0,0,0,0,1,0,1,0,0,0,0,0,0,0,0,0,0,1,0,0,0,0
data/audio_wav/125/125017.wav,126,0,0,0,0,0,1,0,1,0,0,0,0,0,0,0,0,0,0,1,0,0,0,0
data/audio_wav/125/125018.wav,126,0,0,0,0,0,1,0,1,0,0,0,0,0,0,0,0,0,0,1,0,0,0,0
data/audio_wav/125/125019.wav,126,0,0,0,0,0,1,0,1,0,0,0,0,0,0,0,0,0,0,1,0,0,0,0
data/audio_wav/125/125020.wav,126,0,0,0,0,0,1,0,1,0,0,0,0,0,0,0,0,0,0,1,0,0,0,0
data/audio_wav/125/125021.wav,126,0,0,0,0,0,1,0,1,0,0,0,0,0,0,0,0,0,0,1,0,0,0,0
data/audio_wav/125/125022.wav,126,0,0,0,0,0,1,0,1,0,0,0,0,0,0,0,0,0,0,1,0,0,0,0
data/audio_wav/125/125023.wav,126,0,0,0,0,0,1,0,1,0,0,0,0,0,0,0,0,0,0,1,0,0,0,0
data/audio_wav/125/125024.wav,126,0,0,0,0,0,1,0,1,0,0,0,0,0,0,0,0,0,0,1,0,0,0,0
data/audio_wav/125/125025.wav,126,0,0,0,0,0,1,0,1,0,0,0,0,0,0,0,0,0,0,1,0,0,0,0
data/audio_wav/125/125026.wav,126,0,0,0,0,0,1,0,1,0,0,0,0,0,0,0,0,0,0,1,0,0,0,0
data/audio_wav/125/125027.wav,126,0,0,0,0,0,1,0,1,0,0,0,0,0,0,0,0,0,0,1,0,0,0,0
data/audio_wav/125/125028.wav,126,0,0,0,0,0,1,0,1,0,0,0,0,0,0,0,0,0,0,1,0,0,0,0
data/audio_wav/125/125029.wav,126,0,0,0,0,0,1,0,1,0,0,0,0,0,0,0,0,0,0,1,0,0,0,0
data/audio_wav/125/125030.wav,126,0,0,0,0,0,1,0,1,0,0,0,0,0,0,0,0,0,0,1,0,0,0,0
data/audio_wav/125/125031.wav,126,0,0,0,0,0,1,0,1,0,0,0,0,0,0,0,0,0,0,1,0,0,0,0
data/audio_wav/125/125032.wav,126,0,0,0,0,0,1,0,1,0,0,0,0,0,0,0,0,0,0,1,0,0,0,0
data/audio_wav/125/125033.wav,126,0,0,0,0,0,1,0,1,0,0,0,0,0,0,0,0,0,0,1,0,0,0,0
data/audio_wav/125/125034.wav,126,0,0,0,0,0,1,0,1,0,0,0,0,0,0,0,0,0,0,1,0,0,0,0
data/audio_wav/125/125035.wav,126,0,0,0,0,0,1,0,1,0,0,0,0,0,0,0,0,0,0,1,0,0,0,0
data/audio_wav/125/125036.wav,126,0,0,0,0,0,1,0,1,0,0,0,0,0,0,0,0,0,0,1,0,0,0,0
data/audio_wav/125/125037.wav,126,0,0,0,0,0,1,0,1,0,0,0,0,0,0,0,0,0,0,1,0,0,0,0
data/audio_wav/125/125038.wav,126,0,0,0,0,0,1,0,1,0,0,0,0,0,0,0,0,0,0,1,0,0,0,0
data/audio_wav/125/125039.wav,126,0,0,0,0,0,1,0,1,0,0,0,0,0,0,0,0,0,0,1,0,0,0,0
data/audio_wav/125/125040.wav,126,0,0,0,0,0,1,0,1,0,0,0,0,0,0,0,0,0,0,1,0,0,0,0
data/audio_wav/125/125041.wav,126,0,0,0,0,0,1,0,1,0,0,0,0,0,0,0,0,0,0,1,0,0,0,0
data/audio_wav/125/125042.wav,126,0,0,0,0,0,1,0,1,0,0,0,0,0,0,0,0,0,0,1,0,0,0,0
data/audio_wav/125/125043.wav,126,0,0,0,0,0,1,0,1,0,0,0,0,0,0,0,0,0,0,1,0,0,0,0
data/audio_wav/125/125044.wav,126,0,0,0,0,0,1,0,1,0,0,0,0,0,0,0,0,0,0,1,0,0,0,0
data/audio_wav/125/125045.wav,126,0,0,0,0,0,1,0,1,0,0,0,0,0,0,0,0,0,0,1,0,0,0,0
data/audio_wav/125/125046.wav,126,0,0,0,0,0,1,0,1,0,0,0,0,0,0,0,0,0,0,1,0,0,0,0
data/audio_wav/125/125047.wav,126,0,0,0,0,0,1,0,1,0,0,0,0,0,0,0,0,0,0,1,0,0,0,0
data/audio_wav/125/125048.wav,126,0,0,0,0,0,1,0,1,0,0,0,0,0,0,0,0,0,0,1,0,0,0,0
data/audio_wav/125/125049.wav,126,0,0,0,0,0,1,0,1,0,0,0,0,0,0,0,0,0,0,1,0,0,0,0
data/audio_wav/126/126000.wav,127,1,1,0,0,0,1,0,1,0,0,0,0,0,0,0,0,0,0,0,1,0,0,0
data/audio_wav/126/126001.wav,127,1,1,0,0,0,1,0,1,0,0,0,0,0,0,0,0,0,0,0,1,0,0,0
data/audio_wav/126/126002.wav,127,1,1,0,0,0,1,0,1,0,0,0,0,0,0,0,0,0,0,0,1,0,0,0
data/audio_wav/126/126003.wav,127,1,1,0,0,0,1,0,1,0,0,0,0,0,0,0,0,0,0,0,1,0,0,0
data/audio_wav/126/126004.wav,127,1,1,0,0,0,1,0,1,0,0,0,0,0,0,0,0,0,0,0,1,0,0,0
data/audio_wav/126/126005.wav,127,1,1,0,0,0,1,0,1,0,0,0,0,0,0,0,0,0,0,0,1,0,0,0
data/audio_wav/126/126006.wav,127,1,1,0,0,0,1,0,1,0,0,0,0,0,0,0,0,0,0,0,1,0,0,0
data/audio_wav/126/126007.wav,127,1,1,0,0,0,1,0,1,0,0,0,0,0,0,0,0,0,0,0,1,0,0,0
data/audio_wav/126/126008.wav,127,1,1,0,0,0,1,0,1,0,0,0,0,0,0,0,0,0,0,0,1,0,0,0
data/audio_wav/126/126009.wav,127,1,1,0,0,0,1,0,1,0,0,0,0,0,0,0,0,0,0,0,1,0,0,0
data/audio_wav/126/126010.wav,127,1,1,0,0,0,1,0,1,0,0,0,0,0,0,0,0,0,0,0,1,0,0,0
data/audio_wav/126/126011.wav,127,1,1,0,0,0,1,0,1,0,0,0,0,0,0,0,0,0,0,0,1,0,0,0
data/audio_wav/126/126012.wav,127,1,1,0,0,0,1,0,1,0,0,0,0,0,0,0,0,0,0,0,1,0,0,0
data/audio_wav/126/126013.wav,127,1,1,0,0,0,1,0,1,0,0,0,0,0,0,0,0,0,0,0,1,0,0,0
data/audio_wav/126/126014.wav,127,1,1,0,0,0,1,0,1,0,0,0,0,0,0,0,0,0,0,0,1,0,0,0
data/audio_wav/126/126015.wav,127,1,1,0,0,0,1,0,1,0,0,0,0,0,0,0,0,0,0,0,1,0,0,0
data/audio_wav/126/126016.wav,127,1,1,0,0,0,1,0,1,0,0,0,0,0,0,0,0,0,0,0,1,0,0,0
data/audio_wav/126/126017.wav,127,1,1,0,0,0,1,0,1,0,0,0,0,0,0,0,0,0,0,0,1,0,0,0
data/audio_wav/126/126018.wav,127,1,1,0,0,0,1,0,1,0,0,0,0,0,0,0,0,0,0,0,1,0,0,0
data/audio_wav/126/126019.wav,127,1,1,0,0,0,1,0,1,0,0,0,0,0,0,0,0,0,0,0,1,0,0,0
data/audio_wav/126/126020.wav,127,1,1,0,0,0,1,0,1,0,0,0,0,0,0,0,0,0,0,0,1,0,0,0
data/audio_wav/126/126021.wav,127,1,1,0,0,0,1,0,1,0,0,0,0,0,0,0,0,0,0,0,1,0,0,0
data/audio_wav/126/126022.wav,127,1,1,0,0,0,1,0,1,0,0,0,0,0,0,0,0,0,0,0,1,0,0,0
data/audio_wav/126/126023.wav,127,1,1,0,0,0,1,0,1,0,0,0,0,0,0,0,0,0,0,0,1,0,0,0
data/audio_wav/126/126024.wav,127,1,1,0,0,0,1,0,1,0,0,0,0,0,0,0,0,0,0,0,1,0,0,0
data/audio_wav/126/126025.wav,127,1,1,0,0,0,1,0,1,0,0,0,0,0,0,0,0,0,0,0,1,0,0,0
data/audio_wav/126/126026.wav,127,1,1,0,0,0,1,0,1,0,0,0,0,0,0,0,0,0,0,0,1,0,0,0
data/audio_wav/126/126027.wav,127,1,1,0,0,0,1,0,1,0,0,0,0,0,0,0,0,0,0,0,1,0,0,0
data/audio_wav/126/126028.wav,127,1,1,0,0,0,1,0,1,0,0,0,0,0,0,0,0,0,0,0,1,0,0,0
data/audio_wav/126/126029.wav,127,1,1,0,0,0,1,0,1,0,0,0,0,0,0,0,0,0,0,0,1,0,0,0
data/audio_wav/126/126030.wav,127,1,1,0,0,0,1,0,1,0,0,0,0,0,0,0,0,0,0,0,1,0,0,0
data/audio_wav/126/126031.wav,127,1,1,0,0,0,1,0,1,0,0,0,0,0,0,0,0,0,0,0,1,0,0,0
data/audio_wav/126/126032.wav,127,1,1,0,0,0,1,0,1,0,0,0,0,0,0,0,0,0,0,0,1,0,0,0
data/audio_wav/126/126033.wav,127,1,1,0,0,0,1,0,1,0,0,0,0,0,0,0,0,0,0,0,1,0,0,0
data/audio_wav/126/126034.wav,127,1,1,0,0,0,1,0,1,0,0,0,0,0,0,0,0,0,0,0,1,0,0,0
data/audio_wav/126/126035.wav,127,1,1,0,0,0,1,0,1,0,0,0,0,0,0,0,0,0,0,0,1,0,0,0
data/audio_wav/126/126036.wav,127,1,1,0,0,0,1,0,1,0,0,0,0,0,0,0,0,0,0,0,1,0,0,0
data/audio_wav/126/126037.wav,127,1,1,0,0,0,1,0,1,0,0,0,0,0,0,0,0,0,0,0,1,0,0,0
data/audio_wav/126/126038.wav,127,1,1,0,0,0,1,0,1,0,0,0,0,0,0,0,0,0,0,0,1,0,0,0
data/audio_wav/126/126039.wav,127,1,1,0,0,0,1,0,1,0,0,0,0,0,0,0,0,0,0,0,1,0,0,0
data/audio_wav/126/126040.wav,127,1,1,0,0,0,1,0,1,0,0,0,0,0,0,0,0,0,0,0,1,0,0,0
data/audio_wav/126/126041.wav,127,1,1,0,0,0,1,0,1,0,0,0,0,0,0,0,0,0,0,0,1,0,0,0
data/audio_wav/126/126042.wav,127,1,1,0,0,0,1,0,1,0,0,0,0,0,0,0,0,0,0,0,1,0,0,0
data/audio_wav/126/126043.wav,127,1,1,0,0,0,1,0,1,0,0,0,0,0,0,0,0,0,0,0,1,0,0,0
data/audio_wav/126/126044.wav,127,1,1,0,0,0,1,0,1,0,0,0,0,0,0,0,0,0,0,0,1,0,0,0
data/audio_wav/126/126045.wav,127,1,1,0,0,0,1,0,1,0,0,0,0,0,0,0,0,0,0,0,1,0,0,0
data/audio_wav/126/126046.wav,127,1,1,0,0,0,1,0,1,0,0,0,0,0,0,0,0,0,0,0,1,0,0,0
data/audio_wav/126/126047.wav,127,1,1,0,0,0,1,0,1,0,0,0,0,0,0,0,0,0,0,0,1,0,0,0
data/audio_wav/126/126048.wav,127,1,1,0,0,0,1,0,1,0,0,0,0,0,0,0,0,0,0,0,1,0,0,0
data/audio_wav/126/126049.wav,127,1,1,0,0,0,1,0,1,0,0,0,0,0,0,0,0,0,0,0,1,0,0,0
data/audio_wav/127/127000.wav,128,0,0,0,0,0,1,0,1,0,0,0,0,0,0,0,0,0,0,0,0,1,0,0
data/audio_wav/127/127001.wav,128,0,0,0,0,0,1,0,1,0,0,0,0,0,0,0,0,0,0,0,0,1,0,0
data/audio_wav/127/127002.wav,128,0,0,0,0,0,1,0,1,0,0,0,0,0,0,0,0,0,0,0,0,1,0,0
data/audio_wav/127/127003.wav,128,0,0,0,0,0,1,0,1,0,0,0,0,0,0,0,0,0,0,0,0,1,0,0
data/audio_wav/127/127004.wav,128,0,0,0,0,0,1,0,1,0,0,0,0,0,0,0,0,0,0,0,0,1,0,0
data/audio_wav/127/127005.wav,128,0,0,0,0,0,1,0,1,0,0,0,0,0,0,0,0,0,0,0,0,1,0,0
data/audio_wav/127/127006.wav,128,0,0,0,0,0,1,0,1,0,0,0,0,0,0,0,0,0,0,0,0,1,0,0
data/audio_wav/127/127007.wav,128,0,0,0,0,0,1,0,1,0,0,0,0,0,0,0,0,0,0,0,0,1,0,0
data/audio_wav/127/127008.wav,128,0,0,0,0,0,1,0,1,0,0,0,0,0,0,0,0,0,0,0,0,1,0,0
data/audio_wav/127/127009.wav,128,0,0,0,0,0,1,0,1,0,0,0,0,0,0,0,0,0,0,0,0,1,0,0
data/audio_wav/127/127010.wav,128,0,0,0,0,0,1,0,1,0,0,0,0,0,0,0,0,0,0,0,0,1,0,0
data/audio_wav/127/127011.wav,128,0,0,0,0,0,1,0,1,0,0,0,0,0,0,0,0,0,0,0,0,1,0,0
data/audio_wav/127/127012.wav,128,0,0,0,0,0,1,0,1,0,0,0,0,0,0,0,0,0,0,0,0,1,0,0
data/audio_wav/127/127013.wav,128,0,0,0,0,0,1,0,1,0,0,0,0,0,0,0,0,0,0,0,0,1,0,0
data/audio_wav/127/127014.wav,128,0,0,0,0,0,1,0,1,0,0,0,0,0,0,0,0,0,0,0,0,1,0,0
data/audio_wav/127/127015.wav,128,0,0,0,0,0,1,0,1,0,0,0,0,0,0,0,0,0,0,0,0,1,0,0
data/audio_wav/127/127016.wav,128,0,0,0,0,0,1,0,1,0,0,0,0,0,0,0,0,0,0,0,0,1,0,0
data/audio_wav/127/127017.wav,128,0,0,0,0,0,1,0,1,0,0,0,0,0,0,0,0,0,0,0,0,1,0,0
data/audio_wav/127/127018.wav,128,0,0,0,0,0,1,0,1,0,0,0,0,0,0,0,0,0,0,0,0,1,0,0
data/audio_wav/127/127019.wav,128,0,0,0,0,0,1,0,1,0,0,0,0,0,0,0,0,0,0,0,0,1,0,0
data/audio_wav/127/127020.wav,128,0,0,0,0,0,1,0,1,0,0,0,0,0,0,0,0,0,0,0,0,1,0,0
data/audio_wav/127/127021.wav,128,0,0,0,0,0,1,0,1,0,0,0,0,0,0,0,0,0,0,0,0,1,0,0
data/audio_wav/127/127022.wav,128,0,0,0,0,0,1,0,1,0,0,0,0,0,0,0,0,0,0,0,0,1,0,0
data/audio_wav/127/127023.wav,128,0,0,0,0,0,1,0,1,0,0,0,0,0,0,0,0,0,0,0,0,1,0,0
data/audio_wav/127/127024.wav,128,0,0,0,0,0,1,0,1,0,0,0,0,0,0,0,0,0,0,0,0,1,0,0
data/audio_wav/127/127025.wav,128,0,0,0,0,0,1,0,1,0,0,0,0,0,0,0,0,0,0,0,0,1,0,0
data/audio_wav/127/127026.wav,128,0,0,0,0,0,1,0,1,0,0,0,0,0,0,0,0,0,0,0,0,1,0,0
data/audio_wav/127/127027.wav,128,0,0,0,0,0,1,0,1,0,0,0,0,0,0,0,0,0,0,0,0,1,0,0
data/audio_wav/127/127028.wav,128,0,0,0,0,0,1,0,1,0,0,0,0,0,0,0,0,0,0,0,0,1,0,0
data/audio_wav/127/127029.wav,128,0,0,0,0,0,1,0,1,0,0,0,0,0,0,0,0,0,0,0,0,1,0,0
data/audio_wav/127/127030.wav,128,0,0,0,0,0,1,0,1,0,0,0,0,0,0,0,0,0,0,0,0,1,0,0
data/audio_wav/127/127031.wav,128,0,0,0,0,0,1,0,1,0,0,0,0,0,0,0,0,0,0,0,0,1,0,0
data/audio_wav/127/127032.wav,128,0,0,0,0,0,1,0,1,0,0,0,0,0,0,0,0,0,0,0,0,1,0,0
data/audio_wav/127/127033.wav,128,0,0,0,0,0,1,0,1,0,0,0,0,0,0,0,0,0,0,0,0,1,0,0
data/audio_wav/127/127034.wav,128,0,0,0,0,0,1,0,1,0,0,0,0,0,0,0,0,0,0,0,0,1,0,0
data/audio_wav/127/127035.wav,128,0,0,0,0,0,1,0,1,0,0,0,0,0,0,0,0,0,0,0,0,1,0,0
data/audio_wav/127/127036.wav,128,0,0,0,0,0,1,0,1,0,0,0,0,0,0,0,0,0,0,0,0,1,0,0
data/audio_wav/127/127037.wav,128,0,0,0,0,0,1,0,1,0,0,0,0,0,0,0,0,0,0,0,0,1,0,0
data/audio_wav/127/127038.wav,128,0,0,0,0,0,1,0,1,0,0,0,0,0,0,0,0,0,0,0,0,1,0,0
data/audio_wav/127/127039.wav,128,0,0,0,0,0,1,0,1,0,0,0,0,0,0,0,0,0,0,0,0,1,0,0
data/audio_wav/127/127040.wav,128,0,0,0,0,0,1,0,1,0,0,0,0,0,0,0,0,0,0,0,0,1,0,0
data/audio_wav/127/127041.wav,128,0,0,0,0,0,1,0,1,0,0,0,0,0,0,0,0,0,0,0,0,1,0,0
data/audio_wav/127/127042.wav,128,0,0,0,0,0,1,0,1,0,0,0,0,0,0,0,0,0,0,0,0,1,0,0
data/audio_wav/127/127043.wav,128,0,0,0,0,0,1,0,1,0,0,0,0,0,0,0,0,0,0,0,0,1,0,0
data/audio_wav/127/127044.wav,128,0,0,0,0,0,1,0,1,0,0,0,0,0,0,0,0,0,0,0,0,1,0,0
data/audio_wav/127/127045.wav,128,0,0,0,0,0,1,0,1,0,0,0,0,0,0,0,0,0,0,0,0,1,0,0
data/audio_wav/127/127046.wav,128,0,0,0,0,0,1,0,1,0,0,0,0,0,0,0,0,0,0,0,0,1,0,0
data/audio_wav/127/127047.wav,128,0,0,0,0,0,1,0,1,0,0,0,0,0,0,0,0,0,0,0,0,1,0,0
data/audio_wav/127/127048.wav,128,0,0,0,0,0,1,0,1,0,0,0,0,0,0,0,0,0,0,0,0,1,0,0
data/audio_wav/127/127049.wav,128,0,0,0,0,0,1,0,1,0,0,0,0,0,0,0,0,0,0,0,0,1,0,0
data/audio_wav/128/128000.wav,129,1,1,0,0,0,1,0,1,0,0,0,0,0,0,0,0,0,0,0,0,0,1,0
data/audio_wav/128/128001.wav,129,1,1,0,0,0,1,0,1,0,0,0,0,0,0,0,0,0,0,0,0,0,1,0
data/audio_wav/128/128002.wav,129,1,1,0,0,0,1,0,1,0,0,0,0,0,0,0,0,0,0,0,0,0,1,0
data/audio_wav/128/128003.wav,129,1,1,0,0,0,1,0,1,0,0,0,0,0,0,0,0,0,0,0,0,0,1,0
data/audio_wav/128/128004.wav,129,1,1,0,0,0,1,0,1,0,0,0,0,0,0,0,0,0,0,0,0,0,1,0
data/audio_wav/128/128005.wav,129,1,1,0,0,0,1,0,1,0,0,0,0,0,0,0,0,0,0,0,0,0,1,0
data/audio_wav/128/128006.wav,129,1,1,0,0,0,1,0,1,0,0,0,0,0,0,0,0,0,0,0,0,0,1,0
data/audio_wav/128/128007.wav,129,1,1,0,0,0,1,0,1,0,0,0,0,0,0,0,0,0,0,0,0,0,1,0
data/audio_wav/128/128008.wav,129,1,1,0,0,0,1,0,1,0,0,0,0,0,0,0,0,0,0,0,0,0,1,0
data/audio_wav/128/128009.wav,129,1,1,0,0,0,1,0,1,0,0,0,0,0,0,0,0,0,0,0,0,0,1,0
data/audio_wav/128/128010.wav,129,1,1,0,0,0,1,0,1,0,0,0,0,0,0,0,0,0,0,0,0,0,1,0
data/audio_wav/128/128011.wav,129,1,1,0,0,0,1,0,1,0,0,0,0,0,0,0,0,0,0,0,0,0,1,0
data/audio_wav/128/128012.wav,129,1,1,0,0,0,1,0,1,0,0,0,0,0,0,0,0,0,0,0,0,0,1,0
data/audio_wav/128/128013.wav,129,1,1,0,0,0,1,0,1,0,0,0,0,0,0,0,0,0,0,0,0,0,1,0
data/audio_wav/128/128014.wav,129,1,1,0,0,0,1,0,1,0,0,0,0,0,0,0,0,0,0,0,0,0,1,0
data/audio_wav/128/128015.wav,129,1,1,0,0,0,1,0,1,0,0,0,0,0,0,0,0,0,0,0,0,0,1,0
data/audio_wav/128/128016.wav,129,1,1,0,0,0,1,0,1,0,0,0,0,0,0,0,0,0,0,0,0,0,1,0
data/audio_wav/128/128017.wav,129,1,1,0,0,0,1,0,1,0,0,0,0,0,0,0,0,0,0,0,0,0,1,0
data/audio_wav/128/128018.wav,129,1,1,0,0,0,1,0,1,0,0,0,0,0,0,0,0,0,0,0,0,0,1,0
data/audio_wav/128/128019.wav,129,1,1,0,0,0,1,0,1,0,0,0,0,0,0,0,0,0,0,0,0,0,1,0
data/audio_wav/128/128020.wav,129,1,1,0,0,0,1,0,1,0,0,0,0,0,0,0,0,0,0,0,0,0,1,0
data/audio_wav/128/128021.wav,129,1,1,0,0,0,1,0,1,0,0,0,0,0,0,0,0,0,0,0,0,0,1,0
data/audio_wav/128/128022.wav,129,1,1,0,0,0,1,0,1,0,0,0,0,0,0,0,0,0,0,0,0,0,1,0
data/audio_wav/128/128023.wav,129,1,1,0,0,0,1,0,1,0,0,0,0,0,0,0,0,0,0,0,0,0,1,0
data/audio_wav/128/128024.wav,129,1,1,0,0,0,1,0,1,0,0,0,0,0,0,0,0,0,0,0,0,0,1,0
data/audio_wav/128/128025.wav,129,1,1,0,0,0,1,0,1,0,0,0,0,0,0,0,0,0,0,0,0,0,1,0
data/audio_wav/128/128026.wav,129,1,1,0,0,0,1,0,1,0,0,0,0,0,0,0,0,0,0,0,0,0,1,0
data/audio_wav/128/128027.wav,129,1,1,0,0,0,1,0,1,0,0,0,0,0,0,0,0,0,0,0,0,0,1,0
data/audio_wav/128/128028.wav,129,1,1,0,0,0,1,0,1,0,0,0,0,0,0,0,0,0,0,0,0,0,1,0
data/audio_wav/128/128029.wav,129,1,1,0,0,0,1,0,1,0,0,0,0,0,0,0,0,0,0,0,0,0,1,0
data/audio_wav/128/128030.wav,129,1,1,0,0,0,1,0,1,0,0,0,0,0,0,0,0,0,0,0,0,0,1,0
data/audio_wav/128/128031.wav,129,1,1,0,0,0,1,0,1,0,0,0,0,0,0,0,0,0,0,0,0,0,1,0
data/audio_wav/128/128032.wav,129,1,1,0,0,0,1,0,1,0,0,0,0,0,0,0,0,0,0,0,0,0,1,0
data/audio_wav/128/128033.wav,129,1,1,0,0,0,1,0,1,0,0,0,0,0,0,0,0,0,0,0,0,0,1,0
data/audio_wav/128/128034.wav,129,1,1,0,0,0,1,0,1,0,0,0,0,0,0,0,0,0,0,0,0,0,1,0
data/audio_wav/128/128035.wav,129,1,1,0,0,0,1,0,1,0,0,0,0,0,0,0,0,0,0,0,0,0,1,0
data/audio_wav/128/128036.wav,129,1,1,0,0,0,1,0,1,0,0,0,0,0,0,0,0,0,0,0,0,0,1,0
data/audio_wav/128/128037.wav,129,1,1,0,0,0,1,0,1,0,0,0,0,0,0,0,0,0,0,0,0,0,1,0
data/audio_wav/128/128038.wav,129,1,1,0,0,0,1,0,1,0,0,0,0,0,0,0,0,0,0,0,0,0,1,0
data/audio_wav/128/128039.wav,129,1,1,0,0,0,1,0,1,0,0,0,0,0,0,0,0,0,0,0,0,0,1,0
data/audio_wav/128/128040.wav,129,1,1,0,0,0,1,0,1,0,0,0,0,0,0,0,0,0,0,0,0,0,1,0
data/audio_wav/128/128041.wav,129,1,1,0,0,0,1,0,1,0,0,0,0,0,0,0,0,0,0,0,0,0,1,0
data/audio_wav/128/128042.wav,129,1,1,0,0,0,1,0,1,0,0,0,0,0,0,0,0,0,0,0,0,0,1,0
data/audio_wav/128/128043.wav,129,1,1,0,0,0,1,0,1,0,0,0,0,0,0,0,0,0,0,0,0,0,1,0
data/audio_wav/128/128044.wav,129,1,1,0,0,0,1,0,1,0,0,0,0,0,0,0,0,0,0,0,0,0,1,0
data/audio_wav/128/128045.wav,129,1,1,0,0,0,1,0,1,0,0,0,0,0,0,0,0,0,0,0,0,0,1,0
data/audio_wav/128/128046.wav,129,1,1,0,0,0,1,0,1,0,0,0,0,0,0,0,0,0,0,0,0,0,1,0
data/audio_wav/128/128047.wav,129,1,1,0,0,0,1,0,1,0,0,0,0,0,0,0,0,0,0,0,0,0,1,0
data/audio_wav/128/128048.wav,129,1,1,0,0,0,1,0,1,0,0,0,0,0,0,0,0,0,0,0,0,0,1,0
data/audio_wav/128/128049.wav,129,1,1,0,0,0,1,0,1,0,0,0,0,0,0,0,0,0,0,0,0,0,1,0
data/audio_wav/129/129000.wav,130,1,2,0,0,0,1,0,1,0,0,0,0,0,0,0,0,0,0,0,0,0,0,1
data/audio_wav/129/129001.wav,130,1,2,0,0,0,1,0,1,0,0,0,0,0,0,0,0,0,0,0,0,0,0,1
data/audio_wav/129/129002.wav,130,1,2,0,0,0,1,0,1,0,0,0,0,0,0,0,0,0,0,0,0,0,0,1
data/audio_wav/129/129003.wav,130,1,2,0,0,0,1,0,1,0,0,0,0,0,0,0,0,0,0,0,0,0,0,1
data/audio_wav/129/129004.wav,130,1,2,0,0,0,1,0,1,0,0,0,0,0,0,0,0,0,0,0,0,0,0,1
data/audio_wav/129/129005.wav,130,1,2,0,0,0,1,0,1,0,0,0,0,0,0,0,0,0,0,0,0,0,0,1
data/audio_wav/129/129006.wav,130,1,2,0,0,0,1,0,1,0,0,0,0,0,0,0,0,0,0,0,0,0,0,1
data/audio_wav/129/129007.wav,130,1,2,0,0,0,1,0,1,0,0,0,0,0,0,0,0,0,0,0,0,0,0,1
data/audio_wav/129/129008.wav,130,1,2,0,0,0,1,0,1,0,0,0,0,0,0,0,0,0,0,0,0,0,0,1
data/audio_wav/129/129009.wav,130,1,2,0,0,0,1,0,1,0,0,0,0,0,0,0,0,0,0,0,0,0,0,1
data/audio_wav/129/129010.wav,130,1,2,0,0,0,1,0,1,0,0,0,0,0,0,0,0,0,0,0,0,0,0,1
data/audio_wav/129/129011.wav,130,1,2,0,0,0,1,0,1,0,0,0,0,0,0,0,0,0,0,0,0,0,0,1
data/audio_wav/129/129012.wav,130,1,2,0,0,0,1,0,1,0,0,0,0,0,0,0,0,0,0,0,0,0,0,1
data/audio_wav/129/129013.wav,130,1,2,0,0,0,1,0,1,0,0,0,0,0,0,0,0,0,0,0,0,0,0,1
data/audio_wav/129/129014.wav,130,1,2,0,0,0,1,0,1,0,0,0,0,0,0,0,0,0,0,0,0,0,0,1
data/audio_wav/129/129015.wav,130,1,2,0,0,0,1,0,1,0,0,0,0,0,0,0,0,0,0,0,0,0,0,1
data/audio_wav/129/129016.wav,130,1,2,0,0,0,1,0,1,0,0,0,0,0,0,0,0,0,0,0,0,0,0,1
data/audio_wav/129/129017.wav,130,1,2,0,0,0,1,0,1,0,0,0,0,0,0,0,0,0,0,0,0,0,0,1
data/audio_wav/129/129018.wav,130,1,2,0,0,0,1,0,1,0,0,0,0,0,0,0,0,0,0,0,0,0,0,1
data/audio_wav/129/129019.wav,130,1,2,0,0,0,1,0,1,0,0,0,0,0,0,0,0,0,0,0,0,0,0,1
data/audio_wav/129/129020.wav,130,1,2,0,0,0,1,0,1,0,0,0,0,0,0,0,0,0,0,0,0,0,0,1
data/audio_wav/129/129021.wav,130,1,2,0,0,0,1,0,1,0,0,0,0,0,0,0,0,0,0,0,0,0,0,1
data/audio_wav/129/129022.wav,130,1,2,0,0,0,1,0,1,0,0,0,0,0,0,0,0,0,0,0,0,0,0,1
data/audio_wav/129/129023.wav,130,1,2,0,0,0,1,0,1,0,0,0,0,0,0,0,0,0,0,0,0,0,0,1
data/audio_wav/129/129024.wav,130,1,2,0,0,0,1,0,1,0,0,0,0,0,0,0,0,0,0,0,0,0,0,1
data/audio_wav/129/129025.wav,130,1,2,0,0,0,1,0,1,0,0,0,0,0,0,0,0,0,0,0,0,0,0,1
data/audio_wav/129/129026.wav,130,1,2,0,0,0,1,0,1,0,0,0,0,0,0,0,0,0,0,0,0,0,0,1
data/audio_wav/129/129027.wav,130,1,2,0,0,0,1,0,1,0,0,0,0,0,0,0,0,0,0,0,0,0,0,1
data/audio_wav/129/129028.wav,130,1,2,0,0,0,1,0,1,0,0,0,0,0,0,0,0,0,0,0,0,0,0,1
data/audio_wav/129/129029.wav,130,1,2,0,0,0,1,0,1,0,0,0,0,0,0,0,0,0,0,0,0,0,0,1
data/audio_wav/129/129030.wav,130,1,2,0,0,0,1,0,1,0,0,0,0,0,0,0,0,0,0,0,0,0,0,1
data/audio_wav/129/129031.wav,130,1,2,0,0,0,1,0,1,0,0,0,0,0,0,0,0,0,0,0,0,0,0,1
data/audio_wav/129/129032.wav,130,1,2,0,0,0,1,0,1,0,0,0,0,0,0,0,0,0,0,0,0,0,0,1
data/audio_wav/129/129033.wav,130,1,2,0,0,0,1,0,1,0,0,0,0,0,0,0,0,0,0,0,0,0,0,1
data/audio_wav/129/129034.wav,130,1,2,0,0,0,1,0,1,0,0,0,0,0,0,0,0,0,0,0,0,0,0,1
data/audio_wav/129/129035.wav,130,1,2,0,0,0,1,0,1,0,0,0,0,0,0,0,0,0,0,0,0,0,0,1
data/audio_wav/129/129036.wav,130,1,2,0,0,0,1,0,1,0,0,0,0,0,0,0,0,0,0,0,0,0,0,1
data/audio_wav/129/129037.wav,130,1,2,0,0,0,1,0,1,0,0,0,0,0,0,0,0,0,0,0,0,0,0,1
data/audio_wav/129/129038.wav,130,1,2,0,0,0,1,0,1,0,0,0,0,0,0,0,0,0,0,0,0,0,0,1
data/audio_wav/129/129039.wav,130,1,2,0,0,0,1,0,1,0,0,0,0,0,0,0,0,0,0,0,0,0,0,1
data/audio_wav/129/129040.wav,130,1,2,0,0,0,1,0,1,0,0,0,0,0,0,0,0,0,0,0,0,0,0,1
data/audio_wav/129/129041.wav,130,1,2,0,0,0,1,0,1,0,0,0,0,0,0,0,0,0,0,0,0,0,0,1
data/audio_wav/129/129042.wav,130,1,2,0,0,0,1,0,1,0,0,0,0,0,0,0,0,0,0,0,0,0,0,1
data/audio_wav/129/129043.wav,130,1,2,0,0,0,1,0,1,0,0,0,0,0,0,0,0,0,0,0,0,0,0,1
data/audio_wav/129/129044.wav,130,1,2,0,0,0,1,0,1,0,0,0,0,0,0,0,0,0,0,0,0,0,0,1
data/audio_wav/129/129045.wav,130,1,2,0,0,0,1,0,1,0,0,0,0,0,0,0,0,0,0,0,0,0,0,1
data/audio_wav/129/129046.wav,130,1,2,0,0,0,1,0,1,0,0,0,0,0,0,0,0,0,0,0,0,0,0,1
data/audio_wav/129/129047.wav,130,1,2,0,0,0,1,0,1,0,0,0,0,0,0,0,0,0,0,0,0,0,0,1
data/audio_wav/129/129048.wav,130,1,2,0,0,0,1,0,1,0,0,0,0,0,0,0,0,0,0,0,0,0,0,1
data/audio_wav/129/129049.wav,130,1,2,0,0,0,1,0,1,0,0,0,0,0,0,0,0,0,0,0,0,0,0,1
data/audio_wav/130/130000.wav,131,0,0,0,0,0,1,0,0,1,0,1,0,0,0,0,0,0,0,0,0,0,0,0
data/audio_wav/130/130001.wav,131,0,0,0,0,0,1,0,0,1,0,1,0,0,0,0,0,0,0,0,0,0,0,0
data/audio_wav/130/130002.wav,131,0,0,0,0,0,1,0,0,1,0,1,0,0,0,0,0,0,0,0,0,0,0,0
data/audio_wav/130/130003.wav,131,0,0,0,0,0,1,0,0,1,0,1,0,0,0,0,0,0,0,0,0,0,0,0
data/audio_wav/130/130004.wav,131,0,0,0,0,0,1,0,0,1,0,1,0,0,0,0,0,0,0,0,0,0,0,0
data/audio_wav/130/130005.wav,131,0,0,0,0,0,1,0,0,1,0,1,0,0,0,0,0,0,0,0,0,0,0,0
data/audio_wav/130/130006.wav,131,0,0,0,0,0,1,0,0,1,0,1,0,0,0,0,0,0,0,0,0,0,0,0
data/audio_wav/130/130007.wav,131,0,0,0,0,0,1,0,0,1,0,1,0,0,0,0,0,0,0,0,0,0,0,0
data/audio_wav/130/130008.wav,131,0,0,0,0,0,1,0,0,1,0,1,0,0,0,0,0,0,0,0,0,0,0,0
data/audio_wav/130/130009.wav,131,0,0,0,0,0,1,0,0,1,0,1,0,0,0,0,0,0,0,0,0,0,0,0
data/audio_wav/130/130010.wav,131,0,0,0,0,0,1,0,0,1,0,1,0,0,0,0,0,0,0,0,0,0,0,0
data/audio_wav/130/130011.wav,131,0,0,0,0,0,1,0,0,1,0,1,0,0,0,0,0,0,0,0,0,0,0,0
data/audio_wav/130/130012.wav,131,0,0,0,0,0,1,0,0,1,0,1,0,0,0,0,0,0,0,0,0,0,0,0
data/audio_wav/130/130013.wav,131,0,0,0,0,0,1,0,0,1,0,1,0,0,0,0,0,0,0,0,0,0,0,0
data/audio_wav/130/130014.wav,131,0,0,0,0,0,1,0,0,1,0,1,0,0,0,0,0,0,0,0,0,0,0,0
data/audio_wav/130/130015.wav,131,0,0,0,0,0,1,0,0,1,0,1,0,0,0,0,0,0,0,0,0,0,0,0
data/audio_wav/130/130016.wav,131,0,0,0,0,0,1,0,0,1,0,1,0,0,0,0,0,0,0,0,0,0,0,0
data/audio_wav/130/130017.wav,131,0,0,0,0,0,1,0,0,1,0,1,0,0,0,0,0,0,0,0,0,0,0,0
data/audio_wav/130/130018.wav,131,0,0,0,0,0,1,0,0,1,0,1,0,0,0,0,0,0,0,0,0,0,0,0
data/audio_wav/130/130019.wav,131,0,0,0,0,0,1,0,0,1,0,1,0,0,0,0,0,0,0,0,0,0,0,0
data/audio_wav/130/130020.wav,131,0,0,0,0,0,1,0,0,1,0,1,0,0,0,0,0,0,0,0,0,0,0,0
data/audio_wav/130/130021.wav,131,0,0,0,0,0,1,0,0,1,0,1,0,0,0,0,0,0,0,0,0,0,0,0
data/audio_wav/130/130022.wav,131,0,0,0,0,0,1,0,0,1,0,1,0,0,0,0,0,0,0,0,0,0,0,0
data/audio_wav/130/130023.wav,131,0,0,0,0,0,1,0,0,1,0,1,0,0,0,0,0,0,0,0,0,0,0,0
data/audio_wav/130/130024.wav,131,0,0,0,0,0,1,0,0,1,0,1,0,0,0,0,0,0,0,0,0,0,0,0
data/audio_wav/130/130025.wav,131,0,0,0,0,0,1,0,0,1,0,1,0,0,0,0,0,0,0,0,0,0,0,0
data/audio_wav/130/130026.wav,131,0,0,0,0,0,1,0,0,1,0,1,0,0,0,0,0,0,0,0,0,0,0,0
data/audio_wav/130/130027.wav,131,0,0,0,0,0,1,0,0,1,0,1,0,0,0,0,0,0,0,0,0,0,0,0
data/audio_wav/130/130028.wav,131,0,0,0,0,0,1,0,0,1,0,1,0,0,0,0,0,0,0,0,0,0,0,0
data/audio_wav/130/130029.wav,131,0,0,0,0,0,1,0,0,1,0,1,0,0,0,0,0,0,0,0,0,0,0,0
data/audio_wav/130/130030.wav,131,0,0,0,0,0,1,0,0,1,0,1,0,0,0,0,0,0,0,0,0,0,0,0
data/audio_wav/130/130031.wav,131,0,0,0,0,0,1,0,0,1,0,1,0,0,0,0,0,0,0,0,0,0,0,0
data/audio_wav/130/130032.wav,131,0,0,0,0,0,1,0,0,1,0,1,0,0,0,0,0,0,0,0,0,0,0,0
data/audio_wav/130/130033.wav,131,0,0,0,0,0,1,0,0,1,0,1,0,0,0,0,0,0,0,0,0,0,0,0
data/audio_wav/130/130034.wav,131,0,0,0,0,0,1,0,0,1,0,1,0,0,0,0,0,0,0,0,0,0,0,0
data/audio_wav/130/130035.wav,131,0,0,0,0,0,1,0,0,1,0,1,0,0,0,0,0,0,0,0,0,0,0,0
data/audio_wav/130/130036.wav,131,0,0,0,0,0,1,0,0,1,0,1,0,0,0,0,0,0,0,0,0,0,0,0
data/audio_wav/130/130037.wav,131,0,0,0,0,0,1,0,0,1,0,1,0,0,0,0,0,0,0,0,0,0,0,0
data/audio_wav/130/130038.wav,131,0,0,0,0,0,1,0,0,1,0,1,0,0,0,0,0,0,0,0,0,0,0,0
data/audio_wav/130/130039.wav,131,0,0,0,0,0,1,0,0,1,0,1,0,0,0,0,0,0,0,0,0,0,0,0
data/audio_wav/130/130040.wav,131,0,0,0,0,0,1,0,0,1,0,1,0,0,0,0,0,0,0,0,0,0,0,0
data/audio_wav/130/130041.wav,131,0,0,0,0,0,1,0,0,1,0,1,0,0,0,0,0,0,0,0,0,0,0,0
data/audio_wav/130/130042.wav,131,0,0,0,0,0,1,0,0,1,0,1,0,0,0,0,0,0,0,0,0,0,0,0
data/audio_wav/130/130043.wav,131,0,0,0,0,0,1,0,0,1,0,1,0,0,0,0,0,0,0,0,0,0,0,0
data/audio_wav/130/130044.wav,131,0,0,0,0,0,1,0,0,1,0,1,0,0,0,0,0,0,0,0,0,0,0,0
data/audio_wav/130/130045.wav,131,0,0,0,0,0,1,0,0,1,0,1,0,0,0,0,0,0,0,0,0,0,0,0
data/audio_wav/130/130046.wav,131,0,0,0,0,0,1,0,0,1,0,1,0,0,0,0,0,0,0,0,0,0,0,0
data/audio_wav/130/130047.wav,131,0,0,0,0,0,1,0,0,1,0,1,0,0,0,0,0,0,0,0,0,0,0,0
data/audio_wav/130/130048.wav,131,0,0,0,0,0,1,0,0,1,0,1,0,0,0,0,0,0,0,0,0,0,0,0
data/audio_wav/130/130049.wav,131,0,0,0,0,0,1,0,0,1,0,1,0,0,0,0,0,0,0,0,0,0,0,0
data/audio_wav/131/131000.wav,132,1,1,0,0,0,1,0,0,1,0,0,1,0,0,0,0,0,0,0,0,0,0,0
data/audio_wav/131/131001.wav,132,1,1,0,0,0,1,0,0,1,0,0,1,0,0,0,0,0,0,0,0,0,0,0
data/audio_wav/131/131002.wav,132,1,1,0,0,0,1,0,0,1,0,0,1,0,0,0,0,0,0,0,0,0,0,0
data/audio_wav/131/131003.wav,132,1,1,0,0,0,1,0,0,1,0,0,1,0,0,0,0,0,0,0,0,0,0,0
data/audio_wav/131/131004.wav,132,1,1,0,0,0,1,0,0,1,0,0,1,0,0,0,0,0,0,0,0,0,0,0
data/audio_wav/131/131005.wav,132,1,1,0,0,0,1,0,0,1,0,0,1,0,0,0,0,0,0,0,0,0,0,0
data/audio_wav/131/131006.wav,132,1,1,0,0,0,1,0,0,1,0,0,1,0,0,0,0,0,0,0,0,0,0,0
data/audio_wav/131/131007.wav,132,1,1,0,0,0,1,0,0,1,0,0,1,0,0,0,0,0,0,0,0,0,0,0
data/audio_wav/131/131008.wav,132,1,1,0,0,0,1,0,0,1,0,0,1,0,0,0,0,0,0,0,0,0,0,0
data/audio_wav/131/131009.wav,132,1,1,0,0,0,1,0,0,1,0,0,1,0,0,0,0,0,0,0,0,0,0,0
data/audio_wav/131/131010.wav,132,1,1,0,0,0,1,0,0,1,0,0,1,0,0,0,0,0,0,0,0,0,0,0
data/audio_wav/131/131011.wav,132,1,1,0,0,0,1,0,0,1,0,0,1,0,0,0,0,0,0,0,0,0,0,0
data/audio_wav/131/131012.wav,132,1,1,0,0,0,1,0,0,1,0,0,1,0,0,0,0,0,0,0,0,0,0,0
data/audio_wav/131/131013.wav,132,1,1,0,0,0,1,0,0,1,0,0,1,0,0,0,0,0,0,0,0,0,0,0
data/audio_wav/131/131014.wav,132,1,1,0,0,0,1,0,0,1,0,0,1,0,0,0,0,0,0,0,0,0,0,0
data/audio_wav/131/131015.wav,132,1,1,0,0,0,1,0,0,1,0,0,1,0,0,0,0,0,0,0,0,0,0,0
data/audio_wav/131/131016.wav,132,1,1,0,0,0,1,0,0,1,0,0,1,0,0,0,0,0,0,0,0,0,0,0
data/audio_wav/131/131017.wav,132,1,1,0,0,0,1,0,0,1,0,0,1,0,0,0,0,0,0,0,0,0,0,0
data/audio_wav/131/131018.wav,132,1,1,0,0,0,1,0,0,1,0,0,1,0,0,0,0,0,0,0,0,0,0,0
data/audio_wav/131/131019.wav,132,1,1,0,0,0,1,0,0,1,0,0,1,0,0,0,0,0,0,0,0,0,0,0
data/audio_wav/131/131020.wav,132,1,1,0,0,0,1,0,0,1,0,0,1,0,0,0,0,0,0,0,0,0,0,0
data/audio_wav/131/131021.wav,132,1,1,0,0,0,1,0,0,1,0,0,1,0,0,0,0,0,0,0,0,0,0,0
data/audio_wav/131/131022.wav,132,1,1,0,0,0,1,0,0,1,0,0,1,0,0,0,0,0,0,0,0,0,0,0
data/audio_wav/131/131023.wav,132,1,1,0,0,0,1,0,0,1,0,0,1,0,0,0,0,0,0,0,0,0,0,0
data/audio_wav/131/131024.wav,132,1,1,0,0,0,1,0,0,1,0,0,1,0,0,0,0,0,0,0,0,0,0,0
data/audio_wav/131/131025.wav,132,1,1,0,0,0,1,0,0,1,0,0,1,0,0,0,0,0,0,0,0,0,0,0
data/audio_wav/131/131026.wav,132,1,1,0,0,0,1,0,0,1,0,0,1,0,0,0,0,0,0,0,0,0,0,0
data/audio_wav/131/131027.wav,132,1,1,0,0,0,1,0,0,1,0,0,1,0,0,0,0,0,0,0,0,0,0,0
data/audio_wav/131/131028.wav,132,1,1,0,0,0,1,0,0,1,0,0,1,0,0,0,0,0,0,0,0,0,0,0
data/audio_wav/131/131029.wav,132,1,1,0,0,0,1,0,0,1,0,0,1,0,0,0,0,0,0,0,0,0,0,0
data/audio_wav/131/131030.wav,132,1,1,0,0,0,1,0,0,1,0,0,1,0,0,0,0,0,0,0,0,0,0,0
data/audio_wav/131/131031.wav,132,1,1,0,0,0,1,0,0,1,0,0,1,0,0,0,0,0,0,0,0,0,0,0
data/audio_wav/131/131032.wav,132,1,1,0,0,0,1,0,0,1,0,0,1,0,0,0,0,0,0,0,0,0,0,0
data/audio_wav/131/131033.wav,132,1,1,0,0,0,1,0,0,1,0,0,1,0,0,0,0,0,0,0,0,0,0,0
data/audio_wav/131/131034.wav,132,1,1,0,0,0,1,0,0,1,0,0,1,0,0,0,0,0,0,0,0,0,0,0
data/audio_wav/131/131035.wav,132,1,1,0,0,0,1,0,0,1,0,0,1,0,0,0,0,0,0,0,0,0,0,0
data/audio_wav/131/131036.wav,132,1,1,0,0,0,1,0,0,1,0,0,1,0,0,0,0,0,0,0,0,0,0,0
data/audio_wav/131/131037.wav,132,1,1,0,0,0,1,0,0,1,0,0,1,0,0,0,0,0,0,0,0,0,0,0
data/audio_wav/131/131038.wav,132,1,1,0,0,0,1,0,0,1,0,0,1,0,0,0,0,0,0,0,0,0,0,0
data/audio_wav/131/131039.wav,132,1,1,0,0,0,1,0,0,1,0,0,1,0,0,0,0,0,0,0,0,0,0,0
data/audio_wav/131/131040.wav,132,1,1,0,0,0,1,0,0,1,0,0,1,0,0,0,0,0,0,0,0,0,0,0
data/audio_wav/131/131041.wav,132,1,1,0,0,0,1,0,0,1,0,0,1,0,0,0,0,0,0,0,0,0,0,0
data/audio_wav/131/131042.wav,132,1,1,0,0,0,1,0,0,1,0,0,1,0,0,0,0,0,0,0,0,0,0,0
data/audio_wav/131/131043.wav,132,1,1,0,0,0,1,0,0,1,0,0,1,0,0,0,0,0,0,0,0,0,0,0
data/audio_wav/131/131044.wav,132,1,1,0,0,0,1,0,0,1,0,0,1,0,0,0,0,0,0,0,0,0,0,0
data/audio_wav/131/131045.wav,132,1,1,0,0,0,1,0,0,1,0,0,1,0,0,0,0,0,0,0,0,0,0,0
data/audio_wav/131/131046.wav,132,1,1,0,0,0,1,0,0,1,0,0,1,0,0,0,0,0,0,0,0,0,0,0
data/audio_wav/131/131047.wav,132,1,1,0,0,0,1,0,0,1,0,0,1,0,0,0,0,0,0,0,0,0,0,0
data/audio_wav/131/131048.wav,132,1,1,0,0,0,1,0,0,1,0,0,1,0,0,0,0,0,0,0,0,0,0,0
data/audio_wav/131/131049.wav,132,1,1,0,0,0,1,0,0,1,0,0,1,0,0,0,0,0,0,0,0,0,0,0
data/audio_wav/132/132000.wav,133,1,1,0,0,0,1,0,0,1,0,0,0,1,0,0,0,0,0,0,0,0,0,0
data/audio_wav/132/132001.wav,133,1,1,0,0,0,1,0,0,1,0,0,0,1,0,0,0,0,0,0,0,0,0,0
data/audio_wav/132/132002.wav,133,1,1,0,0,0,1,0,0,1,0,0,0,1,0,0,0,0,0,0,0,0,0,0
data/audio_wav/132/132003.wav,133,1,1,0,0,0,1,0,0,1,0,0,0,1,0,0,0,0,0,0,0,0,0,0
data/audio_wav/132/132004.wav,133,1,1,0,0,0,1,0,0,1,0,0,0,1,0,0,0,0,0,0,0,0,0,0
data/audio_wav/132/132005.wav,133,1,1,0,0,0,1,0,0,1,0,0,0,1,0,0,0,0,0,0,0,0,0,0
data/audio_wav/132/132006.wav,133,1,1,0,0,0,1,0,0,1,0,0,0,1,0,0,0,0,0,0,0,0,0,0
data/audio_wav/132/132007.wav,133,1,1,0,0,0,1,0,0,1,0,0,0,1,0,0,0,0,0,0,0,0,0,0
data/audio_wav/132/132008.wav,133,1,1,0,0,0,1,0,0,1,0,0,0,1,0,0,0,0,0,0,0,0,0,0
data/audio_wav/132/132009.wav,133,1,1,0,0,0,1,0,0,1,0,0,0,1,0,0,0,0,0,0,0,0,0,0
data/audio_wav/132/132010.wav,133,1,1,0,0,0,1,0,0,1,0,0,0,1,0,0,0,0,0,0,0,0,0,0
data/audio_wav/132/132011.wav,133,1,1,0,0,0,1,0,0,1,0,0,0,1,0,0,0,0,0,0,0,0,0,0
data/audio_wav/132/132012.wav,133,1,1,0,0,0,1,0,0,1,0,0,0,1,0,0,0,0,0,0,0,0,0,0
data/audio_wav/132/132013.wav,133,1,1,0,0,0,1,0,0,1,0,0,0,1,0,0,0,0,0,0,0,0,0,0
data/audio_wav/132/132014.wav,133,1,1,0,0,0,1,0,0,1,0,0,0,1,0,0,0,0,0,0,0,0,0,0
data/audio_wav/132/132015.wav,133,1,1,0,0,0,1,0,0,1,0,0,0,1,0,0,0,0,0,0,0,0,0,0
data/audio_wav/132/132016.wav,133,1,1,0,0,0,1,0,0,1,0,0,0,1,0,0,0,0,0,0,0,0,0,0
data/audio_wav/132/132017.wav,133,1,1,0,0,0,1,0,0,1,0,0,0,1,0,0,0,0,0,0,0,0,0,0
data/audio_wav/132/132018.wav,133,1,1,0,0,0,1,0,0,1,0,0,0,1,0,0,0,0,0,0,0,0,0,0
data/audio_wav/132/132019.wav,133,1,1,0,0,0,1,0,0,1,0,0,0,1,0,0,0,0,0,0,0,0,0,0
data/audio_wav/132/132020.wav,133,1,1,0,0,0,1,0,0,1,0,0,0,1,0,0,0,0,0,0,0,0,0,0
data/audio_wav/132/132021.wav,133,1,1,0,0,0,1,0,0,1,0,0,0,1,0,0,0,0,0,0,0,0,0,0
data/audio_wav/132/132022.wav,133,1,1,0,0,0,1,0,0,1,0,0,0,1,0,0,0,0,0,0,0,0,0,0
data/audio_wav/132/132023.wav,133,1,1,0,0,0,1,0,0,1,0,0,0,1,0,0,0,0,0,0,0,0,0,0
data/audio_wav/132/132024.wav,133,1,1,0,0,0,1,0,0,1,0,0,0,1,0,0,0,0,0,0,0,0,0,0
data/audio_wav/132/132025.wav,133,1,1,0,0,0,1,0,0,1,0,0,0,1,0,0,0,0,0,0,0,0,0,0
data/audio_wav/132/132026.wav,133,1,1,0,0,0,1,0,0,1,0,0,0,1,0,0,0,0,0,0,0,0,0,0
data/audio_wav/132/132027.wav,133,1,1,0,0,0,1,0,0,1,0,0,0,1,0,0,0,0,0,0,0,0,0,0
data/audio_wav/132/132028.wav,133,1,1,0,0,0,1,0,0,1,0,0,0,1,0,0,0,0,0,0,0,0,0,0
data/audio_wav/132/132029.wav,133,1,1,0,0,0,1,0,0,1,0,0,0,1,0,0,0,0,0,0,0,0,0,0
data/audio_wav/132/132030.wav,133,1,1,0,0,0,1,0,0,1,0,0,0,1,0,0,0,0,0,0,0,0,0,0
data/audio_wav/132/132031.wav,133,1,1,0,0,0,1,0,0,1,0,0,0,1,0,0,0,0,0,0,0,0,0,0
data/audio_wav/132/132032.wav,133,1,1,0,0,0,1,0,0,1,0,0,0,1,0,0,0,0,0,0,0,0,0,0
data/audio_wav/132/132033.wav,133,1,1,0,0,0,1,0,0,1,0,0,0,1,0,0,0,0,0,0,0,0,0,0
data/audio_wav/132/132034.wav,133,1,1,0,0,0,1,0,0,1,0,0,0,1,0,0,0,0,0,0,0,0,0,0
data/audio_wav/132/132035.wav,133,1,1,0,0,0,1,0,0,1,0,0,0,1,0,0,0,0,0,0,0,0,0,0
data/audio_wav/132/132036.wav,133,1,1,0,0,0,1,0,0,1,0,0,0,1,0,0,0,0,0,0,0,0,0,0
data/audio_wav/132/132037.wav,133,1,1,0,0,0,1,0,0,1,0,0,0,1,0,0,0,0,0,0,0,0,0,0
data/audio_wav/132/132038.wav,133,1,1,0,0,0,1,0,0,1,0,0,0,1,0,0,0,0,0,0,0,0,0,0
data/audio_wav/132/132039.wav,133,1,1,0,0,0,1,0,0,1,0,0,0,1,0,0,0,0,0,0,0,0,0,0
data/audio_wav/132/132040.wav,133,1,1,0,0,0,1,0,0,1,0,0,0,1,0,0,0,0,0,0,0,0,0,0
data/audio_wav/132/132041.wav,133,1,1,0,0,0,1,0,0,1,0,0,0,1,0,0,0,0,0,0,0,0,0,0
data/audio_wav/132/132042.wav,133,1,1,0,0,0,1,0,0,1,0,0,0,1,0,0,0,0,0,0,0,0,0,0
data/audio_wav/132/132043.wav,133,1,1,0,0,0,1,0,0,1,0,0,0,1,0,0,0,0,0,0,0,0,0,0
data/audio_wav/132/132044.wav,133,1,1,0,0,0,1,0,0,1,0,0,0,1,0,0,0,0,0,0,0,0,0,0
data/audio_wav/132/132045.wav,133,1,1,0,0,0,1,0,0,1,0,0,0,1,0,0,0,0,0,0,0,0,0,0
data/audio_wav/132/132046.wav,133,1,1,0,0,0,1,0,0,1,0,0,0,1,0,0,0,0,0,0,0,0,0,0
data/audio_wav/132/132047.wav,133,1,1,0,0,0,1,0,0,1,0,0,0,1,0,0,0,0,0,0,0,0,0,0
data/audio_wav/132/132048.wav,133,1,1,0,0,0,1,0,0,1,0,0,0,1,0,0,0,0,0,0,0,0,0,0
data/audio_wav/132/132049.wav,133,1,1,0,0,0,1,0,0,1,0,0,0,1,0,0,0,0,0,0,0,0,0,0
data/audio_wav/133/133000.wav,134,1,1,0,0,0,1,0,0,1,0,0,0,0,1,0,0,0,0,0,0,0,0,0
data/audio_wav/133/133001.wav,134,1,1,0,0,0,1,0,0,1,0,0,0,0,1,0,0,0,0,0,0,0,0,0
data/audio_wav/133/133002.wav,134,1,1,0,0,0,1,0,0,1,0,0,0,0,1,0,0,0,0,0,0,0,0,0
data/audio_wav/133/133003.wav,134,1,1,0,0,0,1,0,0,1,0,0,0,0,1,0,0,0,0,0,0,0,0,0
data/audio_wav/133/133004.wav,134,1,1,0,0,0,1,0,0,1,0,0,0,0,1,0,0,0,0,0,0,0,0,0
data/audio_wav/133/133005.wav,134,1,1,0,0,0,1,0,0,1,0,0,0,0,1,0,0,0,0,0,0,0,0,0
data/audio_wav/133/133006.wav,134,1,1,0,0,0,1,0,0,1,0,0,0,0,1,0,0,0,0,0,0,0,0,0
data/audio_wav/133/133007.wav,134,1,1,0,0,0,1,0,0,1,0,0,0,0,1,0,0,0,0,0,0,0,0,0
data/audio_wav/133/133008.wav,134,1,1,0,0,0,1,0,0,1,0,0,0,0,1,0,0,0,0,0,0,0,0,0
data/audio_wav/133/133009.wav,134,1,1,0,0,0,1,0,0,1,0,0,0,0,1,0,0,0,0,0,0,0,0,0
data/audio_wav/133/133010.wav,134,1,1,0,0,0,1,0,0,1,0,0,0,0,1,0,0,0,0,0,0,0,0,0
data/audio_wav/133/133011.wav,134,1,1,0,0,0,1,0,0,1,0,0,0,0,1,0,0,0,0,0,0,0,0,0
data/audio_wav/133/133012.wav,134,1,1,0,0,0,1,0,0,1,0,0,0,0,1,0,0,0,0,0,0,0,0,0
data/audio_wav/133/133013.wav,134,1,1,0,0,0,1,0,0,1,0,0,0,0,1,0,0,0,0,0,0,0,0,0
data/audio_wav/133/133014.wav,134,1,1,0,0,0,1,0,0,1,0,0,0,0,1,0,0,0,0,0,0,0,0,0
data/audio_wav/133/133015.wav,134,1,1,0,0,0,1,0,0,1,0,0,0,0,1,0,0,0,0,0,0,0,0,0
data/audio_wav/133/133016.wav,134,1,1,0,0,0,1,0,0,1,0,0,0,0,1,0,0,0,0,0,0,0,0,0
data/audio_wav/133/133017.wav,134,1,1,0,0,0,1,0,0,1,0,0,0,0,1,0,0,0,0,0,0,0,0,0
data/audio_wav/133/133018.wav,134,1,1,0,0,0,1,0,0,1,0,0,0,0,1,0,0,0,0,0,0,0,0,0
data/audio_wav/133/133019.wav,134,1,1,0,0,0,1,0,0,1,0,0,0,0,1,0,0,0,0,0,0,0,0,0
data/audio_wav/133/133020.wav,134,1,1,0,0,0,1,0,0,1,0,0,0,0,1,0,0,0,0,0,0,0,0,0
data/audio_wav/133/133021.wav,134,1,1,0,0,0,1,0,0,1,0,0,0,0,1,0,0,0,0,0,0,0,0,0
data/audio_wav/133/133022.wav,134,1,1,0,0,0,1,0,0,1,0,0,0,0,1,0,0,0,0,0,0,0,0,0
data/audio_wav/133/133023.wav,134,1,1,0,0,0,1,0,0,1,0,0,0,0,1,0,0,0,0,0,0,0,0,0
data/audio_wav/133/133024.wav,134,1,1,0,0,0,1,0,0,1,0,0,0,0,1,0,0,0,0,0,0,0,0,0
data/audio_wav/133/133025.wav,134,1,1,0,0,0,1,0,0,1,0,0,0,0,1,0,0,0,0,0,0,0,0,0
data/audio_wav/133/133026.wav,134,1,1,0,0,0,1,0,0,1,0,0,0,0,1,0,0,0,0,0,0,0,0,0
data/audio_wav/133/133027.wav,134,1,1,0,0,0,1,0,0,1,0,0,0,0,1,0,0,0,0,0,0,0,0,0
data/audio_wav/133/133028.wav,134,1,1,0,0,0,1,0,0,1,0,0,0,0,1,0,0,0,0,0,0,0,0,0
data/audio_wav/133/133029.wav,134,1,1,0,0,0,1,0,0,1,0,0,0,0,1,0,0,0,0,0,0,0,0,0
data/audio_wav/133/133030.wav,134,1,1,0,0,0,1,0,0,1,0,0,0,0,1,0,0,0,0,0,0,0,0,0
data/audio_wav/133/133031.wav,134,1,1,0,0,0,1,0,0,1,0,0,0,0,1,0,0,0,0,0,0,0,0,0
data/audio_wav/133/133032.wav,134,1,1,0,0,0,1,0,0,1,0,0,0,0,1,0,0,0,0,0,0,0,0,0
data/audio_wav/133/133033.wav,134,1,1,0,0,0,1,0,0,1,0,0,0,0,1,0,0,0,0,0,0,0,0,0
data/audio_wav/133/133034.wav,134,1,1,0,0,0,1,0,0,1,0,0,0,0,1,0,0,0,0,0,0,0,0,0
data/audio_wav/133/133035.wav,134,1,1,0,0,0,1,0,0,1,0,0,0,0,1,0,0,0,0,0,0,0,0,0
data/audio_wav/133/133036.wav,134,1,1,0,0,0,1,0,0,1,0,0,0,0,1,0,0,0,0,0,0,0,0,0
data/audio_wav/133/133037.wav,134,1,1,0,0,0,1,0,0,1,0,0,0,0,1,0,0,0,0,0,0,0,0,0
data/audio_wav/133/133038.wav,134,1,1,0,0,0,1,0,0,1,0,0,0,0,1,0,0,0,0,0,0,0,0,0
data/audio_wav/133/133039.wav,134,1,1,0,0,0,1,0,0,1,0,0,0,0,1,0,0,0,0,0,0,0,0,0
data/audio_wav/133/133040.wav,134,1,1,0,0,0,1,0,0,1,0,0,0,0,1,0,0,0,0,0,0,0,0,0
data/audio_wav/133/133041.wav,134,1,1,0,0,0,1,0,0,1,0,0,0,0,1,0,0,0,0,0,0,0,0,0
data/audio_wav/133/133042.wav,134,1,1,0,0,0,1,0,0,1,0,0,0,0,1,0,0,0,0,0,0,0,0,0
data/audio_wav/133/133043.wav,134,1,1,0,0,0,1,0,0,1,0,0,0,0,1,0,0,0,0,0,0,0,0,0
data/audio_wav/133/133044.wav,134,1,1,0,0,0,1,0,0,1,0,0,0,0,1,0,0,0,0,0,0,0,0,0
data/audio_wav/133/133045.wav,134,1,1,0,0,0,1,0,0,1,0,0,0,0,1,0,0,0,0,0,0,0,0,0
data/audio_wav/133/133046.wav,134,1,1,0,0,0,1,0,0,1,0,0,0,0,1,0,0,0,0,0,0,0,0,0
data/audio_wav/133/133047.wav,134,1,1,0,0,0,1,0,0,1,0,0,0,0,1,0,0,0,0,0,0,0,0,0
data/audio_wav/133/133048.wav,134,1,1,0,0,0,1,0,0,1,0,0,0,0,1,0,0,0,0,0,0,0,0,0
data/audio_wav/133/133049.wav,134,1,1,0,0,0,1,0,0,1,0,0,0,0,1,0,0,0,0,0,0,0,0,0
data/audio_wav/134/134000.wav,135,1,1,0,0,0,1,0,0,1,0,0,0,0,0,1,0,0,0,0,0,0,0,0
data/audio_wav/134/134001.wav,135,1,1,0,0,0,1,0,0,1,0,0,0,0,0,1,0,0,0,0,0,0,0,0
data/audio_wav/134/134002.wav,135,1,1,0,0,0,1,0,0,1,0,0,0,0,0,1,0,0,0,0,0,0,0,0
data/audio_wav/134/134003.wav,135,1,1,0,0,0,1,0,0,1,0,0,0,0,0,1,0,0,0,0,0,0,0,0
data/audio_wav/134/134004.wav,135,1,1,0,0,0,1,0,0,1,0,0,0,0,0,1,0,0,0,0,0,0,0,0
data/audio_wav/134/134005.wav,135,1,1,0,0,0,1,0,0,1,0,0,0,0,0,1,0,0,0,0,0,0,0,0
data/audio_wav/134/134006.wav,135,1,1,0,0,0,1,0,0,1,0,0,0,0,0,1,0,0,0,0,0,0,0,0
data/audio_wav/134/134007.wav,135,1,1,0,0,0,1,0,0,1,0,0,0,0,0,1,0,0,0,0,0,0,0,0
data/audio_wav/134/134008.wav,135,1,1,0,0,0,1,0,0,1,0,0,0,0,0,1,0,0,0,0,0,0,0,0
data/audio_wav/134/134009.wav,135,1,1,0,0,0,1,0,0,1,0,0,0,0,0,1,0,0,0,0,0,0,0,0
data/audio_wav/134/134010.wav,135,1,1,0,0,0,1,0,0,1,0,0,0,0,0,1,0,0,0,0,0,0,0,0
data/audio_wav/134/134011.wav,135,1,1,0,0,0,1,0,0,1,0,0,0,0,0,1,0,0,0,0,0,0,0,0
data/audio_wav/134/134012.wav,135,1,1,0,0,0,1,0,0,1,0,0,0,0,0,1,0,0,0,0,0,0,0,0
data/audio_wav/134/134013.wav,135,1,1,0,0,0,1,0,0,1,0,0,0,0,0,1,0,0,0,0,0,0,0,0
data/audio_wav/134/134014.wav,135,1,1,0,0,0,1,0,0,1,0,0,0,0,0,1,0,0,0,0,0,0,0,0
data/audio_wav/134/134015.wav,135,1,1,0,0,0,1,0,0,1,0,0,0,0,0,1,0,0,0,0,0,0,0,0
data/audio_wav/134/134016.wav,135,1,1,0,0,0,1,0,0,1,0,0,0,0,0,1,0,0,0,0,0,0,0,0
data/audio_wav/134/134017.wav,135,1,1,0,0,0,1,0,0,1,0,0,0,0,0,1,0,0,0,0,0,0,0,0
data/audio_wav/134/134018.wav,135,1,1,0,0,0,1,0,0,1,0,0,0,0,0,1,0,0,0,0,0,0,0,0
data/audio_wav/134/134019.wav,135,1,1,0,0,0,1,0,0,1,0,0,0,0,0,1,0,0,0,0,0,0,0,0
data/audio_wav/134/134020.wav,135,1,1,0,0,0,1,0,0,1,0,0,0,0,0,1,0,0,0,0,0,0,0,0
data/audio_wav/134/134021.wav,135,1,1,0,0,0,1,0,0,1,0,0,0,0,0,1,0,0,0,0,0,0,0,0
data/audio_wav/134/134022.wav,135,1,1,0,0,0,1,0,0,1,0,0,0,0,0,1,0,0,0,0,0,0,0,0
data/audio_wav/134/134023.wav,135,1,1,0,0,0,1,0,0,1,0,0,0,0,0,1,0,0,0,0,0,0,0,0
data/audio_wav/134/134024.wav,135,1,1,0,0,0,1,0,0,1,0,0,0,0,0,1,0,0,0,0,0,0,0,0
data/audio_wav/134/134025.wav,135,1,1,0,0,0,1,0,0,1,0,0,0,0,0,1,0,0,0,0,0,0,0,0
data/audio_wav/134/134026.wav,135,1,1,0,0,0,1,0,0,1,0,0,0,0,0,1,0,0,0,0,0,0,0,0
data/audio_wav/134/134027.wav,135,1,1,0,0,0,1,0,0,1,0,0,0,0,0,1,0,0,0,0,0,0,0,0
data/audio_wav/134/134028.wav,135,1,1,0,0,0,1,0,0,1,0,0,0,0,0,1,0,0,0,0,0,0,0,0
data/audio_wav/134/134029.wav,135,1,1,0,0,0,1,0,0,1,0,0,0,0,0,1,0,0,0,0,0,0,0,0
data/audio_wav/134/134030.wav,135,1,1,0,0,0,1,0,0,1,0,0,0,0,0,1,0,0,0,0,0,0,0,0
data/audio_wav/134/134031.wav,135,1,1,0,0,0,1,0,0,1,0,0,0,0,0,1,0,0,0,0,0,0,0,0
data/audio_wav/134/134032.wav,135,1,1,0,0,0,1,0,0,1,0,0,0,0,0,1,0,0,0,0,0,0,0,0
data/audio_wav/134/134033.wav,135,1,1,0,0,0,1,0,0,1,0,0,0,0,0,1,0,0,0,0,0,0,0,0
data/audio_wav/134/134034.wav,135,1,1,0,0,0,1,0,0,1,0,0,0,0,0,1,0,0,0,0,0,0,0,0
data/audio_wav/134/134035.wav,135,1,1,0,0,0,1,0,0,1,0,0,0,0,0,1,0,0,0,0,0,0,0,0
data/audio_wav/134/134036.wav,135,1,1,0,0,0,1,0,0,1,0,0,0,0,0,1,0,0,0,0,0,0,0,0
data/audio_wav/134/134037.wav,135,1,1,0,0,0,1,0,0,1,0,0,0,0,0,1,0,0,0,0,0,0,0,0
data/audio_wav/134/134038.wav,135,1,1,0,0,0,1,0,0,1,0,0,0,0,0,1,0,0,0,0,0,0,0,0
data/audio_wav/134/134039.wav,135,1,1,0,0,0,1,0,0,1,0,0,0,0,0,1,0,0,0,0,0,0,0,0
data/audio_wav/134/134040.wav,135,1,1,0,0,0,1,0,0,1,0,0,0,0,0,1,0,0,0,0,0,0,0,0
data/audio_wav/134/134041.wav,135,1,1,0,0,0,1,0,0,1,0,0,0,0,0,1,0,0,0,0,0,0,0,0
data/audio_wav/134/134042.wav,135,1,1,0,0,0,1,0,0,1,0,0,0,0,0,1,0,0,0,0,0,0,0,0
data/audio_wav/134/134043.wav,135,1,1,0,0,0,1,0,0,1,0,0,0,0,0,1,0,0,0,0,0,0,0,0
data/audio_wav/134/134044.wav,135,1,1,0,0,0,1,0,0,1,0,0,0,0,0,1,0,0,0,0,0,0,0,0
data/audio_wav/134/134045.wav,135,1,1,0,0,0,1,0,0,1,0,0,0,0,0,1,0,0,0,0,0,0,0,0
data/audio_wav/134/134046.wav,135,1,1,0,0,0,1,0,0,1,0,0,0,0,0,1,0,0,0,0,0,0,0,0
data/audio_wav/134/134047.wav,135,1,1,0,0,0,1,0,0,1,0,0,0,0,0,1,0,0,0,0,0,0,0,0
data/audio_wav/134/134048.wav,135,1,1,0,0,0,1,0,0,1,0,0,0,0,0,1,0,0,0,0,0,0,0,0
data/audio_wav/134/134049.wav,135,1,1,0,0,0,1,0,0,1,0,0,0,0,0,1,0,0,0,0,0,0,0,0
data/audio_wav/135/135000.wav,136,1,1,0,0,0,1,0,0,1,0,0,0,0,0,0,1,0,0,0,0,0,0,0
data/audio_wav/135/135001.wav,136,1,1,0,0,0,1,0,0,1,0,0,0,0,0,0,1,0,0,0,0,0,0,0
data/audio_wav/135/135002.wav,136,1,1,0,0,0,1,0,0,1,0,0,0,0,0,0,1,0,0,0,0,0,0,0
data/audio_wav/135/135003.wav,136,1,1,0,0,0,1,0,0,1,0,0,0,0,0,0,1,0,0,0,0,0,0,0
data/audio_wav/135/135004.wav,136,1,1,0,0,0,1,0,0,1,0,0,0,0,0,0,1,0,0,0,0,0,0,0
data/audio_wav/135/135005.wav,136,1,1,0,0,0,1,0,0,1,0,0,0,0,0,0,1,0,0,0,0,0,0,0
data/audio_wav/135/135006.wav,136,1,1,0,0,0,1,0,0,1,0,0,0,0,0,0,1,0,0,0,0,0,0,0
data/audio_wav/135/135007.wav,136,1,1,0,0,0,1,0,0,1,0,0,0,0,0,0,1,0,0,0,0,0,0,0
data/audio_wav/135/135008.wav,136,1,1,0,0,0,1,0,0,1,0,0,0,0,0,0,1,0,0,0,0,0,0,0
data/audio_wav/135/135009.wav,136,1,1,0,0,0,1,0,0,1,0,0,0,0,0,0,1,0,0,0,0,0,0,0
data/audio_wav/135/135010.wav,136,1,1,0,0,0,1,0,0,1,0,0,0,0,0,0,1,0,0,0,0,0,0,0
data/audio_wav/135/135011.wav,136,1,1,0,0,0,1,0,0,1,0,0,0,0,0,0,1,0,0,0,0,0,0,0
data/audio_wav/135/135012.wav,136,1,1,0,0,0,1,0,0,1,0,0,0,0,0,0,1,0,0,0,0,0,0,0
data/audio_wav/135/135013.wav,136,1,1,0,0,0,1,0,0,1,0,0,0,0,0,0,1,0,0,0,0,0,0,0
data/audio_wav/135/135014.wav,136,1,1,0,0,0,1,0,0,1,0,0,0,0,0,0,1,0,0,0,0,0,0,0
data/audio_wav/135/135015.wav,136,1,1,0,0,0,1,0,0,1,0,0,0,0,0,0,1,0,0,0,0,0,0,0
data/audio_wav/135/135016.wav,136,1,1,0,0,0,1,0,0,1,0,0,0,0,0,0,1,0,0,0,0,0,0,0
data/audio_wav/135/135017.wav,136,1,1,0,0,0,1,0,0,1,0,0,0,0,0,0,1,0,0,0,0,0,0,0
data/audio_wav/135/135018.wav,136,1,1,0,0,0,1,0,0,1,0,0,0,0,0,0,1,0,0,0,0,0,0,0
data/audio_wav/135/135019.wav,136,1,1,0,0,0,1,0,0,1,0,0,0,0,0,0,1,0,0,0,0,0,0,0
data/audio_wav/135/135020.wav,136,1,1,0,0,0,1,0,0,1,0,0,0,0,0,0,1,0,0,0,0,0,0,0
data/audio_wav/135/135021.wav,136,1,1,0,0,0,1,0,0,1,0,0,0,0,0,0,1,0,0,0,0,0,0,0
data/audio_wav/135/135022.wav,136,1,1,0,0,0,1,0,0,1,0,0,0,0,0,0,1,0,0,0,0,0,0,0
data/audio_wav/135/135023.wav,136,1,1,0,0,0,1,0,0,1,0,0,0,0,0,0,1,0,0,0,0,0,0,0
data/audio_wav/135/135024.wav,136,1,1,0,0,0,1,0,0,1,0,0,0,0,0,0,1,0,0,0,0,0,0,0
data/audio_wav/135/135025.wav,136,1,1,0,0,0,1,0,0,1,0,0,0,0,0,0,1,0,0,0,0,0,0,0
data/audio_wav/135/135026.wav,136,1,1,0,0,0,1,0,0,1,0,0,0,0,0,0,1,0,0,0,0,0,0,0
data/audio_wav/135/135027.wav,136,1,1,0,0,0,1,0,0,1,0,0,0,0,0,0,1,0,0,0,0,0,0,0
data/audio_wav/135/135028.wav,136,1,1,0,0,0,1,0,0,1,0,0,0,0,0,0,1,0,0,0,0,0,0,0
data/audio_wav/135/135029.wav,136,1,1,0,0,0,1,0,0,1,0,0,0,0,0,0,1,0,0,0,0,0,0,0
data/audio_wav/135/135030.wav,136,1,1,0,0,0,1,0,0,1,0,0,0,0,0,0,1,0,0,0,0,0,0,0
data/audio_wav/135/135031.wav,136,1,1,0,0,0,1,0,0,1,0,0,0,0,0,0,1,0,0,0,0,0,0,0
data/audio_wav/135/135032.wav,136,1,1,0,0,0,1,0,0,1,0,0,0,0,0,0,1,0,0,0,0,0,0,0
data/audio_wav/135/135033.wav,136,1,1,0,0,0,1,0,0,1,0,0,0,0,0,0,1,0,0,0,0,0,0,0
data/audio_wav/135/135034.wav,136,1,1,0,0,0,1,0,0,1,0,0,0,0,0,0,1,0,0,0,0,0,0,0
data/audio_wav/135/135035.wav,136,1,1,0,0,0,1,0,0,1,0,0,0,0,0,0,1,0,0,0,0,0,0,0
data/audio_wav/135/135036.wav,136,1,1,0,0,0,1,0,0,1,0,0,0,0,0,0,1,0,0,0,0,0,0,0
data/audio_wav/135/135037.wav,136,1,1,0,0,0,1,0,0,1,0,0,0,0,0,0,1,0,0,0,0,0,0,0
data/audio_wav/135/135038.wav,136,1,1,0,0,0,1,0,0,1,0,0,0,0,0,0,1,0,0,0,0,0,0,0
data/audio_wav/135/135039.wav,136,1,1,0,0,0,1,0,0,1,0,0,0,0,0,0,1,0,0,0,0,0,0,0
data/audio_wav/135/135040.wav,136,1,1,0,0,0,1,0,0,1,0,0,0,0,0,0,1,0,0,0,0,0,0,0
data/audio_wav/135/135041.wav,136,1,1,0,0,0,1,0,0,1,0,0,0,0,0,0,1,0,0,0,0,0,0,0
data/audio_wav/135/135042.wav,136,1,1,0,0,0,1,0,0,1,0,0,0,0,0,0,1,0,0,0,0,0,0,0
data/audio_wav/135/135043.wav,136,1,1,0,0,0,1,0,0,1,0,0,0,0,0,0,1,0,0,0,0,0,0,0
data/audio_wav/135/135044.wav,136,1,1,0,0,0,1,0,0,1,0,0,0,0,0,0,1,0,0,0,0,0,0,0
data/audio_wav/135/135045.wav,136,1,1,0,0,0,1,0,0,1,0,0,0,0,0,0,1,0,0,0,0,0,0,0
data/audio_wav/135/135046.wav,136,1,1,0,0,0,1,0,0,1,0,0,0,0,0,0,1,0,0,0,0,0,0,0
data/audio_wav/135/135047.wav,136,1,1,0,0,0,1,0,0,1,0,0,0,0,0,0,1,0,0,0,0,0,0,0
data/audio_wav/135/135048.wav,136,1,1,0,0,0,1,0,0,1,0,0,0,0,0,0,1,0,0,0,0,0,0,0
data/audio_wav/135/135049.wav,136,1,1,0,0,0,1,0,0,1,0,0,0,0,0,0,1,0,0,0,0,0,0,0
data/audio_wav/136/136000.wav,137,0,0,0,0,0,1,0,0,1,0,0,0,0,0,0,0,1,0,0,0,0,0,0
data/audio_wav/136/136001.wav,137,0,0,0,0,0,1,0,0,1,0,0,0,0,0,0,0,1,0,0,0,0,0,0
data/audio_wav/136/136002.wav,137,0,0,0,0,0,1,0,0,1,0,0,0,0,0,0,0,1,0,0,0,0,0,0
data/audio_wav/136/136003.wav,137,0,0,0,0,0,1,0,0,1,0,0,0,0,0,0,0,1,0,0,0,0,0,0
data/audio_wav/136/136004.wav,137,0,0,0,0,0,1,0,0,1,0,0,0,0,0,0,0,1,0,0,0,0,0,0
data/audio_wav/136/136005.wav,137,0,0,0,0,0,1,0,0,1,0,0,0,0,0,0,0,1,0,0,0,0,0,0
data/audio_wav/136/136006.wav,137,0,0,0,0,0,1,0,0,1,0,0,0,0,0,0,0,1,0,0,0,0,0,0
data/audio_wav/136/136007.wav,137,0,0,0,0,0,1,0,0,1,0,0,0,0,0,0,0,1,0,0,0,0,0,0
data/audio_wav/136/136008.wav,137,0,0,0,0,0,1,0,0,1,0,0,0,0,0,0,0,1,0,0,0,0,0,0
data/audio_wav/136/136009.wav,137,0,0,0,0,0,1,0,0,1,0,0,0,0,0,0,0,1,0,0,0,0,0,0
data/audio_wav/136/136010.wav,137,0,0,0,0,0,1,0,0,1,0,0,0,0,0,0,0,1,0,0,0,0,0,0
data/audio_wav/136/136011.wav,137,0,0,0,0,0,1,0,0,1,0,0,0,0,0,0,0,1,0,0,0,0,0,0
data/audio_wav/136/136012.wav,137,0,0,0,0,0,1,0,0,1,0,0,0,0,0,0,0,1,0,0,0,0,0,0
data/audio_wav/136/136013.wav,137,0,0,0,0,0,1,0,0,1,0,0,0,0,0,0,0,1,0,0,0,0,0,0
data/audio_wav/136/136014.wav,137,0,0,0,0,0,1,0,0,1,0,0,0,0,0,0,0,1,0,0,0,0,0,0
data/audio_wav/136/136015.wav,137,0,0,0,0,0,1,0,0,1,0,0,0,0,0,0,0,1,0,0,0,0,0,0
data/audio_wav/136/136016.wav,137,0,0,0,0,0,1,0,0,1,0,0,0,0,0,0,0,1,0,0,0,0,0,0
data/audio_wav/136/136017.wav,137,0,0,0,0,0,1,0,0,1,0,0,0,0,0,0,0,1,0,0,0,0,0,0
data/audio_wav/136/136018.wav,137,0,0,0,0,0,1,0,0,1,0,0,0,0,0,0,0,1,0,0,0,0,0,0
data/audio_wav/136/136019.wav,137,0,0,0,0,0,1,0,0,1,0,0,0,0,0,0,0,1,0,0,0,0,0,0
data/audio_wav/136/136020.wav,137,0,0,0,0,0,1,0,0,1,0,0,0,0,0,0,0,1,0,0,0,0,0,0
data/audio_wav/136/136021.wav,137,0,0,0,0,0,1,0,0,1,0,0,0,0,0,0,0,1,0,0,0,0,0,0
data/audio_wav/136/136022.wav,137,0,0,0,0,0,1,0,0,1,0,0,0,0,0,0,0,1,0,0,0,0,0,0
data/audio_wav/136/136023.wav,137,0,0,0,0,0,1,0,0,1,0,0,0,0,0,0,0,1,0,0,0,0,0,0
data/audio_wav/136/136024.wav,137,0,0,0,0,0,1,0,0,1,0,0,0,0,0,0,0,1,0,0,0,0,0,0
data/audio_wav/136/136025.wav,137,0,0,0,0,0,1,0,0,1,0,0,0,0,0,0,0,1,0,0,0,0,0,0
data/audio_wav/136/136026.wav,137,0,0,0,0,0,1,0,0,1,0,0,0,0,0,0,0,1,0,0,0,0,0,0
data/audio_wav/136/136027.wav,137,0,0,0,0,0,1,0,0,1,0,0,0,0,0,0,0,1,0,0,0,0,0,0
data/audio_wav/136/136028.wav,137,0,0,0,0,0,1,0,0,1,0,0,0,0,0,0,0,1,0,0,0,0,0,0
data/audio_wav/136/136029.wav,137,0,0,0,0,0,1,0,0,1,0,0,0,0,0,0,0,1,0,0,0,0,0,0
data/audio_wav/136/136030.wav,137,0,0,0,0,0,1,0,0,1,0,0,0,0,0,0,0,1,0,0,0,0,0,0
data/audio_wav/136/136031.wav,137,0,0,0,0,0,1,0,0,1,0,0,0,0,0,0,0,1,0,0,0,0,0,0
data/audio_wav/136/136032.wav,137,0,0,0,0,0,1,0,0,1,0,0,0,0,0,0,0,1,0,0,0,0,0,0
data/audio_wav/136/136033.wav,137,0,0,0,0,0,1,0,0,1,0,0,0,0,0,0,0,1,0,0,0,0,0,0
data/audio_wav/136/136034.wav,137,0,0,0,0,0,1,0,0,1,0,0,0,0,0,0,0,1,0,0,0,0,0,0
data/audio_wav/136/136035.wav,137,0,0,0,0,0,1,0,0,1,0,0,0,0,0,0,0,1,0,0,0,0,0,0
data/audio_wav/136/136036.wav,137,0,0,0,0,0,1,0,0,1,0,0,0,0,0,0,0,1,0,0,0,0,0,0
data/audio_wav/136/136037.wav,137,0,0,0,0,0,1,0,0,1,0,0,0,0,0,0,0,1,0,0,0,0,0,0
data/audio_wav/136/136038.wav,137,0,0,0,0,0,1,0,0,1,0,0,0,0,0,0,0,1,0,0,0,0,0,0
data/audio_wav/136/136039.wav,137,0,0,0,0,0,1,0,0,1,0,0,0,0,0,0,0,1,0,0,0,0,0,0
data/audio_wav/136/136040.wav,137,0,0,0,0,0,1,0,0,1,0,0,0,0,0,0,0,1,0,0,0,0,0,0
data/audio_wav/136/136041.wav,137,0,0,0,0,0,1,0,0,1,0,0,0,0,0,0,0,1,0,0,0,0,0,0
data/audio_wav/136/136042.wav,137,0,0,0,0,0,1,0,0,1,0,0,0,0,0,0,0,1,0,0,0,0,0,0
data/audio_wav/136/136043.wav,137,0,0,0,0,0,1,0,0,1,0,0,0,0,0,0,0,1,0,0,0,0,0,0
data/audio_wav/136/136044.wav,137,0,0,0,0,0,1,0,0,1,0,0,0,0,0,0,0,1,0,0,0,0,0,0
data/audio_wav/136/136045.wav,137,0,0,0,0,0,1,0,0,1,0,0,0,0,0,0,0,1,0,0,0,0,0,0
data/audio_wav/136/136046.wav,137,0,0,0,0,0,1,0,0,1,0,0,0,0,0,0,0,1,0,0,0,0,0,0
data/audio_wav/136/136047.wav,137,0,0,0,0,0,1,0,0,1,0,0,0,0,0,0,0,1,0,0,0,0,0,0
data/audio_wav/136/136048.wav,137,0,0,0,0,0,1,0,0,1,0,0,0,0,0,0,0,1,0,0,0,0,0,0
data/audio_wav/136/136049.wav,137,0,0,0,0,0,1,0,0,1,0,0,0,0,0,0,0,1,0,0,0,0,0,0
data/audio_wav/137/137000.wav,138,1,2,0,0,0,1,0,0,1,0,0,0,0,0,0,0,0,1,0,0,0,0,0
data/audio_wav/137/137001.wav,138,1,2,0,0,0,1,0,0,1,0,0,0,0,0,0,0,0,1,0,0,0,0,0
data/audio_wav/137/137002.wav,138,1,2,0,0,0,1,0,0,1,0,0,0,0,0,0,0,0,1,0,0,0,0,0
data/audio_wav/137/137003.wav,138,1,2,0,0,0,1,0,0,1,0,0,0,0,0,0,0,0,1,0,0,0,0,0
data/audio_wav/137/137004.wav,138,1,2,0,0,0,1,0,0,1,0,0,0,0,0,0,0,0,1,0,0,0,0,0
data/audio_wav/137/137005.wav,138,1,2,0,0,0,1,0,0,1,0,0,0,0,0,0,0,0,1,0,0,0,0,0
data/audio_wav/137/137006.wav,138,1,2,0,0,0,1,0,0,1,0,0,0,0,0,0,0,0,1,0,0,0,0,0
data/audio_wav/137/137007.wav,138,1,2,0,0,0,1,0,0,1,0,0,0,0,0,0,0,0,1,0,0,0,0,0
data/audio_wav/137/137008.wav,138,1,2,0,0,0,1,0,0,1,0,0,0,0,0,0,0,0,1,0,0,0,0,0
data/audio_wav/137/137009.wav,138,1,2,0,0,0,1,0,0,1,0,0,0,0,0,0,0,0,1,0,0,0,0,0
data/audio_wav/137/137010.wav,138,1,2,0,0,0,1,0,0,1,0,0,0,0,0,0,0,0,1,0,0,0,0,0
data/audio_wav/137/137011.wav,138,1,2,0,0,0,1,0,0,1,0,0,0,0,0,0,0,0,1,0,0,0,0,0
data/audio_wav/137/137012.wav,138,1,2,0,0,0,1,0,0,1,0,0,0,0,0,0,0,0,1,0,0,0,0,0
data/audio_wav/137/137013.wav,138,1,2,0,0,0,1,0,0,1,0,0,0,0,0,0,0,0,1,0,0,0,0,0
data/audio_wav/137/137014.wav,138,1,2,0,0,0,1,0,0,1,0,0,0,0,0,0,0,0,1,0,0,0,0,0
data/audio_wav/137/137015.wav,138,1,2,0,0,0,1,0,0,1,0,0,0,0,0,0,0,0,1,0,0,0,0,0
data/audio_wav/137/137016.wav,138,1,2,0,0,0,1,0,0,1,0,0,0,0,0,0,0,0,1,0,0,0,0,0
data/audio_wav/137/137017.wav,138,1,2,0,0,0,1,0,0,1,0,0,0,0,0,0,0,0,1,0,0,0,0,0
data/audio_wav/137/137018.wav,138,1,2,0,0,0,1,0,0,1,0,0,0,0,0,0,0,0,1,0,0,0,0,0
data/audio_wav/137/137019.wav,138,1,2,0,0,0,1,0,0,1,0,0,0,0,0,0,0,0,1,0,0,0,0,0
data/audio_wav/137/137020.wav,138,1,2,0,0,0,1,0,0,1,0,0,0,0,0,0,0,0,1,0,0,0,0,0
data/audio_wav/137/137021.wav,138,1,2,0,0,0,1,0,0,1,0,0,0,0,0,0,0,0,1,0,0,0,0,0
data/audio_wav/137/137022.wav,138,1,2,0,0,0,1,0,0,1,0,0,0,0,0,0,0,0,1,0,0,0,0,0
data/audio_wav/137/137023.wav,138,1,2,0,0,0,1,0,0,1,0,0,0,0,0,0,0,0,1,0,0,0,0,0
data/audio_wav/137/137024.wav,138,1,2,0,0,0,1,0,0,1,0,0,0,0,0,0,0,0,1,0,0,0,0,0
data/audio_wav/137/137025.wav,138,1,2,0,0,0,1,0,0,1,0,0,0,0,0,0,0,0,1,0,0,0,0,0
data/audio_wav/137/137026.wav,138,1,2,0,0,0,1,0,0,1,0,0,0,0,0,0,0,0,1,0,0,0,0,0
data/audio_wav/137/137027.wav,138,1,2,0,0,0,1,0,0,1,0,0,0,0,0,0,0,0,1,0,0,0,0,0
data/audio_wav/137/137028.wav,138,1,2,0,0,0,1,0,0,1,0,0,0,0,0,0,0,0,1,0,0,0,0,0
data/audio_wav/137/137029.wav,138,1,2,0,0,0,1,0,0,1,0,0,0,0,0,0,0,0,1,0,0,0,0,0
data/audio_wav/137/137030.wav,138,1,2,0,0,0,1,0,0,1,0,0,0,0,0,0,0,0,1,0,0,0,0,0
data/audio_wav/137/137031.wav,138,1,2,0,0,0,1,0,0,1,0,0,0,0,0,0,0,0,1,0,0,0,0,0
data/audio_wav/137/137032.wav,138,1,2,0,0,0,1,0,0,1,0,0,0,0,0,0,0,0,1,0,0,0,0,0
data/audio_wav/137/137033.wav,138,1,2,0,0,0,1,0,0,1,0,0,0,0,0,0,0,0,1,0,0,0,0,0
data/audio_wav/137/137034.wav,138,1,2,0,0,0,1,0,0,1,0,0,0,0,0,0,0,0,1,0,0,0,0,0
data/audio_wav/137/137035.wav,138,1,2,0,0,0,1,0,0,1,0,0,0,0,0,0,0,0,1,0,0,0,0,0
data/audio_wav/137/137036.wav,138,1,2,0,0,0,1,0,0,1,0,0,0,0,0,0,0,0,1,0,0,0,0,0
data/audio_wav/137/137037.wav,138,1,2,0,0,0,1,0,0,1,0,0,0,0,0,0,0,0,1,0,0,0,0,0
data/audio_wav/137/137038.wav,138,1,2,0,0,0,1,0,0,1,0,0,0,0,0,0,0,0,1,0,0,0,0,0
data/audio_wav/137/137039.wav,138,1,2,0,0,0,1,0,0,1,0,0,0,0,0,0,0,0,1,0,0,0,0,0
data/audio_wav/137/137040.wav,138,1,2,0,0,0,1,0,0,1,0,0,0,0,0,0,0,0,1,0,0,0,0,0
data/audio_wav/137/137041.wav,138,1,2,0,0,0,1,0,0,1,0,0,0,0,0,0,0,0,1,0,0,0,0,0
data/audio_wav/137/137042.wav,138,1,2,0,0,0,1,0,0,1,0,0,0,0,0,0,0,0,1,0,0,0,0,0
data/audio_wav/137/137043.wav,138,1,2,0,0,0,1,0,0,1,0,0,0,0,0,0,0,0,1,0,0,0,0,0
data/audio_wav/137/137044.wav,138,1,2,0,0,0,1,0,0,1,0,0,0,0,0,0,0,0,1,0,0,0,0,0
data/audio_wav/137/137045.wav,138,1,2,0,0,0,1,0,0,1,0,0,0,0,0,0,0,0,1,0,0,0,0,0
data/audio_wav/137/137046.wav,138,1,2,0,0,0,1,0,0,1,0,0,0,0,0,0,0,0,1,0,0,0,0,0
data/audio_wav/137/137047.wav,138,1,2,0,0,0,1,0,0,1,0,0,0,0,0,0,0,0,1,0,0,0,0,0
data/audio_wav/137/137048.wav,138,1,2,0,0,0,1,0,0,1,0,0,0,0,0,0,0,0,1,0,0,0,0,0
data/audio_wav/137/137049.wav,138,1,2,0,0,0,1,0,0,1,0,0,0,0,0,0,0,0,1,0,0,0,0,0
data/audio_wav/138/138000.wav,139,1,1,0,0,0,1,0,0,1,0,0,0,0,0,0,0,0,0,1,0,0,0,0
data/audio_wav/138/138001.wav,139,1,1,0,0,0,1,0,0,1,0,0,0,0,0,0,0,0,0,1,0,0,0,0
data/audio_wav/138/138002.wav,139,1,1,0,0,0,1,0,0,1,0,0,0,0,0,0,0,0,0,1,0,0,0,0
data/audio_wav/138/138003.wav,139,1,1,0,0,0,1,0,0,1,0,0,0,0,0,0,0,0,0,1,0,0,0,0
data/audio_wav/138/138004.wav,139,1,1,0,0,0,1,0,0,1,0,0,0,0,0,0,0,0,0,1,0,0,0,0
data/audio_wav/138/138005.wav,139,1,1,0,0,0,1,0,0,1,0,0,0,0,0,0,0,0,0,1,0,0,0,0
data/audio_wav/138/138006.wav,139,1,1,0,0,0,1,0,0,1,0,0,0,0,0,0,0,0,0,1,0,0,0,0
data/audio_wav/138/138007.wav,139,1,1,0,0,0,1,0,0,1,0,0,0,0,0,0,0,0,0,1,0,0,0,0
data/audio_wav/138/138008.wav,139,1,1,0,0,0,1,0,0,1,0,0,0,0,0,0,0,0,0,1,0,0,0,0
data/audio_wav/138/138009.wav,139,1,1,0,0,0,1,0,0,1,0,0,0,0,0,0,0,0,0,1,0,0,0,0
data/audio_wav/138/138010.wav,139,1,1,0,0,0,1,0,0,1,0,0,0,0,0,0,0,0,0,1,0,0,0,0
data/audio_wav/138/138011.wav,139,1,1,0,0,0,1,0,0,1,0,0,0,0,0,0,0,0,0,1,0,0,0,0
data/audio_wav/138/138012.wav,139,1,1,0,0,0,1,0,0,1,0,0,0,0,0,0,0,0,0,1,0,0,0,0
data/audio_wav/138/138013.wav,139,1,1,0,0,0,1,0,0,1,0,0,0,0,0,0,0,0,0,1,0,0,0,0
data/audio_wav/138/138014.wav,139,1,1,0,0,0,1,0,0,1,0,0,0,0,0,0,0,0,0,1,0,0,0,0
data/audio_wav/138/138015.wav,139,1,1,0,0,0,1,0,0,1,0,0,0,0,0,0,0,0,0,1,0,0,0,0
data/audio_wav/138/138016.wav,139,1,1,0,0,0,1,0,0,1,0,0,0,0,0,0,0,0,0,1,0,0,0,0
data/audio_wav/138/138017.wav,139,1,1,0,0,0,1,0,0,1,0,0,0,0,0,0,0,0,0,1,0,0,0,0
data/audio_wav/138/138018.wav,139,1,1,0,0,0,1,0,0,1,0,0,0,0,0,0,0,0,0,1,0,0,0,0
data/audio_wav/138/138019.wav,139,1,1,0,0,0,1,0,0,1,0,0,0,0,0,0,0,0,0,1,0,0,0,0
data/audio_wav/138/138020.wav,139,1,1,0,0,0,1,0,0,1,0,0,0,0,0,0,0,0,0,1,0,0,0,0
data/audio_wav/138/138021.wav,139,1,1,0,0,0,1,0,0,1,0,0,0,0,0,0,0,0,0,1,0,0,0,0
data/audio_wav/138/138022.wav,139,1,1,0,0,0,1,0,0,1,0,0,0,0,0,0,0,0,0,1,0,0,0,0
data/audio_wav/138/138023.wav,139,1,1,0,0,0,1,0,0,1,0,0,0,0,0,0,0,0,0,1,0,0,0,0
data/audio_wav/138/138024.wav,139,1,1,0,0,0,1,0,0,1,0,0,0,0,0,0,0,0,0,1,0,0,0,0
data/audio_wav/138/138025.wav,139,1,1,0,0,0,1,0,0,1,0,0,0,0,0,0,0,0,0,1,0,0,0,0
data/audio_wav/138/138026.wav,139,1,1,0,0,0,1,0,0,1,0,0,0,0,0,0,0,0,0,1,0,0,0,0
data/audio_wav/138/138027.wav,139,1,1,0,0,0,1,0,0,1,0,0,0,0,0,0,0,0,0,1,0,0,0,0
data/audio_wav/138/138028.wav,139,1,1,0,0,0,1,0,0,1,0,0,0,0,0,0,0,0,0,1,0,0,0,0
data/audio_wav/138/138029.wav,139,1,1,0,0,0,1,0,0,1,0,0,0,0,0,0,0,0,0,1,0,0,0,0
data/audio_wav/138/138030.wav,139,1,1,0,0,0,1,0,0,1,0,0,0,0,0,0,0,0,0,1,0,0,0,0
data/audio_wav/138/138031.wav,139,1,1,0,0,0,1,0,0,1,0,0,0,0,0,0,0,0,0,1,0,0,0,0
data/audio_wav/138/138032.wav,139,1,1,0,0,0,1,0,0,1,0,0,0,0,0,0,0,0,0,1,0,0,0,0
data/audio_wav/138/138033.wav,139,1,1,0,0,0,1,0,0,1,0,0,0,0,0,0,0,0,0,1,0,0,0,0
data/audio_wav/138/138034.wav,139,1,1,0,0,0,1,0,0,1,0,0,0,0,0,0,0,0,0,1,0,0,0,0
data/audio_wav/138/138035.wav,139,1,1,0,0,0,1,0,0,1,0,0,0,0,0,0,0,0,0,1,0,0,0,0
data/audio_wav/138/138036.wav,139,1,1,0,0,0,1,0,0,1,0,0,0,0,0,0,0,0,0,1,0,0,0,0
data/audio_wav/138/138037.wav,139,1,1,0,0,0,1,0,0,1,0,0,0,0,0,0,0,0,0,1,0,0,0,0
data/audio_wav/138/138038.wav,139,1,1,0,0,0,1,0,0,1,0,0,0,0,0,0,0,0,0,1,0,0,0,0
data/audio_wav/138/138039.wav,139,1,1,0,0,0,1,0,0,1,0,0,0,0,0,0,0,0,0,1,0,0,0,0
data/audio_wav/138/138040.wav,139,1,1,0,0,0,1,0,0,1,0,0,0,0,0,0,0,0,0,1,0,0,0,0
data/audio_wav/138/138041.wav,139,1,1,0,0,0,1,0,0,1,0,0,0,0,0,0,0,0,0,1,0,0,0,0
data/audio_wav/138/138042.wav,139,1,1,0,0,0,1,0,0,1,0,0,0,0,0,0,0,0,0,1,0,0,0,0
data/audio_wav/138/138043.wav,139,1,1,0,0,0,1,0,0,1,0,0,0,0,0,0,0,0,0,1,0,0,0,0
data/audio_wav/138/138044.wav,139,1,1,0,0,0,1,0,0,1,0,0,0,0,0,0,0,0,0,1,0,0,0,0
data/audio_wav/138/138045.wav,139,1,1,0,0,0,1,0,0,1,0,0,0,0,0,0,0,0,0,1,0,0,0,0
data/audio_wav/138/138046.wav,139,1,1,0,0,0,1,0,0,1,0,0,0,0,0,0,0,0,0,1,0,0,0,0
data/audio_wav/138/138047.wav,139,1,1,0,0,0,1,0,0,1,0,0,0,0,0,0,0,0,0,1,0,0,0,0
data/audio_wav/138/138048.wav,139,1,1,0,0,0,1,0,0,1,0,0,0,0,0,0,0,0,0,1,0,0,0,0
data/audio_wav/138/138049.wav,139,1,1,0,0,0,1,0,0,1,0,0,0,0,0,0,0,0,0,1,0,0,0,0
data/audio_wav/139/139000.wav,140,1,2,0,0,0,1,0,0,1,0,0,0,0,0,0,0,0,0,0,1,0,0,0
data/audio_wav/139/139001.wav,140,1,2,0,0,0,1,0,0,1,0,0,0,0,0,0,0,0,0,0,1,0,0,0
data/audio_wav/139/139002.wav,140,1,2,0,0,0,1,0,0,1,0,0,0,0,0,0,0,0,0,0,1,0,0,0
data/audio_wav/139/139003.wav,140,1,2,0,0,0,1,0,0,1,0,0,0,0,0,0,0,0,0,0,1,0,0,0
data/audio_wav/139/139004.wav,140,1,2,0,0,0,1,0,0,1,0,0,0,0,0,0,0,0,0,0,1,0,0,0
data/audio_wav/139/139005.wav,140,1,2,0,0,0,1,0,0,1,0,0,0,0,0,0,0,0,0,0,1,0,0,0
data/audio_wav/139/139006.wav,140,1,2,0,0,0,1,0,0,1,0,0,0,0,0,0,0,0,0,0,1,0,0,0
data/audio_wav/139/139007.wav,140,1,2,0,0,0,1,0,0,1,0,0,0,0,0,0,0,0,0,0,1,0,0,0
data/audio_wav/139/139008.wav,140,1,2,0,0,0,1,0,0,1,0,0,0,0,0,0,0,0,0,0,1,0,0,0
data/audio_wav/139/139009.wav,140,1,2,0,0,0,1,0,0,1,0,0,0,0,0,0,0,0,0,0,1,0,0,0
data/audio_wav/139/139010.wav,140,1,2,0,0,0,1,0,0,1,0,0,0,0,0,0,0,0,0,0,1,0,0,0
data/audio_wav/139/139011.wav,140,1,2,0,0,0,1,0,0,1,0,0,0,0,0,0,0,0,0,0,1,0,0,0
data/audio_wav/139/139012.wav,140,1,2,0,0,0,1,0,0,1,0,0,0,0,0,0,0,0,0,0,1,0,0,0
data/audio_wav/139/139013.wav,140,1,2,0,0,0,1,0,0,1,0,0,0,0,0,0,0,0,0,0,1,0,0,0
data/audio_wav/139/139014.wav,140,1,2,0,0,0,1,0,0,1,0,0,0,0,0,0,0,0,0,0,1,0,0,0
data/audio_wav/139/139015.wav,140,1,2,0,0,0,1,0,0,1,0,0,0,0,0,0,0,0,0,0,1,0,0,0
data/audio_wav/139/139016.wav,140,1,2,0,0,0,1,0,0,1,0,0,0,0,0,0,0,0,0,0,1,0,0,0
data/audio_wav/139/139017.wav,140,1,2,0,0,0,1,0,0,1,0,0,0,0,0,0,0,0,0,0,1,0,0,0
data/audio_wav/139/139018.wav,140,1,2,0,0,0,1,0,0,1,0,0,0,0,0,0,0,0,0,0,1,0,0,0
data/audio_wav/139/139019.wav,140,1,2,0,0,0,1,0,0,1,0,0,0,0,0,0,0,0,0,0,1,0,0,0
data/audio_wav/139/139020.wav,140,1,2,0,0,0,1,0,0,1,0,0,0,0,0,0,0,0,0,0,1,0,0,0
data/audio_wav/139/139021.wav,140,1,2,0,0,0,1,0,0,1,0,0,0,0,0,0,0,0,0,0,1,0,0,0
data/audio_wav/139/139022.wav,140,1,2,0,0,0,1,0,0,1,0,0,0,0,0,0,0,0,0,0,1,0,0,0
data/audio_wav/139/139023.wav,140,1,2,0,0,0,1,0,0,1,0,0,0,0,0,0,0,0,0,0,1,0,0,0
data/audio_wav/139/139024.wav,140,1,2,0,0,0,1,0,0,1,0,0,0,0,0,0,0,0,0,0,1,0,0,0
data/audio_wav/139/139025.wav,140,1,2,0,0,0,1,0,0,1,0,0,0,0,0,0,0,0,0,0,1,0,0,0
data/audio_wav/139/139026.wav,140,1,2,0,0,0,1,0,0,1,0,0,0,0,0,0,0,0,0,0,1,0,0,0
data/audio_wav/139/139027.wav,140,1,2,0,0,0,1,0,0,1,0,0,0,0,0,0,0,0,0,0,1,0,0,0
data/audio_wav/139/139028.wav,140,1,2,0,0,0,1,0,0,1,0,0,0,0,0,0,0,0,0,0,1,0,0,0
data/audio_wav/139/139029.wav,140,1,2,0,0,0,1,0,0,1,0,0,0,0,0,0,0,0,0,0,1,0,0,0
data/audio_wav/139/139030.wav,140,1,2,0,0,0,1,0,0,1,0,0,0,0,0,0,0,0,0,0,1,0,0,0
data/audio_wav/139/139031.wav,140,1,2,0,0,0,1,0,0,1,0,0,0,0,0,0,0,0,0,0,1,0,0,0
data/audio_wav/139/139032.wav,140,1,2,0,0,0,1,0,0,1,0,0,0,0,0,0,0,0,0,0,1,0,0,0
data/audio_wav/139/139033.wav,140,1,2,0,0,0,1,0,0,1,0,0,0,0,0,0,0,0,0,0,1,0,0,0
data/audio_wav/139/139034.wav,140,1,2,0,0,0,1,0,0,1,0,0,0,0,0,0,0,0,0,0,1,0,0,0
data/audio_wav/139/139035.wav,140,1,2,0,0,0,1,0,0,1,0,0,0,0,0,0,0,0,0,0,1,0,0,0
data/audio_wav/139/139036.wav,140,1,2,0,0,0,1,0,0,1,0,0,0,0,0,0,0,0,0,0,1,0,0,0
data/audio_wav/139/139037.wav,140,1,2,0,0,0,1,0,0,1,0,0,0,0,0,0,0,0,0,0,1,0,0,0
data/audio_wav/139/139038.wav,140,1,2,0,0,0,1,0,0,1,0,0,0,0,0,0,0,0,0,0,1,0,0,0
data/audio_wav/139/139039.wav,140,1,2,0,0,0,1,0,0,1,0,0,0,0,0,0,0,0,0,0,1,0,0,0
data/audio_wav/139/139040.wav,140,1,2,0,0,0,1,0,0,1,0,0,0,0,0,0,0,0,0,0,1,0,0,0
data/audio_wav/139/139041.wav,140,1,2,0,0,0,1,0,0,1,0,0,0,0,0,0,0,0,0,0,1,0,0,0
data/audio_wav/139/139042.wav,140,1,2,0,0,0,1,0,0,1,0,0,0,0,0,0,0,0,0,0,1,0,0,0
data/audio_wav/139/139043.wav,140,1,2,0,0,0,1,0,0,1,0,0,0,0,0,0,0,0,0,0,1,0,0,0
data/audio_wav/139/139044.wav,140,1,2,0,0,0,1,0,0,1,0,0,0,0,0,0,0,0,0,0,1,0,0,0
data/audio_wav/139/139045.wav,140,1,2,0,0,0,1,0,0,1,0,0,0,0,0,0,0,0,0,0,1,0,0,0
data/audio_wav/139/139046.wav,140,1,2,0,0,0,1,0,0,1,0,0,0,0,0,0,0,0,0,0,1,0,0,0
data/audio_wav/139/139047.wav,140,1,2,0,0,0,1,0,0,1,0,0,0,0,0,0,0,0,0,0,1,0,0,0
data/audio_wav/139/139048.wav,140,1,2,0,0,0,1,0,0,1,0,0,0,0,0,0,0,0,0,0,1,0,0,0
data/audio_wav/139/139049.wav,140,1,2,0,0,0,1,0,0,1,0,0,0,0,0,0,0,0,0,0,1,0,0,0
data/audio_wav/140/140000.wav,141,1,1,0,0,0,1,0,0,1,0,0,0,0,0,0,0,0,0,0,0,1,0,0
data/audio_wav/140/140001.wav,141,1,1,0,0,0,1,0,0,1,0,0,0,0,0,0,0,0,0,0,0,1,0,0
data/audio_wav/140/140002.wav,141,1,1,0,0,0,1,0,0,1,0,0,0,0,0,0,0,0,0,0,0,1,0,0
data/audio_wav/140/140003.wav,141,1,1,0,0,0,1,0,0,1,0,0,0,0,0,0,0,0,0,0,0,1,0,0
data/audio_wav/140/140004.wav,141,1,1,0,0,0,1,0,0,1,0,0,0,0,0,0,0,0,0,0,0,1,0,0
data/audio_wav/140/140005.wav,141,1,1,0,0,0,1,0,0,1,0,0,0,0,0,0,0,0,0,0,0,1,0,0
data/audio_wav/140/140006.wav,141,1,1,0,0,0,1,0,0,1,0,0,0,0,0,0,0,0,0,0,0,1,0,0
data/audio_wav/140/140007.wav,141,1,1,0,0,0,1,0,0,1,0,0,0,0,0,0,0,0,0,0,0,1,0,0
data/audio_wav/140/140008.wav,141,1,1,0,0,0,1,0,0,1,0,0,0,0,0,0,0,0,0,0,0,1,0,0
data/audio_wav/140/140009.wav,141,1,1,0,0,0,1,0,0,1,0,0,0,0,0,0,0,0,0,0,0,1,0,0
data/audio_wav/140/140010.wav,141,1,1,0,0,0,1,0,0,1,0,0,0,0,0,0,0,0,0,0,0,1,0,0
data/audio_wav/140/140011.wav,141,1,1,0,0,0,1,0,0,1,0,0,0,0,0,0,0,0,0,0,0,1,0,0
data/audio_wav/140/140012.wav,141,1,1,0,0,0,1,0,0,1,0,0,0,0,0,0,0,0,0,0,0,1,0,0
data/audio_wav/140/140013.wav,141,1,1,0,0,0,1,0,0,1,0,0,0,0,0,0,0,0,0,0,0,1,0,0
data/audio_wav/140/140014.wav,141,1,1,0,0,0,1,0,0,1,0,0,0,0,0,0,0,0,0,0,0,1,0,0
data/audio_wav/140/140015.wav,141,1,1,0,0,0,1,0,0,1,0,0,0,0,0,0,0,0,0,0,0,1,0,0
data/audio_wav/140/140016.wav,141,1,1,0,0,0,1,0,0,1,0,0,0,0,0,0,0,0,0,0,0,1,0,0
data/audio_wav/140/140017.wav,141,1,1,0,0,0,1,0,0,1,0,0,0,0,0,0,0,0,0,0,0,1,0,0
data/audio_wav/140/140018.wav,141,1,1,0,0,0,1,0,0,1,0,0,0,0,0,0,0,0,0,0,0,1,0,0
data/audio_wav/140/140019.wav,141,1,1,0,0,0,1,0,0,1,0,0,0,0,0,0,0,0,0,0,0,1,0,0
data/audio_wav/140/140020.wav,141,1,1,0,0,0,1,0,0,1,0,0,0,0,0,0,0,0,0,0,0,1,0,0
data/audio_wav/140/140021.wav,141,1,1,0,0,0,1,0,0,1,0,0,0,0,0,0,0,0,0,0,0,1,0,0
data/audio_wav/140/140022.wav,141,1,1,0,0,0,1,0,0,1,0,0,0,0,0,0,0,0,0,0,0,1,0,0
data/audio_wav/140/140023.wav,141,1,1,0,0,0,1,0,0,1,0,0,0,0,0,0,0,0,0,0,0,1,0,0
data/audio_wav/140/140024.wav,141,1,1,0,0,0,1,0,0,1,0,0,0,0,0,0,0,0,0,0,0,1,0,0
data/audio_wav/140/140025.wav,141,1,1,0,0,0,1,0,0,1,0,0,0,0,0,0,0,0,0,0,0,1,0,0
data/audio_wav/140/140026.wav,141,1,1,0,0,0,1,0,0,1,0,0,0,0,0,0,0,0,0,0,0,1,0,0
data/audio_wav/140/140027.wav,141,1,1,0,0,0,1,0,0,1,0,0,0,0,0,0,0,0,0,0,0,1,0,0
data/audio_wav/140/140028.wav,141,1,1,0,0,0,1,0,0,1,0,0,0,0,0,0,0,0,0,0,0,1,0,0
data/audio_wav/140/140029.wav,141,1,1,0,0,0,1,0,0,1,0,0,0,0,0,0,0,0,0,0,0,1,0,0
data/audio_wav/140/140030.wav,141,1,1,0,0,0,1,0,0,1,0,0,0,0,0,0,0,0,0,0,0,1,0,0
data/audio_wav/140/140031.wav,141,1,1,0,0,0,1,0,0,1,0,0,0,0,0,0,0,0,0,0,0,1,0,0
data/audio_wav/140/140032.wav,141,1,1,0,0,0,1,0,0,1,0,0,0,0,0,0,0,0,0,0,0,1,0,0
data/audio_wav/140/140033.wav,141,1,1,0,0,0,1,0,0,1,0,0,0,0,0,0,0,0,0,0,0,1,0,0
data/audio_wav/140/140034.wav,141,1,1,0,0,0,1,0,0,1,0,0,0,0,0,0,0,0,0,0,0,1,0,0
data/audio_wav/140/140035.wav,141,1,1,0,0,0,1,0,0,1,0,0,0,0,0,0,0,0,0,0,0,1,0,0
data/audio_wav/140/140036.wav,141,1,1,0,0,0,1,0,0,1,0,0,0,0,0,0,0,0,0,0,0,1,0,0
data/audio_wav/140/140037.wav,141,1,1,0,0,0,1,0,0,1,0,0,0,0,0,0,0,0,0,0,0,1,0,0
data/audio_wav/140/140038.wav,141,1,1,0,0,0,1,0,0,1,0,0,0,0,0,0,0,0,0,0,0,1,0,0
data/audio_wav/140/140039.wav,141,1,1,0,0,0,1,0,0,1,0,0,0,0,0,0,0,0,0,0,0,1,0,0
data/audio_wav/140/140040.wav,141,1,1,0,0,0,1,0,0,1,0,0,0,0,0,0,0,0,0,0,0,1,0,0
data/audio_wav/140/140041.wav,141,1,1,0,0,0,1,0,0,1,0,0,0,0,0,0,0,0,0,0,0,1,0,0
data/audio_wav/140/140042.wav,141,1,1,0,0,0,1,0,0,1,0,0,0,0,0,0,0,0,0,0,0,1,0,0
data/audio_wav/140/140043.wav,141,1,1,0,0,0,1,0,0,1,0,0,0,0,0,0,0,0,0,0,0,1,0,0
data/audio_wav/140/140044.wav,141,1,1,0,0,0,1,0,0,1,0,0,0,0,0,0,0,0,0,0,0,1,0,0
data/audio_wav/140/140045.wav,141,1,1,0,0,0,1,0,0,1,0,0,0,0,0,0,0,0,0,0,0,1,0,0
data/audio_wav/140/140046.wav,141,1,1,0,0,0,1,0,0,1,0,0,0,0,0,0,0,0,0,0,0,1,0,0
data/audio_wav/140/140047.wav,141,1,1,0,0,0,1,0,0,1,0,0,0,0,0,0,0,0,0,0,0,1,0,0
data/audio_wav/140/140048.wav,141,1,1,0,0,0,1,0,0,1,0,0,0,0,0,0,0,0,0,0,0,1,0,0
data/audio_wav/140/140049.wav,141,1,1,0,0,0,1,0,0,1,0,0,0,0,0,0,0,0,0,0,0,1,0,0
data/audio_wav/141/141000.wav,142,1,1,0,0,0,1,0,0,1,0,0,0,0,0,0,0,0,0,0,0,0,1,0
data/audio_wav/141/141001.wav,142,1,1,0,0,0,1,0,0,1,0,0,0,0,0,0,0,0,0,0,0,0,1,0
data/audio_wav/141/141002.wav,142,1,1,0,0,0,1,0,0,1,0,0,0,0,0,0,0,0,0,0,0,0,1,0
data/audio_wav/141/141003.wav,142,1,1,0,0,0,1,0,0,1,0,0,0,0,0,0,0,0,0,0,0,0,1,0
data/audio_wav/141/141004.wav,142,1,1,0,0,0,1,0,0,1,0,0,0,0,0,0,0,0,0,0,0,0,1,0
data/audio_wav/141/141005.wav,142,1,1,0,0,0,1,0,0,1,0,0,0,0,0,0,0,0,0,0,0,0,1,0
data/audio_wav/141/141006.wav,142,1,1,0,0,0,1,0,0,1,0,0,0,0,0,0,0,0,0,0,0,0,1,0
data/audio_wav/141/141007.wav,142,1,1,0,0,0,1,0,0,1,0,0,0,0,0,0,0,0,0,0,0,0,1,0
data/audio_wav/141/141008.wav,142,1,1,0,0,0,1,0,0,1,0,0,0,0,0,0,0,0,0,0,0,0,1,0
data/audio_wav/141/141009.wav,142,1,1,0,0,0,1,0,0,1,0,0,0,0,0,0,0,0,0,0,0,0,1,0
data/audio_wav/141/141010.wav,142,1,1,0,0,0,1,0,0,1,0,0,0,0,0,0,0,0,0,0,0,0,1,0
data/audio_wav/141/141011.wav,142,1,1,0,0,0,1,0,0,1,0,0,0,0,0,0,0,0,0,0,0,0,1,0
data/audio_wav/141/141012.wav,142,1,1,0,0,0,1,0,0,1,0,0,0,0,0,0,0,0,0,0,0,0,1,0
data/audio_wav/141/141013.wav,142,1,1,0,0,0,1,0,0,1,0,0,0,0,0,0,0,0,0,0,0,0,1,0
data/audio_wav/141/141014.wav,142,1,1,0,0,0,1,0,0,1,0,0,0,0,0,0,0,0,0,0,0,0,1,0
data/audio_wav/141/141015.wav,142,1,1,0,0,0,1,0,0,1,0,0,0,0,0,0,0,0,0,0,0,0,1,0
data/audio_wav/141/141016.wav,142,1,1,0,0,0,1,0,0,1,0,0,0,0,0,0,0,0,0,0,0,0,1,0
data/audio_wav/141/141017.wav,142,1,1,0,0,0,1,0,0,1,0,0,0,0,0,0,0,0,0,0,0,0,1,0
data/audio_wav/141/141018.wav,142,1,1,0,0,0,1,0,0,1,0,0,0,0,0,0,0,0,0,0,0,0,1,0
data/audio_wav/141/141019.wav,142,1,1,0,0,0,1,0,0,1,0,0,0,0,0,0,0,0,0,0,0,0,1,0
data/audio_wav/141/141020.wav,142,1,1,0,0,0,1,0,0,1,0,0,0,0,0,0,0,0,0,0,0,0,1,0
data/audio_wav/141/141021.wav,142,1,1,0,0,0,1,0,0,1,0,0,0,0,0,0,0,0,0,0,0,0,1,0
data/audio_wav/141/141022.wav,142,1,1,0,0,0,1,0,0,1,0,0,0,0,0,0,0,0,0,0,0,0,1,0
data/audio_wav/141/141023.wav,142,1,1,0,0,0,1,0,0,1,0,0,0,0,0,0,0,0,0,0,0,0,1,0
data/audio_wav/141/141024.wav,142,1,1,0,0,0,1,0,0,1,0,0,0,0,0,0,0,0,0,0,0,0,1,0
data/audio_wav/141/141025.wav,142,1,1,0,0,0,1,0,0,1,0,0,0,0,0,0,0,0,0,0,0,0,1,0
data/audio_wav/141/141026.wav,142,1,1,0,0,0,1,0,0,1,0,0,0,0,0,0,0,0,0,0,0,0,1,0
data/audio_wav/141/141027.wav,142,1,1,0,0,0,1,0,0,1,0,0,0,0,0,0,0,0,0,0,0,0,1,0
data/audio_wav/141/141028.wav,142,1,1,0,0,0,1,0,0,1,0,0,0,0,0,0,0,0,0,0,0,0,1,0
data/audio_wav/141/141029.wav,142,1,1,0,0,0,1,0,0,1,0,0,0,0,0,0,0,0,0,0,0,0,1,0
data/audio_wav/141/141030.wav,142,1,1,0,0,0,1,0,0,1,0,0,0,0,0,0,0,0,0,0,0,0,1,0
data/audio_wav/141/141031.wav,142,1,1,0,0,0,1,0,0,1,0,0,0,0,0,0,0,0,0,0,0,0,1,0
data/audio_wav/141/141032.wav,142,1,1,0,0,0,1,0,0,1,0,0,0,0,0,0,0,0,0,0,0,0,1,0
data/audio_wav/141/141033.wav,142,1,1,0,0,0,1,0,0,1,0,0,0,0,0,0,0,0,0,0,0,0,1,0
data/audio_wav/141/141034.wav,142,1,1,0,0,0,1,0,0,1,0,0,0,0,0,0,0,0,0,0,0,0,1,0
data/audio_wav/141/141035.wav,142,1,1,0,0,0,1,0,0,1,0,0,0,0,0,0,0,0,0,0,0,0,1,0
data/audio_wav/141/141036.wav,142,1,1,0,0,0,1,0,0,1,0,0,0,0,0,0,0,0,0,0,0,0,1,0
data/audio_wav/141/141037.wav,142,1,1,0,0,0,1,0,0,1,0,0,0,0,0,0,0,0,0,0,0,0,1,0
data/audio_wav/141/141038.wav,142,1,1,0,0,0,1,0,0,1,0,0,0,0,0,0,0,0,0,0,0,0,1,0
data/audio_wav/141/141039.wav,142,1,1,0,0,0,1,0,0,1,0,0,0,0,0,0,0,0,0,0,0,0,1,0
data/audio_wav/141/141040.wav,142,1,1,0,0,0,1,0,0,1,0,0,0,0,0,0,0,0,0,0,0,0,1,0
data/audio_wav/141/141041.wav,142,1,1,0,0,0,1,0,0,1,0,0,0,0,0,0,0,0,0,0,0,0,1,0
data/audio_wav/141/141042.wav,142,1,1,0,0,0,1,0,0,1,0,0,0,0,0,0,0,0,0,0,0,0,1,0
data/audio_wav/141/141043.wav,142,1,1,0,0,0,1,0,0,1,0,0,0,0,0,0,0,0,0,0,0,0,1,0
data/audio_wav/141/141044.wav,142,1,1,0,0,0,1,0,0,1,0,0,0,0,0,0,0,0,0,0,0,0,1,0
data/audio_wav/141/141045.wav,142,1,1,0,0,0,1,0,0,1,0,0,0,0,0,0,0,0,0,0,0,0,1,0
data/audio_wav/141/141046.wav,142,1,1,0,0,0,1,0,0,1,0,0,0,0,0,0,0,0,0,0,0,0,1,0
data/audio_wav/141/141047.wav,142,1,1,0,0,0,1,0,0,1,0,0,0,0,0,0,0,0,0,0,0,0,1,0
data/audio_wav/141/141048.wav,142,1,1,0,0,0,1,0,0,1,0,0,0,0,0,0,0,0,0,0,0,0,1,0
data/audio_wav/141/141049.wav,142,1,1,0,0,0,1,0,0,1,0,0,0,0,0,0,0,0,0,0,0,0,1,0
data/audio_wav/142/142000.wav,143,1,1,0,0,0,1,0,0,1,0,0,0,0,0,0,0,0,0,0,0,0,0,1
data/audio_wav/142/142001.wav,143,1,1,0,0,0,1,0,0,1,0,0,0,0,0,0,0,0,0,0,0,0,0,1
data/audio_wav/142/142002.wav,143,1,1,0,0,0,1,0,0,1,0,0,0,0,0,0,0,0,0,0,0,0,0,1
data/audio_wav/142/142003.wav,143,1,1,0,0,0,1,0,0,1,0,0,0,0,0,0,0,0,0,0,0,0,0,1
data/audio_wav/142/142004.wav,143,1,1,0,0,0,1,0,0,1,0,0,0,0,0,0,0,0,0,0,0,0,0,1
data/audio_wav/142/142005.wav,143,1,1,0,0,0,1,0,0,1,0,0,0,0,0,0,0,0,0,0,0,0,0,1
data/audio_wav/142/142006.wav,143,1,1,0,0,0,1,0,0,1,0,0,0,0,0,0,0,0,0,0,0,0,0,1
data/audio_wav/142/142007.wav,143,1,1,0,0,0,1,0,0,1,0,0,0,0,0,0,0,0,0,0,0,0,0,1
data/audio_wav/142/142008.wav,143,1,1,0,0,0,1,0,0,1,0,0,0,0,0,0,0,0,0,0,0,0,0,1
data/audio_wav/142/142009.wav,143,1,1,0,0,0,1,0,0,1,0,0,0,0,0,0,0,0,0,0,0,0,0,1
data/audio_wav/142/142010.wav,143,1,1,0,0,0,1,0,0,1,0,0,0,0,0,0,0,0,0,0,0,0,0,1
data/audio_wav/142/142011.wav,143,1,1,0,0,0,1,0,0,1,0,0,0,0,0,0,0,0,0,0,0,0,0,1
data/audio_wav/142/142012.wav,143,1,1,0,0,0,1,0,0,1,0,0,0,0,0,0,0,0,0,0,0,0,0,1
data/audio_wav/142/142013.wav,143,1,1,0,0,0,1,0,0,1,0,0,0,0,0,0,0,0,0,0,0,0,0,1
data/audio_wav/142/142014.wav,143,1,1,0,0,0,1,0,0,1,0,0,0,0,0,0,0,0,0,0,0,0,0,1
data/audio_wav/142/142015.wav,143,1,1,0,0,0,1,0,0,1,0,0,0,0,0,0,0,0,0,0,0,0,0,1
data/audio_wav/142/142016.wav,143,1,1,0,0,0,1,0,0,1,0,0,0,0,0,0,0,0,0,0,0,0,0,1
data/audio_wav/142/142017.wav,143,1,1,0,0,0,1,0,0,1,0,0,0,0,0,0,0,0,0,0,0,0,0,1
data/audio_wav/142/142018.wav,143,1,1,0,0,0,1,0,0,1,0,0,0,0,0,0,0,0,0,0,0,0,0,1
data/audio_wav/142/142019.wav,143,1,1,0,0,0,1,0,0,1,0,0,0,0,0,0,0,0,0,0,0,0,0,1
data/audio_wav/142/142020.wav,143,1,1,0,0,0,1,0,0,1,0,0,0,0,0,0,0,0,0,0,0,0,0,1
data/audio_wav/142/142021.wav,143,1,1,0,0,0,1,0,0,1,0,0,0,0,0,0,0,0,0,0,0,0,0,1
data/audio_wav/142/142022.wav,143,1,1,0,0,0,1,0,0,1,0,0,0,0,0,0,0,0,0,0,0,0,0,1
data/audio_wav/142/142023.wav,143,1,1,0,0,0,1,0,0,1,0,0,0,0,0,0,0,0,0,0,0,0,0,1
data/audio_wav/142/142024.wav,143,1,1,0,0,0,1,0,0,1,0,0,0,0,0,0,0,0,0,0,0,0,0,1
data/audio_wav/142/142025.wav,143,1,1,0,0,0,1,0,0,1,0,0,0,0,0,0,0,0,0,0,0,0,0,1
data/audio_wav/142/142026.wav,143,1,1,0,0,0,1,0,0,1,0,0,0,0,0,0,0,0,0,0,0,0,0,1
data/audio_wav/142/142027.wav,143,1,1,0,0,0,1,0,0,1,0,0,0,0,0,0,0,0,0,0,0,0,0,1
data/audio_wav/142/142028.wav,143,1,1,0,0,0,1,0,0,1,0,0,0,0,0,0,0,0,0,0,0,0,0,1
data/audio_wav/142/142029.wav,143,1,1,0,0,0,1,0,0,1,0,0,0,0,0,0,0,0,0,0,0,0,0,1
data/audio_wav/142/142030.wav,143,1,1,0,0,0,1,0,0,1,0,0,0,0,0,0,0,0,0,0,0,0,0,1
data/audio_wav/142/142031.wav,143,1,1,0,0,0,1,0,0,1,0,0,0,0,0,0,0,0,0,0,0,0,0,1
data/audio_wav/142/142032.wav,143,1,1,0,0,0,1,0,0,1,0,0,0,0,0,0,0,0,0,0,0,0,0,1
data/audio_wav/142/142033.wav,143,1,1,0,0,0,1,0,0,1,0,0,0,0,0,0,0,0,0,0,0,0,0,1
data/audio_wav/142/142034.wav,143,1,1,0,0,0,1,0,0,1,0,0,0,0,0,0,0,0,0,0,0,0,0,1
data/audio_wav/142/142035.wav,143,1,1,0,0,0,1,0,0,1,0,0,0,0,0,0,0,0,0,0,0,0,0,1
data/audio_wav/142/142036.wav,143,1,1,0,0,0,1,0,0,1,0,0,0,0,0,0,0,0,0,0,0,0,0,1
data/audio_wav/142/142037.wav,143,1,1,0,0,0,1,0,0,1,0,0,0,0,0,0,0,0,0,0,0,0,0,1
data/audio_wav/142/142038.wav,143,1,1,0,0,0,1,0,0,1,0,0,0,0,0,0,0,0,0,0,0,0,0,1
data/audio_wav/142/142039.wav,143,1,1,0,0,0,1,0,0,1,0,0,0,0,0,0,0,0,0,0,0,0,0,1
data/audio_wav/142/142040.wav,143,1,1,0,0,0,1,0,0,1,0,0,0,0,0,0,0,0,0,0,0,0,0,1
data/audio_wav/142/142041.wav,143,1,1,0,0,0,1,0,0,1,0,0,0,0,0,0,0,0,0,0,0,0,0,1
data/audio_wav/142/142042.wav,143,1,1,0,0,0,1,0,0,1,0,0,0,0,0,0,0,0,0,0,0,0,0,1
data/audio_wav/142/142043.wav,143,1,1,0,0,0,1,0,0,1,0,0,0,0,0,0,0,0,0,0,0,0,0,1
data/audio_wav/142/142044.wav,143,1,1,0,0,0,1,0,0,1,0,0,0,0,0,0,0,0,0,0,0,0,0,1
data/audio_wav/142/142045.wav,143,1,1,0,0,0,1,0,0,1,0,0,0,0,0,0,0,0,0,0,0,0,0,1
data/audio_wav/142/142046.wav,143,1,1,0,0,0,1,0,0,1,0,0,0,0,0,0,0,0,0,0,0,0,0,1
data/audio_wav/142/142047.wav,143,1,1,0,0,0,1,0,0,1,0,0,0,0,0,0,0,0,0,0,0,0,0,1
data/audio_wav/142/142048.wav,143,1,1,0,0,0,1,0,0,1,0,0,0,0,0,0,0,0,0,0,0,0,0,1
data/audio_wav/142/142049.wav,143,1,1,0,0,0,1,0,0,1,0,0,0,0,0,0,0,0,0,0,0,0,0,1
data/audio_wav/143/143000.wav,144,1,1,0,0,0,1,0,0,0,1,1,0,0,0,0,0,0,0,0,0,0,0,0
data/audio_wav/143/143001.wav,144,1,1,0,0,0,1,0,0,0,1,1,0,0,0,0,0,0,0,0,0,0,0,0
data/audio_wav/143/143002.wav,144,1,1,0,0,0,1,0,0,0,1,1,0,0,0,0,0,0,0,0,0,0,0,0
data/audio_wav/143/143003.wav,144,1,1,0,0,0,1,0,0,0,1,1,0,0,0,0,0,0,0,0,0,0,0,0
data/audio_wav/143/143004.wav,144,1,1,0,0,0,1,0,0,0,1,1,0,0,0,0,0,0,0,0,0,0,0,0
data/audio_wav/143/143005.wav,144,1,1,0,0,0,1,0,0,0,1,1,0,0,0,0,0,0,0,0,0,0,0,0
data/audio_wav/143/143006.wav,144,1,1,0,0,0,1,0,0,0,1,1,0,0,0,0,0,0,0,0,0,0,0,0
data/audio_wav/143/143007.wav,144,1,1,0,0,0,1,0,0,0,1,1,0,0,0,0,0,0,0,0,0,0,0,0
data/audio_wav/143/143008.wav,144,1,1,0,0,0,1,0,0,0,1,1,0,0,0,0,0,0,0,0,0,0,0,0
data/audio_wav/143/143009.wav,144,1,1,0,0,0,1,0,0,0,1,1,0,0,0,0,0,0,0,0,0,0,0,0
data/audio_wav/143/143010.wav,144,1,1,0,0,0,1,0,0,0,1,1,0,0,0,0,0,0,0,0,0,0,0,0
data/audio_wav/143/143011.wav,144,1,1,0,0,0,1,0,0,0,1,1,0,0,0,0,0,0,0,0,0,0,0,0
data/audio_wav/143/143012.wav,144,1,1,0,0,0,1,0,0,0,1,1,0,0,0,0,0,0,0,0,0,0,0,0
data/audio_wav/143/143013.wav,144,1,1,0,0,0,1,0,0,0,1,1,0,0,0,0,0,0,0,0,0,0,0,0
data/audio_wav/143/143014.wav,144,1,1,0,0,0,1,0,0,0,1,1,0,0,0,0,0,0,0,0,0,0,0,0
data/audio_wav/143/143015.wav,144,1,1,0,0,0,1,0,0,0,1,1,0,0,0,0,0,0,0,0,0,0,0,0
data/audio_wav/143/143016.wav,144,1,1,0,0,0,1,0,0,0,1,1,0,0,0,0,0,0,0,0,0,0,0,0
data/audio_wav/143/143017.wav,144,1,1,0,0,0,1,0,0,0,1,1,0,0,0,0,0,0,0,0,0,0,0,0
data/audio_wav/143/143018.wav,144,1,1,0,0,0,1,0,0,0,1,1,0,0,0,0,0,0,0,0,0,0,0,0
data/audio_wav/143/143019.wav,144,1,1,0,0,0,1,0,0,0,1,1,0,0,0,0,0,0,0,0,0,0,0,0
data/audio_wav/143/143020.wav,144,1,1,0,0,0,1,0,0,0,1,1,0,0,0,0,0,0,0,0,0,0,0,0
data/audio_wav/143/143021.wav,144,1,1,0,0,0,1,0,0,0,1,1,0,0,0,0,0,0,0,0,0,0,0,0
data/audio_wav/143/143022.wav,144,1,1,0,0,0,1,0,0,0,1,1,0,0,0,0,0,0,0,0,0,0,0,0
data/audio_wav/143/143023.wav,144,1,1,0,0,0,1,0,0,0,1,1,0,0,0,0,0,0,0,0,0,0,0,0
data/audio_wav/143/143024.wav,144,1,1,0,0,0,1,0,0,0,1,1,0,0,0,0,0,0,0,0,0,0,0,0
data/audio_wav/143/143025.wav,144,1,1,0,0,0,1,0,0,0,1,1,0,0,0,0,0,0,0,0,0,0,0,0
data/audio_wav/143/143026.wav,144,1,1,0,0,0,1,0,0,0,1,1,0,0,0,0,0,0,0,0,0,0,0,0
data/audio_wav/143/143027.wav,144,1,1,0,0,0,1,0,0,0,1,1,0,0,0,0,0,0,0,0,0,0,0,0
data/audio_wav/143/143028.wav,144,1,1,0,0,0,1,0,0,0,1,1,0,0,0,0,0,0,0,0,0,0,0,0
data/audio_wav/143/143029.wav,144,1,1,0,0,0,1,0,0,0,1,1,0,0,0,0,0,0,0,0,0,0,0,0
data/audio_wav/143/143030.wav,144,1,1,0,0,0,1,0,0,0,1,1,0,0,0,0,0,0,0,0,0,0,0,0
data/audio_wav/143/143031.wav,144,1,1,0,0,0,1,0,0,0,1,1,0,0,0,0,0,0,0,0,0,0,0,0
data/audio_wav/143/143032.wav,144,1,1,0,0,0,1,0,0,0,1,1,0,0,0,0,0,0,0,0,0,0,0,0
data/audio_wav/143/143033.wav,144,1,1,0,0,0,1,0,0,0,1,1,0,0,0,0,0,0,0,0,0,0,0,0
data/audio_wav/143/143034.wav,144,1,1,0,0,0,1,0,0,0,1,1,0,0,0,0,0,0,0,0,0,0,0,0
data/audio_wav/143/143035.wav,144,1,1,0,0,0,1,0,0,0,1,1,0,0,0,0,0,0,0,0,0,0,0,0
data/audio_wav/143/143036.wav,144,1,1,0,0,0,1,0,0,0,1,1,0,0,0,0,0,0,0,0,0,0,0,0
data/audio_wav/143/143037.wav,144,1,1,0,0,0,1,0,0,0,1,1,0,0,0,0,0,0,0,0,0,0,0,0
data/audio_wav/143/143038.wav,144,1,1,0,0,0,1,0,0,0,1,1,0,0,0,0,0,0,0,0,0,0,0,0
data/audio_wav/143/143039.wav,144,1,1,0,0,0,1,0,0,0,1,1,0,0,0,0,0,0,0,0,0,0,0,0
data/audio_wav/143/143040.wav,144,1,1,0,0,0,1,0,0,0,1,1,0,0,0,0,0,0,0,0,0,0,0,0
data/audio_wav/143/143041.wav,144,1,1,0,0,0,1,0,0,0,1,1,0,0,0,0,0,0,0,0,0,0,0,0
data/audio_wav/143/143042.wav,144,1,1,0,0,0,1,0,0,0,1,1,0,0,0,0,0,0,0,0,0,0,0,0
data/audio_wav/143/143043.wav,144,1,1,0,0,0,1,0,0,0,1,1,0,0,0,0,0,0,0,0,0,0,0,0
data/audio_wav/143/143044.wav,144,1,1,0,0,0,1,0,0,0,1,1,0,0,0,0,0,0,0,0,0,0,0,0
data/audio_wav/143/143045.wav,144,1,1,0,0,0,1,0,0,0,1,1,0,0,0,0,0,0,0,0,0,0,0,0
data/audio_wav/143/143046.wav,144,1,1,0,0,0,1,0,0,0,1,1,0,0,0,0,0,0,0,0,0,0,0,0
data/audio_wav/143/143047.wav,144,1,1,0,0,0,1,0,0,0,1,1,0,0,0,0,0,0,0,0,0,0,0,0
data/audio_wav/143/143048.wav,144,1,1,0,0,0,1,0,0,0,1,1,0,0,0,0,0,0,0,0,0,0,0,0
data/audio_wav/143/143049.wav,144,1,1,0,0,0,1,0,0,0,1,1,0,0,0,0,0,0,0,0,0,0,0,0
data/audio_wav/144/144000.wav,145,1,1,0,0,0,1,0,0,0,1,0,1,0,0,0,0,0,0,0,0,0,0,0
data/audio_wav/144/144001.wav,145,1,1,0,0,0,1,0,0,0,1,0,1,0,0,0,0,0,0,0,0,0,0,0
data/audio_wav/144/144002.wav,145,1,1,0,0,0,1,0,0,0,1,0,1,0,0,0,0,0,0,0,0,0,0,0
data/audio_wav/144/144003.wav,145,1,1,0,0,0,1,0,0,0,1,0,1,0,0,0,0,0,0,0,0,0,0,0
data/audio_wav/144/144004.wav,145,1,1,0,0,0,1,0,0,0,1,0,1,0,0,0,0,0,0,0,0,0,0,0
data/audio_wav/144/144005.wav,145,1,1,0,0,0,1,0,0,0,1,0,1,0,0,0,0,0,0,0,0,0,0,0
data/audio_wav/144/144006.wav,145,1,1,0,0,0,1,0,0,0,1,0,1,0,0,0,0,0,0,0,0,0,0,0
data/audio_wav/144/144007.wav,145,1,1,0,0,0,1,0,0,0,1,0,1,0,0,0,0,0,0,0,0,0,0,0
data/audio_wav/144/144008.wav,145,1,1,0,0,0,1,0,0,0,1,0,1,0,0,0,0,0,0,0,0,0,0,0
data/audio_wav/144/144009.wav,145,1,1,0,0,0,1,0,0,0,1,0,1,0,0,0,0,0,0,0,0,0,0,0
data/audio_wav/144/144010.wav,145,1,1,0,0,0,1,0,0,0,1,0,1,0,0,0,0,0,0,0,0,0,0,0
data/audio_wav/144/144011.wav,145,1,1,0,0,0,1,0,0,0,1,0,1,0,0,0,0,0,0,0,0,0,0,0
data/audio_wav/144/144012.wav,145,1,1,0,0,0,1,0,0,0,1,0,1,0,0,0,0,0,0,0,0,0,0,0
data/audio_wav/144/144013.wav,145,1,1,0,0,0,1,0,0,0,1,0,1,0,0,0,0,0,0,0,0,0,0,0
data/audio_wav/144/144014.wav,145,1,1,0,0,0,1,0,0,0,1,0,1,0,0,0,0,0,0,0,0,0,0,0
data/audio_wav/144/144015.wav,145,1,1,0,0,0,1,0,0,0,1,0,1,0,0,0,0,0,0,0,0,0,0,0
data/audio_wav/144/144016.wav,145,1,1,0,0,0,1,0,0,0,1,0,1,0,0,0,0,0,0,0,0,0,0,0
data/audio_wav/144/144017.wav,145,1,1,0,0,0,1,0,0,0,1,0,1,0,0,0,0,0,0,0,0,0,0,0
data/audio_wav/144/144018.wav,145,1,1,0,0,0,1,0,0,0,1,0,1,0,0,0,0,0,0,0,0,0,0,0
data/audio_wav/144/144019.wav,145,1,1,0,0,0,1,0,0,0,1,0,1,0,0,0,0,0,0,0,0,0,0,0
data/audio_wav/144/144020.wav,145,1,1,0,0,0,1,0,0,0,1,0,1,0,0,0,0,0,0,0,0,0,0,0
data/audio_wav/144/144021.wav,145,1,1,0,0,0,1,0,0,0,1,0,1,0,0,0,0,0,0,0,0,0,0,0
data/audio_wav/144/144022.wav,145,1,1,0,0,0,1,0,0,0,1,0,1,0,0,0,0,0,0,0,0,0,0,0
data/audio_wav/144/144023.wav,145,1,1,0,0,0,1,0,0,0,1,0,1,0,0,0,0,0,0,0,0,0,0,0
data/audio_wav/144/144024.wav,145,1,1,0,0,0,1,0,0,0,1,0,1,0,0,0,0,0,0,0,0,0,0,0
data/audio_wav/144/144025.wav,145,1,1,0,0,0,1,0,0,0,1,0,1,0,0,0,0,0,0,0,0,0,0,0
data/audio_wav/144/144026.wav,145,1,1,0,0,0,1,0,0,0,1,0,1,0,0,0,0,0,0,0,0,0,0,0
data/audio_wav/144/144027.wav,145,1,1,0,0,0,1,0,0,0,1,0,1,0,0,0,0,0,0,0,0,0,0,0
data/audio_wav/144/144028.wav,145,1,1,0,0,0,1,0,0,0,1,0,1,0,0,0,0,0,0,0,0,0,0,0
data/audio_wav/144/144029.wav,145,1,1,0,0,0,1,0,0,0,1,0,1,0,0,0,0,0,0,0,0,0,0,0
data/audio_wav/144/144030.wav,145,1,1,0,0,0,1,0,0,0,1,0,1,0,0,0,0,0,0,0,0,0,0,0
data/audio_wav/144/144031.wav,145,1,1,0,0,0,1,0,0,0,1,0,1,0,0,0,0,0,0,0,0,0,0,0
data/audio_wav/144/144032.wav,145,1,1,0,0,0,1,0,0,0,1,0,1,0,0,0,0,0,0,0,0,0,0,0
data/audio_wav/144/144033.wav,145,1,1,0,0,0,1,0,0,0,1,0,1,0,0,0,0,0,0,0,0,0,0,0
data/audio_wav/144/144034.wav,145,1,1,0,0,0,1,0,0,0,1,0,1,0,0,0,0,0,0,0,0,0,0,0
data/audio_wav/144/144035.wav,145,1,1,0,0,0,1,0,0,0,1,0,1,0,0,0,0,0,0,0,0,0,0,0
data/audio_wav/144/144036.wav,145,1,1,0,0,0,1,0,0,0,1,0,1,0,0,0,0,0,0,0,0,0,0,0
data/audio_wav/144/144037.wav,145,1,1,0,0,0,1,0,0,0,1,0,1,0,0,0,0,0,0,0,0,0,0,0
data/audio_wav/144/144038.wav,145,1,1,0,0,0,1,0,0,0,1,0,1,0,0,0,0,0,0,0,0,0,0,0
data/audio_wav/144/144039.wav,145,1,1,0,0,0,1,0,0,0,1,0,1,0,0,0,0,0,0,0,0,0,0,0
data/audio_wav/144/144040.wav,145,1,1,0,0,0,1,0,0,0,1,0,1,0,0,0,0,0,0,0,0,0,0,0
data/audio_wav/144/144041.wav,145,1,1,0,0,0,1,0,0,0,1,0,1,0,0,0,0,0,0,0,0,0,0,0
data/audio_wav/144/144042.wav,145,1,1,0,0,0,1,0,0,0,1,0,1,0,0,0,0,0,0,0,0,0,0,0
data/audio_wav/144/144043.wav,145,1,1,0,0,0,1,0,0,0,1,0,1,0,0,0,0,0,0,0,0,0,0,0
data/audio_wav/144/144044.wav,145,1,1,0,0,0,1,0,0,0,1,0,1,0,0,0,0,0,0,0,0,0,0,0
data/audio_wav/144/144045.wav,145,1,1,0,0,0,1,0,0,0,1,0,1,0,0,0,0,0,0,0,0,0,0,0
data/audio_wav/144/144046.wav,145,1,1,0,0,0,1,0,0,0,1,0,1,0,0,0,0,0,0,0,0,0,0,0
data/audio_wav/144/144047.wav,145,1,1,0,0,0,1,0,0,0,1,0,1,0,0,0,0,0,0,0,0,0,0,0
data/audio_wav/144/144048.wav,145,1,1,0,0,0,1,0,0,0,1,0,1,0,0,0,0,0,0,0,0,0,0,0
data/audio_wav/144/144049.wav,145,1,1,0,0,0,1,0,0,0,1,0,1,0,0,0,0,0,0,0,0,0,0,0
data/audio_wav/145/145000.wav,146,1,1,0,0,0,1,0,0,0,1,0,0,1,0,0,0,0,0,0,0,0,0,0
data/audio_wav/145/145001.wav,146,1,1,0,0,0,1,0,0,0,1,0,0,1,0,0,0,0,0,0,0,0,0,0
data/audio_wav/145/145002.wav,146,1,1,0,0,0,1,0,0,0,1,0,0,1,0,0,0,0,0,0,0,0,0,0
data/audio_wav/145/145003.wav,146,1,1,0,0,0,1,0,0,0,1,0,0,1,0,0,0,0,0,0,0,0,0,0
data/audio_wav/145/145004.wav,146,1,1,0,0,0,1,0,0,0,1,0,0,1,0,0,0,0,0,0,0,0,0,0
data/audio_wav/145/145005.wav,146,1,1,0,0,0,1,0,0,0,1,0,0,1,0,0,0,0,0,0,0,0,0,0
data/audio_wav/145/145006.wav,146,1,1,0,0,0,1,0,0,0,1,0,0,1,0,0,0,0,0,0,0,0,0,0
data/audio_wav/145/145007.wav,146,1,1,0,0,0,1,0,0,0,1,0,0,1,0,0,0,0,0,0,0,0,0,0
data/audio_wav/145/145008.wav,146,1,1,0,0,0,1,0,0,0,1,0,0,1,0,0,0,0,0,0,0,0,0,0
data/audio_wav/145/145009.wav,146,1,1,0,0,0,1,0,0,0,1,0,0,1,0,0,0,0,0,0,0,0,0,0
data/audio_wav/145/145010.wav,146,1,1,0,0,0,1,0,0,0,1,0,0,1,0,0,0,0,0,0,0,0,0,0
data/audio_wav/145/145011.wav,146,1,1,0,0,0,1,0,0,0,1,0,0,1,0,0,0,0,0,0,0,0,0,0
data/audio_wav/145/145012.wav,146,1,1,0,0,0,1,0,0,0,1,0,0,1,0,0,0,0,0,0,0,0,0,0
data/audio_wav/145/145013.wav,146,1,1,0,0,0,1,0,0,0,1,0,0,1,0,0,0,0,0,0,0,0,0,0
data/audio_wav/145/145014.wav,146,1,1,0,0,0,1,0,0,0,1,0,0,1,0,0,0,0,0,0,0,0,0,0
data/audio_wav/145/145015.wav,146,1,1,0,0,0,1,0,0,0,1,0,0,1,0,0,0,0,0,0,0,0,0,0
data/audio_wav/145/145016.wav,146,1,1,0,0,0,1,0,0,0,1,0,0,1,0,0,0,0,0,0,0,0,0,0
data/audio_wav/145/145017.wav,146,1,1,0,0,0,1,0,0,0,1,0,0,1,0,0,0,0,0,0,0,0,0,0
data/audio_wav/145/145018.wav,146,1,1,0,0,0,1,0,0,0,1,0,0,1,0,0,0,0,0,0,0,0,0,0
data/audio_wav/145/145019.wav,146,1,1,0,0,0,1,0,0,0,1,0,0,1,0,0,0,0,0,0,0,0,0,0
data/audio_wav/145/145020.wav,146,1,1,0,0,0,1,0,0,0,1,0,0,1,0,0,0,0,0,0,0,0,0,0
data/audio_wav/145/145021.wav,146,1,1,0,0,0,1,0,0,0,1,0,0,1,0,0,0,0,0,0,0,0,0,0
data/audio_wav/145/145022.wav,146,1,1,0,0,0,1,0,0,0,1,0,0,1,0,0,0,0,0,0,0,0,0,0
data/audio_wav/145/145023.wav,146,1,1,0,0,0,1,0,0,0,1,0,0,1,0,0,0,0,0,0,0,0,0,0
data/audio_wav/145/145024.wav,146,1,1,0,0,0,1,0,0,0,1,0,0,1,0,0,0,0,0,0,0,0,0,0
data/audio_wav/145/145025.wav,146,1,1,0,0,0,1,0,0,0,1,0,0,1,0,0,0,0,0,0,0,0,0,0
data/audio_wav/145/145026.wav,146,1,1,0,0,0,1,0,0,0,1,0,0,1,0,0,0,0,0,0,0,0,0,0
data/audio_wav/145/145027.wav,146,1,1,0,0,0,1,0,0,0,1,0,0,1,0,0,0,0,0,0,0,0,0,0
data/audio_wav/145/145028.wav,146,1,1,0,0,0,1,0,0,0,1,0,0,1,0,0,0,0,0,0,0,0,0,0
data/audio_wav/145/145029.wav,146,1,1,0,0,0,1,0,0,0,1,0,0,1,0,0,0,0,0,0,0,0,0,0
data/audio_wav/145/145030.wav,146,1,1,0,0,0,1,0,0,0,1,0,0,1,0,0,0,0,0,0,0,0,0,0
data/audio_wav/145/145031.wav,146,1,1,0,0,0,1,0,0,0,1,0,0,1,0,0,0,0,0,0,0,0,0,0
data/audio_wav/145/145032.wav,146,1,1,0,0,0,1,0,0,0,1,0,0,1,0,0,0,0,0,0,0,0,0,0
data/audio_wav/145/145033.wav,146,1,1,0,0,0,1,0,0,0,1,0,0,1,0,0,0,0,0,0,0,0,0,0
data/audio_wav/145/145034.wav,146,1,1,0,0,0,1,0,0,0,1,0,0,1,0,0,0,0,0,0,0,0,0,0
data/audio_wav/145/145035.wav,146,1,1,0,0,0,1,0,0,0,1,0,0,1,0,0,0,0,0,0,0,0,0,0
data/audio_wav/145/145036.wav,146,1,1,0,0,0,1,0,0,0,1,0,0,1,0,0,0,0,0,0,0,0,0,0
data/audio_wav/145/145037.wav,146,1,1,0,0,0,1,0,0,0,1,0,0,1,0,0,0,0,0,0,0,0,0,0
data/audio_wav/145/145038.wav,146,1,1,0,0,0,1,0,0,0,1,0,0,1,0,0,0,0,0,0,0,0,0,0
data/audio_wav/145/145039.wav,146,1,1,0,0,0,1,0,0,0,1,0,0,1,0,0,0,0,0,0,0,0,0,0
data/audio_wav/145/145040.wav,146,1,1,0,0,0,1,0,0,0,1,0,0,1,0,0,0,0,0,0,0,0,0,0
data/audio_wav/145/145041.wav,146,1,1,0,0,0,1,0,0,0,1,0,0,1,0,0,0,0,0,0,0,0,0,0
data/audio_wav/145/145042.wav,146,1,1,0,0,0,1,0,0,0,1,0,0,1,0,0,0,0,0,0,0,0,0,0
data/audio_wav/145/145043.wav,146,1,1,0,0,0,1,0,0,0,1,0,0,1,0,0,0,0,0,0,0,0,0,0
data/audio_wav/145/145044.wav,146,1,1,0,0,0,1,0,0,0,1,0,0,1,0,0,0,0,0,0,0,0,0,0
data/audio_wav/145/145045.wav,146,1,1,0,0,0,1,0,0,0,1,0,0,1,0,0,0,0,0,0,0,0,0,0
data/audio_wav/145/145046.wav,146,1,1,0,0,0,1,0,0,0,1,0,0,1,0,0,0,0,0,0,0,0,0,0
data/audio_wav/145/145047.wav,146,1,1,0,0,0,1,0,0,0,1,0,0,1,0,0,0,0,0,0,0,0,0,0
data/audio_wav/145/145048.wav,146,1,1,0,0,0,1,0,0,0,1,0,0,1,0,0,0,0,0,0,0,0,0,0
data/audio_wav/145/145049.wav,146,1,1,0,0,0,1,0,0,0,1,0,0,1,0,0,0,0,0,0,0,0,0,0
data/audio_wav/146/146000.wav,147,1,1,0,0,0,1,0,0,0,1,0,0,0,1,0,0,0,0,0,0,0,0,0
data/audio_wav/146/146001.wav,147,1,1,0,0,0,1,0,0,0,1,0,0,0,1,0,0,0,0,0,0,0,0,0
data/audio_wav/146/146002.wav,147,1,1,0,0,0,1,0,0,0,1,0,0,0,1,0,0,0,0,0,0,0,0,0
data/audio_wav/146/146003.wav,147,1,1,0,0,0,1,0,0,0,1,0,0,0,1,0,0,0,0,0,0,0,0,0
data/audio_wav/146/146004.wav,147,1,1,0,0,0,1,0,0,0,1,0,0,0,1,0,0,0,0,0,0,0,0,0
data/audio_wav/146/146005.wav,147,1,1,0,0,0,1,0,0,0,1,0,0,0,1,0,0,0,0,0,0,0,0,0
data/audio_wav/146/146006.wav,147,1,1,0,0,0,1,0,0,0,1,0,0,0,1,0,0,0,0,0,0,0,0,0
data/audio_wav/146/146007.wav,147,1,1,0,0,0,1,0,0,0,1,0,0,0,1,0,0,0,0,0,0,0,0,0
data/audio_wav/146/146008.wav,147,1,1,0,0,0,1,0,0,0,1,0,0,0,1,0,0,0,0,0,0,0,0,0
data/audio_wav/146/146009.wav,147,1,1,0,0,0,1,0,0,0,1,0,0,0,1,0,0,0,0,0,0,0,0,0
data/audio_wav/146/146010.wav,147,1,1,0,0,0,1,0,0,0,1,0,0,0,1,0,0,0,0,0,0,0,0,0
data/audio_wav/146/146011.wav,147,1,1,0,0,0,1,0,0,0,1,0,0,0,1,0,0,0,0,0,0,0,0,0
data/audio_wav/146/146012.wav,147,1,1,0,0,0,1,0,0,0,1,0,0,0,1,0,0,0,0,0,0,0,0,0
data/audio_wav/146/146013.wav,147,1,1,0,0,0,1,0,0,0,1,0,0,0,1,0,0,0,0,0,0,0,0,0
data/audio_wav/146/146014.wav,147,1,1,0,0,0,1,0,0,0,1,0,0,0,1,0,0,0,0,0,0,0,0,0
data/audio_wav/146/146015.wav,147,1,1,0,0,0,1,0,0,0,1,0,0,0,1,0,0,0,0,0,0,0,0,0
data/audio_wav/146/146016.wav,147,1,1,0,0,0,1,0,0,0,1,0,0,0,1,0,0,0,0,0,0,0,0,0
data/audio_wav/146/146017.wav,147,1,1,0,0,0,1,0,0,0,1,0,0,0,1,0,0,0,0,0,0,0,0,0
data/audio_wav/146/146018.wav,147,1,1,0,0,0,1,0,0,0,1,0,0,0,1,0,0,0,0,0,0,0,0,0
data/audio_wav/146/146019.wav,147,1,1,0,0,0,1,0,0,0,1,0,0,0,1,0,0,0,0,0,0,0,0,0
data/audio_wav/146/146020.wav,147,1,1,0,0,0,1,0,0,0,1,0,0,0,1,0,0,0,0,0,0,0,0,0
data/audio_wav/146/146021.wav,147,1,1,0,0,0,1,0,0,0,1,0,0,0,1,0,0,0,0,0,0,0,0,0
data/audio_wav/146/146022.wav,147,1,1,0,0,0,1,0,0,0,1,0,0,0,1,0,0,0,0,0,0,0,0,0
data/audio_wav/146/146023.wav,147,1,1,0,0,0,1,0,0,0,1,0,0,0,1,0,0,0,0,0,0,0,0,0
data/audio_wav/146/146024.wav,147,1,1,0,0,0,1,0,0,0,1,0,0,0,1,0,0,0,0,0,0,0,0,0
data/audio_wav/146/146025.wav,147,1,1,0,0,0,1,0,0,0,1,0,0,0,1,0,0,0,0,0,0,0,0,0
data/audio_wav/146/146026.wav,147,1,1,0,0,0,1,0,0,0,1,0,0,0,1,0,0,0,0,0,0,0,0,0
data/audio_wav/146/146027.wav,147,1,1,0,0,0,1,0,0,0,1,0,0,0,1,0,0,0,0,0,0,0,0,0
data/audio_wav/146/146028.wav,147,1,1,0,0,0,1,0,0,0,1,0,0,0,1,0,0,0,0,0,0,0,0,0
data/audio_wav/146/146029.wav,147,1,1,0,0,0,1,0,0,0,1,0,0,0,1,0,0,0,0,0,0,0,0,0
data/audio_wav/146/146030.wav,147,1,1,0,0,0,1,0,0,0,1,0,0,0,1,0,0,0,0,0,0,0,0,0
data/audio_wav/146/146031.wav,147,1,1,0,0,0,1,0,0,0,1,0,0,0,1,0,0,0,0,0,0,0,0,0
data/audio_wav/146/146032.wav,147,1,1,0,0,0,1,0,0,0,1,0,0,0,1,0,0,0,0,0,0,0,0,0
data/audio_wav/146/146033.wav,147,1,1,0,0,0,1,0,0,0,1,0,0,0,1,0,0,0,0,0,0,0,0,0
data/audio_wav/146/146034.wav,147,1,1,0,0,0,1,0,0,0,1,0,0,0,1,0,0,0,0,0,0,0,0,0
data/audio_wav/146/146035.wav,147,1,1,0,0,0,1,0,0,0,1,0,0,0,1,0,0,0,0,0,0,0,0,0
data/audio_wav/146/146036.wav,147,1,1,0,0,0,1,0,0,0,1,0,0,0,1,0,0,0,0,0,0,0,0,0
data/audio_wav/146/146037.wav,147,1,1,0,0,0,1,0,0,0,1,0,0,0,1,0,0,0,0,0,0,0,0,0
data/audio_wav/146/146038.wav,147,1,1,0,0,0,1,0,0,0,1,0,0,0,1,0,0,0,0,0,0,0,0,0
data/audio_wav/146/146039.wav,147,1,1,0,0,0,1,0,0,0,1,0,0,0,1,0,0,0,0,0,0,0,0,0
data/audio_wav/146/146040.wav,147,1,1,0,0,0,1,0,0,0,1,0,0,0,1,0,0,0,0,0,0,0,0,0
data/audio_wav/146/146041.wav,147,1,1,0,0,0,1,0,0,0,1,0,0,0,1,0,0,0,0,0,0,0,0,0
data/audio_wav/146/146042.wav,147,1,1,0,0,0,1,0,0,0,1,0,0,0,1,0,0,0,0,0,0,0,0,0
data/audio_wav/146/146043.wav,147,1,1,0,0,0,1,0,0,0,1,0,0,0,1,0,0,0,0,0,0,0,0,0
data/audio_wav/146/146044.wav,147,1,1,0,0,0,1,0,0,0,1,0,0,0,1,0,0,0,0,0,0,0,0,0
data/audio_wav/146/146045.wav,147,1,1,0,0,0,1,0,0,0,1,0,0,0,1,0,0,0,0,0,0,0,0,0
data/audio_wav/146/146046.wav,147,1,1,0,0,0,1,0,0,0,1,0,0,0,1,0,0,0,0,0,0,0,0,0
data/audio_wav/146/146047.wav,147,1,1,0,0,0,1,0,0,0,1,0,0,0,1,0,0,0,0,0,0,0,0,0
data/audio_wav/146/146048.wav,147,1,1,0,0,0,1,0,0,0,1,0,0,0,1,0,0,0,0,0,0,0,0,0
data/audio_wav/146/146049.wav,147,1,1,0,0,0,1,0,0,0,1,0,0,0,1,0,0,0,0,0,0,0,0,0
data/audio_wav/147/147000.wav,148,1,1,0,0,0,1,0,0,0,1,0,0,0,0,1,0,0,0,0,0,0,0,0
data/audio_wav/147/147001.wav,148,1,1,0,0,0,1,0,0,0,1,0,0,0,0,1,0,0,0,0,0,0,0,0
data/audio_wav/147/147002.wav,148,1,1,0,0,0,1,0,0,0,1,0,0,0,0,1,0,0,0,0,0,0,0,0
data/audio_wav/147/147003.wav,148,1,1,0,0,0,1,0,0,0,1,0,0,0,0,1,0,0,0,0,0,0,0,0
data/audio_wav/147/147004.wav,148,1,1,0,0,0,1,0,0,0,1,0,0,0,0,1,0,0,0,0,0,0,0,0
data/audio_wav/147/147005.wav,148,1,1,0,0,0,1,0,0,0,1,0,0,0,0,1,0,0,0,0,0,0,0,0
data/audio_wav/147/147006.wav,148,1,1,0,0,0,1,0,0,0,1,0,0,0,0,1,0,0,0,0,0,0,0,0
data/audio_wav/147/147007.wav,148,1,1,0,0,0,1,0,0,0,1,0,0,0,0,1,0,0,0,0,0,0,0,0
data/audio_wav/147/147008.wav,148,1,1,0,0,0,1,0,0,0,1,0,0,0,0,1,0,0,0,0,0,0,0,0
data/audio_wav/147/147009.wav,148,1,1,0,0,0,1,0,0,0,1,0,0,0,0,1,0,0,0,0,0,0,0,0
data/audio_wav/147/147010.wav,148,1,1,0,0,0,1,0,0,0,1,0,0,0,0,1,0,0,0,0,0,0,0,0
data/audio_wav/147/147011.wav,148,1,1,0,0,0,1,0,0,0,1,0,0,0,0,1,0,0,0,0,0,0,0,0
data/audio_wav/147/147012.wav,148,1,1,0,0,0,1,0,0,0,1,0,0,0,0,1,0,0,0,0,0,0,0,0
data/audio_wav/147/147013.wav,148,1,1,0,0,0,1,0,0,0,1,0,0,0,0,1,0,0,0,0,0,0,0,0
data/audio_wav/147/147014.wav,148,1,1,0,0,0,1,0,0,0,1,0,0,0,0,1,0,0,0,0,0,0,0,0
data/audio_wav/147/147015.wav,148,1,1,0,0,0,1,0,0,0,1,0,0,0,0,1,0,0,0,0,0,0,0,0
data/audio_wav/147/147016.wav,148,1,1,0,0,0,1,0,0,0,1,0,0,0,0,1,0,0,0,0,0,0,0,0
data/audio_wav/147/147017.wav,148,1,1,0,0,0,1,0,0,0,1,0,0,0,0,1,0,0,0,0,0,0,0,0
data/audio_wav/147/147018.wav,148,1,1,0,0,0,1,0,0,0,1,0,0,0,0,1,0,0,0,0,0,0,0,0
data/audio_wav/147/147019.wav,148,1,1,0,0,0,1,0,0,0,1,0,0,0,0,1,0,0,0,0,0,0,0,0
data/audio_wav/147/147020.wav,148,1,1,0,0,0,1,0,0,0,1,0,0,0,0,1,0,0,0,0,0,0,0,0
data/audio_wav/147/147021.wav,148,1,1,0,0,0,1,0,0,0,1,0,0,0,0,1,0,0,0,0,0,0,0,0
data/audio_wav/147/147022.wav,148,1,1,0,0,0,1,0,0,0,1,0,0,0,0,1,0,0,0,0,0,0,0,0
data/audio_wav/147/147023.wav,148,1,1,0,0,0,1,0,0,0,1,0,0,0,0,1,0,0,0,0,0,0,0,0
data/audio_wav/147/147024.wav,148,1,1,0,0,0,1,0,0,0,1,0,0,0,0,1,0,0,0,0,0,0,0,0
data/audio_wav/147/147025.wav,148,1,1,0,0,0,1,0,0,0,1,0,0,0,0,1,0,0,0,0,0,0,0,0
data/audio_wav/147/147026.wav,148,1,1,0,0,0,1,0,0,0,1,0,0,0,0,1,0,0,0,0,0,0,0,0
data/audio_wav/147/147027.wav,148,1,1,0,0,0,1,0,0,0,1,0,0,0,0,1,0,0,0,0,0,0,0,0
data/audio_wav/147/147028.wav,148,1,1,0,0,0,1,0,0,0,1,0,0,0,0,1,0,0,0,0,0,0,0,0
data/audio_wav/147/147029.wav,148,1,1,0,0,0,1,0,0,0,1,0,0,0,0,1,0,0,0,0,0,0,0,0
data/audio_wav/147/147030.wav,148,1,1,0,0,0,1,0,0,0,1,0,0,0,0,1,0,0,0,0,0,0,0,0
data/audio_wav/147/147031.wav,148,1,1,0,0,0,1,0,0,0,1,0,0,0,0,1,0,0,0,0,0,0,0,0
data/audio_wav/147/147032.wav,148,1,1,0,0,0,1,0,0,0,1,0,0,0,0,1,0,0,0,0,0,0,0,0
data/audio_wav/147/147033.wav,148,1,1,0,0,0,1,0,0,0,1,0,0,0,0,1,0,0,0,0,0,0,0,0
data/audio_wav/147/147034.wav,148,1,1,0,0,0,1,0,0,0,1,0,0,0,0,1,0,0,0,0,0,0,0,0
data/audio_wav/147/147035.wav,148,1,1,0,0,0,1,0,0,0,1,0,0,0,0,1,0,0,0,0,0,0,0,0
data/audio_wav/147/147036.wav,148,1,1,0,0,0,1,0,0,0,1,0,0,0,0,1,0,0,0,0,0,0,0,0
data/audio_wav/147/147037.wav,148,1,1,0,0,0,1,0,0,0,1,0,0,0,0,1,0,0,0,0,0,0,0,0
data/audio_wav/147/147038.wav,148,1,1,0,0,0,1,0,0,0,1,0,0,0,0,1,0,0,0,0,0,0,0,0
data/audio_wav/147/147039.wav,148,1,1,0,0,0,1,0,0,0,1,0,0,0,0,1,0,0,0,0,0,0,0,0
data/audio_wav/147/147040.wav,148,1,1,0,0,0,1,0,0,0,1,0,0,0,0,1,0,0,0,0,0,0,0,0
data/audio_wav/147/147041.wav,148,1,1,0,0,0,1,0,0,0,1,0,0,0,0,1,0,0,0,0,0,0,0,0
data/audio_wav/147/147042.wav,148,1,1,0,0,0,1,0,0,0,1,0,0,0,0,1,0,0,0,0,0,0,0,0
data/audio_wav/147/147043.wav,148,1,1,0,0,0,1,0,0,0,1,0,0,0,0,1,0,0,0,0,0,0,0,0
data/audio_wav/147/147044.wav,148,1,1,0,0,0,1,0,0,0,1,0,0,0,0,1,0,0,0,0,0,0,0,0
data/audio_wav/147/147045.wav,148,1,1,0,0,0,1,0,0,0,1,0,0,0,0,1,0,0,0,0,0,0,0,0
data/audio_wav/147/147046.wav,148,1,1,0,0,0,1,0,0,0,1,0,0,0,0,1,0,0,0,0,0,0,0,0
data/audio_wav/147/147047.wav,148,1,1,0,0,0,1,0,0,0,1,0,0,0,0,1,0,0,0,0,0,0,0,0
data/audio_wav/147/147048.wav,148,1,1,0,0,0,1,0,0,0,1,0,0,0,0,1,0,0,0,0,0,0,0,0
data/audio_wav/147/147049.wav,148,1,1,0,0,0,1,0,0,0,1,0,0,0,0,1,0,0,0,0,0,0,0,0
data/audio_wav/148/148000.wav,149,1,1,0,0,0,1,0,0,0,1,0,0,0,0,0,1,0,0,0,0,0,0,0
data/audio_wav/148/148001.wav,149,1,1,0,0,0,1,0,0,0,1,0,0,0,0,0,1,0,0,0,0,0,0,0
data/audio_wav/148/148002.wav,149,1,1,0,0,0,1,0,0,0,1,0,0,0,0,0,1,0,0,0,0,0,0,0
data/audio_wav/148/148003.wav,149,1,1,0,0,0,1,0,0,0,1,0,0,0,0,0,1,0,0,0,0,0,0,0
data/audio_wav/148/148004.wav,149,1,1,0,0,0,1,0,0,0,1,0,0,0,0,0,1,0,0,0,0,0,0,0
data/audio_wav/148/148005.wav,149,1,1,0,0,0,1,0,0,0,1,0,0,0,0,0,1,0,0,0,0,0,0,0
data/audio_wav/148/148006.wav,149,1,1,0,0,0,1,0,0,0,1,0,0,0,0,0,1,0,0,0,0,0,0,0
data/audio_wav/148/148007.wav,149,1,1,0,0,0,1,0,0,0,1,0,0,0,0,0,1,0,0,0,0,0,0,0
data/audio_wav/148/148008.wav,149,1,1,0,0,0,1,0,0,0,1,0,0,0,0,0,1,0,0,0,0,0,0,0
data/audio_wav/148/148009.wav,149,1,1,0,0,0,1,0,0,0,1,0,0,0,0,0,1,0,0,0,0,0,0,0
data/audio_wav/148/148010.wav,149,1,1,0,0,0,1,0,0,0,1,0,0,0,0,0,1,0,0,0,0,0,0,0
data/audio_wav/148/148011.wav,149,1,1,0,0,0,1,0,0,0,1,0,0,0,0,0,1,0,0,0,0,0,0,0
data/audio_wav/148/148012.wav,149,1,1,0,0,0,1,0,0,0,1,0,0,0,0,0,1,0,0,0,0,0,0,0
data/audio_wav/148/148013.wav,149,1,1,0,0,0,1,0,0,0,1,0,0,0,0,0,1,0,0,0,0,0,0,0
data/audio_wav/148/148014.wav,149,1,1,0,0,0,1,0,0,0,1,0,0,0,0,0,1,0,0,0,0,0,0,0
data/audio_wav/148/148015.wav,149,1,1,0,0,0,1,0,0,0,1,0,0,0,0,0,1,0,0,0,0,0,0,0
data/audio_wav/148/148016.wav,149,1,1,0,0,0,1,0,0,0,1,0,0,0,0,0,1,0,0,0,0,0,0,0
data/audio_wav/148/148017.wav,149,1,1,0,0,0,1,0,0,0,1,0,0,0,0,0,1,0,0,0,0,0,0,0
data/audio_wav/148/148018.wav,149,1,1,0,0,0,1,0,0,0,1,0,0,0,0,0,1,0,0,0,0,0,0,0
data/audio_wav/148/148019.wav,149,1,1,0,0,0,1,0,0,0,1,0,0,0,0,0,1,0,0,0,0,0,0,0
data/audio_wav/148/148020.wav,149,1,1,0,0,0,1,0,0,0,1,0,0,0,0,0,1,0,0,0,0,0,0,0
data/audio_wav/148/148021.wav,149,1,1,0,0,0,1,0,0,0,1,0,0,0,0,0,1,0,0,0,0,0,0,0
data/audio_wav/148/148022.wav,149,1,1,0,0,0,1,0,0,0,1,0,0,0,0,0,1,0,0,0,0,0,0,0
data/audio_wav/148/148023.wav,149,1,1,0,0,0,1,0,0,0,1,0,0,0,0,0,1,0,0,0,0,0,0,0
data/audio_wav/148/148024.wav,149,1,1,0,0,0,1,0,0,0,1,0,0,0,0,0,1,0,0,0,0,0,0,0
data/audio_wav/148/148025.wav,149,1,1,0,0,0,1,0,0,0,1,0,0,0,0,0,1,0,0,0,0,0,0,0
data/audio_wav/148/148026.wav,149,1,1,0,0,0,1,0,0,0,1,0,0,0,0,0,1,0,0,0,0,0,0,0
data/audio_wav/148/148027.wav,149,1,1,0,0,0,1,0,0,0,1,0,0,0,0,0,1,0,0,0,0,0,0,0
data/audio_wav/148/148028.wav,149,1,1,0,0,0,1,0,0,0,1,0,0,0,0,0,1,0,0,0,0,0,0,0
data/audio_wav/148/148029.wav,149,1,1,0,0,0,1,0,0,0,1,0,0,0,0,0,1,0,0,0,0,0,0,0
data/audio_wav/148/148030.wav,149,1,1,0,0,0,1,0,0,0,1,0,0,0,0,0,1,0,0,0,0,0,0,0
data/audio_wav/148/148031.wav,149,1,1,0,0,0,1,0,0,0,1,0,0,0,0,0,1,0,0,0,0,0,0,0
data/audio_wav/148/148032.wav,149,1,1,0,0,0,1,0,0,0,1,0,0,0,0,0,1,0,0,0,0,0,0,0
data/audio_wav/148/148033.wav,149,1,1,0,0,0,1,0,0,0,1,0,0,0,0,0,1,0,0,0,0,0,0,0
data/audio_wav/148/148034.wav,149,1,1,0,0,0,1,0,0,0,1,0,0,0,0,0,1,0,0,0,0,0,0,0
data/audio_wav/148/148035.wav,149,1,1,0,0,0,1,0,0,0,1,0,0,0,0,0,1,0,0,0,0,0,0,0
data/audio_wav/148/148036.wav,149,1,1,0,0,0,1,0,0,0,1,0,0,0,0,0,1,0,0,0,0,0,0,0
data/audio_wav/148/148037.wav,149,1,1,0,0,0,1,0,0,0,1,0,0,0,0,0,1,0,0,0,0,0,0,0
data/audio_wav/148/148038.wav,149,1,1,0,0,0,1,0,0,0,1,0,0,0,0,0,1,0,0,0,0,0,0,0
data/audio_wav/148/148039.wav,149,1,1,0,0,0,1,0,0,0,1,0,0,0,0,0,1,0,0,0,0,0,0,0
data/audio_wav/148/148040.wav,149,1,1,0,0,0,1,0,0,0,1,0,0,0,0,0,1,0,0,0,0,0,0,0
data/audio_wav/148/148041.wav,149,1,1,0,0,0,1,0,0,0,1,0,0,0,0,0,1,0,0,0,0,0,0,0
data/audio_wav/148/148042.wav,149,1,1,0,0,0,1,0,0,0,1,0,0,0,0,0,1,0,0,0,0,0,0,0
data/audio_wav/148/148043.wav,149,1,1,0,0,0,1,0,0,0,1,0,0,0,0,0,1,0,0,0,0,0,0,0
data/audio_wav/148/148044.wav,149,1,1,0,0,0,1,0,0,0,1,0,0,0,0,0,1,0,0,0,0,0,0,0
data/audio_wav/148/148045.wav,149,1,1,0,0,0,1,0,0,0,1,0,0,0,0,0,1,0,0,0,0,0,0,0
data/audio_wav/148/148046.wav,149,1,1,0,0,0,1,0,0,0,1,0,0,0,0,0,1,0,0,0,0,0,0,0
data/audio_wav/148/148047.wav,149,1,1,0,0,0,1,0,0,0,1,0,0,0,0,0,1,0,0,0,0,0,0,0
data/audio_wav/148/148048.wav,149,1,1,0,0,0,1,0,0,0,1,0,0,0,0,0,1,0,0,0,0,0,0,0
data/audio_wav/148/148049.wav,149,1,1,0,0,0,1,0,0,0,1,0,0,0,0,0,1,0,0,0,0,0,0,0
data/audio_wav/149/149000.wav,150,1,1,0,0,0,1,0,0,0,1,0,0,0,0,0,0,1,0,0,0,0,0,0
data/audio_wav/149/149001.wav,150,1,1,0,0,0,1,0,0,0,1,0,0,0,0,0,0,1,0,0,0,0,0,0
data/audio_wav/149/149002.wav,150,1,1,0,0,0,1,0,0,0,1,0,0,0,0,0,0,1,0,0,0,0,0,0
data/audio_wav/149/149003.wav,150,1,1,0,0,0,1,0,0,0,1,0,0,0,0,0,0,1,0,0,0,0,0,0
data/audio_wav/149/149004.wav,150,1,1,0,0,0,1,0,0,0,1,0,0,0,0,0,0,1,0,0,0,0,0,0
data/audio_wav/149/149005.wav,150,1,1,0,0,0,1,0,0,0,1,0,0,0,0,0,0,1,0,0,0,0,0,0
data/audio_wav/149/149006.wav,150,1,1,0,0,0,1,0,0,0,1,0,0,0,0,0,0,1,0,0,0,0,0,0
data/audio_wav/149/149007.wav,150,1,1,0,0,0,1,0,0,0,1,0,0,0,0,0,0,1,0,0,0,0,0,0
data/audio_wav/149/149008.wav,150,1,1,0,0,0,1,0,0,0,1,0,0,0,0,0,0,1,0,0,0,0,0,0
data/audio_wav/149/149009.wav,150,1,1,0,0,0,1,0,0,0,1,0,0,0,0,0,0,1,0,0,0,0,0,0
data/audio_wav/149/149010.wav,150,1,1,0,0,0,1,0,0,0,1,0,0,0,0,0,0,1,0,0,0,0,0,0
data/audio_wav/149/149011.wav,150,1,1,0,0,0,1,0,0,0,1,0,0,0,0,0,0,1,0,0,0,0,0,0
data/audio_wav/149/149012.wav,150,1,1,0,0,0,1,0,0,0,1,0,0,0,0,0,0,1,0,0,0,0,0,0
data/audio_wav/149/149013.wav,150,1,1,0,0,0,1,0,0,0,1,0,0,0,0,0,0,1,0,0,0,0,0,0
data/audio_wav/149/149014.wav,150,1,1,0,0,0,1,0,0,0,1,0,0,0,0,0,0,1,0,0,0,0,0,0
data/audio_wav/149/149015.wav,150,1,1,0,0,0,1,0,0,0,1,0,0,0,0,0,0,1,0,0,0,0,0,0
data/audio_wav/149/149016.wav,150,1,1,0,0,0,1,0,0,0,1,0,0,0,0,0,0,1,0,0,0,0,0,0
data/audio_wav/149/149017.wav,150,1,1,0,0,0,1,0,0,0,1,0,0,0,0,0,0,1,0,0,0,0,0,0
data/audio_wav/149/149018.wav,150,1,1,0,0,0,1,0,0,0,1,0,0,0,0,0,0,1,0,0,0,0,0,0
data/audio_wav/149/149019.wav,150,1,1,0,0,0,1,0,0,0,1,0,0,0,0,0,0,1,0,0,0,0,0,0
data/audio_wav/149/149020.wav,150,1,1,0,0,0,1,0,0,0,1,0,0,0,0,0,0,1,0,0,0,0,0,0
data/audio_wav/149/149021.wav,150,1,1,0,0,0,1,0,0,0,1,0,0,0,0,0,0,1,0,0,0,0,0,0
data/audio_wav/149/149022.wav,150,1,1,0,0,0,1,0,0,0,1,0,0,0,0,0,0,1,0,0,0,0,0,0
data/audio_wav/149/149023.wav,150,1,1,0,0,0,1,0,0,0,1,0,0,0,0,0,0,1,0,0,0,0,0,0
data/audio_wav/149/149024.wav,150,1,1,0,0,0,1,0,0,0,1,0,0,0,0,0,0,1,0,0,0,0,0,0
data/audio_wav/149/149025.wav,150,1,1,0,0,0,1,0,0,0,1,0,0,0,0,0,0,1,0,0,0,0,0,0
data/audio_wav/149/149026.wav,150,1,1,0,0,0,1,0,0,0,1,0,0,0,0,0,0,1,0,0,0,0,0,0
data/audio_wav/149/149027.wav,150,1,1,0,0,0,1,0,0,0,1,0,0,0,0,0,0,1,0,0,0,0,0,0
data/audio_wav/149/149028.wav,150,1,1,0,0,0,1,0,0,0,1,0,0,0,0,0,0,1,0,0,0,0,0,0
data/audio_wav/149/149029.wav,150,1,1,0,0,0,1,0,0,0,1,0,0,0,0,0,0,1,0,0,0,0,0,0
data/audio_wav/149/149030.wav,150,1,1,0,0,0,1,0,0,0,1,0,0,0,0,0,0,1,0,0,0,0,0,0
data/audio_wav/149/149031.wav,150,1,1,0,0,0,1,0,0,0,1,0,0,0,0,0,0,1,0,0,0,0,0,0
data/audio_wav/149/149032.wav,150,1,1,0,0,0,1,0,0,0,1,0,0,0,0,0,0,1,0,0,0,0,0,0
data/audio_wav/149/149033.wav,150,1,1,0,0,0,1,0,0,0,1,0,0,0,0,0,0,1,0,0,0,0,0,0
data/audio_wav/149/149034.wav,150,1,1,0,0,0,1,0,0,0,1,0,0,0,0,0,0,1,0,0,0,0,0,0
data/audio_wav/149/149035.wav,150,1,1,0,0,0,1,0,0,0,1,0,0,0,0,0,0,1,0,0,0,0,0,0
data/audio_wav/149/149036.wav,150,1,1,0,0,0,1,0,0,0,1,0,0,0,0,0,0,1,0,0,0,0,0,0
data/audio_wav/149/149037.wav,150,1,1,0,0,0,1,0,0,0,1,0,0,0,0,0,0,1,0,0,0,0,0,0
data/audio_wav/149/149038.wav,150,1,1,0,0,0,1,0,0,0,1,0,0,0,0,0,0,1,0,0,0,0,0,0
data/audio_wav/149/149039.wav,150,1,1,0,0,0,1,0,0,0,1,0,0,0,0,0,0,1,0,0,0,0,0,0
data/audio_wav/149/149040.wav,150,1,1,0,0,0,1,0,0,0,1,0,0,0,0,0,0,1,0,0,0,0,0,0
data/audio_wav/149/149041.wav,150,1,1,0,0,0,1,0,0,0,1,0,0,0,0,0,0,1,0,0,0,0,0,0
data/audio_wav/149/149042.wav,150,1,1,0,0,0,1,0,0,0,1,0,0,0,0,0,0,1,0,0,0,0,0,0
data/audio_wav/149/149043.wav,150,1,1,0,0,0,1,0,0,0,1,0,0,0,0,0,0,1,0,0,0,0,0,0
data/audio_wav/149/149044.wav,150,1,1,0,0,0,1,0,0,0,1,0,0,0,0,0,0,1,0,0,0,0,0,0
data/audio_wav/149/149045.wav,150,1,1,0,0,0,1,0,0,0,1,0,0,0,0,0,0,1,0,0,0,0,0,0
data/audio_wav/149/149046.wav,150,1,1,0,0,0,1,0,0,0,1,0,0,0,0,0,0,1,0,0,0,0,0,0
data/audio_wav/149/149047.wav,150,1,1,0,0,0,1,0,0,0,1,0,0,0,0,0,0,1,0,0,0,0,0,0
data/audio_wav/149/149048.wav,150,1,1,0,0,0,1,0,0,0,1,0,0,0,0,0,0,1,0,0,0,0,0,0
data/audio_wav/149/149049.wav,150,1,1,0,0,0,1,0,0,0,1,0,0,0,0,0,0,1,0,0,0,0,0,0
data/audio_wav/150/150000.wav,151,0,0,0,0,0,1,0,0,0,1,0,0,0,0,0,0,0,1,0,0,0,0,0
data/audio_wav/150/150001.wav,151,0,0,0,0,0,1,0,0,0,1,0,0,0,0,0,0,0,1,0,0,0,0,0
data/audio_wav/150/150002.wav,151,0,0,0,0,0,1,0,0,0,1,0,0,0,0,0,0,0,1,0,0,0,0,0
data/audio_wav/150/150003.wav,151,0,0,0,0,0,1,0,0,0,1,0,0,0,0,0,0,0,1,0,0,0,0,0
data/audio_wav/150/150004.wav,151,0,0,0,0,0,1,0,0,0,1,0,0,0,0,0,0,0,1,0,0,0,0,0
data/audio_wav/150/150005.wav,151,0,0,0,0,0,1,0,0,0,1,0,0,0,0,0,0,0,1,0,0,0,0,0
data/audio_wav/150/150006.wav,151,0,0,0,0,0,1,0,0,0,1,0,0,0,0,0,0,0,1,0,0,0,0,0
data/audio_wav/150/150007.wav,151,0,0,0,0,0,1,0,0,0,1,0,0,0,0,0,0,0,1,0,0,0,0,0
data/audio_wav/150/150008.wav,151,0,0,0,0,0,1,0,0,0,1,0,0,0,0,0,0,0,1,0,0,0,0,0
data/audio_wav/150/150009.wav,151,0,0,0,0,0,1,0,0,0,1,0,0,0,0,0,0,0,1,0,0,0,0,0
data/audio_wav/150/150010.wav,151,0,0,0,0,0,1,0,0,0,1,0,0,0,0,0,0,0,1,0,0,0,0,0
data/audio_wav/150/150011.wav,151,0,0,0,0,0,1,0,0,0,1,0,0,0,0,0,0,0,1,0,0,0,0,0
data/audio_wav/150/150012.wav,151,0,0,0,0,0,1,0,0,0,1,0,0,0,0,0,0,0,1,0,0,0,0,0
data/audio_wav/150/150013.wav,151,0,0,0,0,0,1,0,0,0,1,0,0,0,0,0,0,0,1,0,0,0,0,0
data/audio_wav/150/150014.wav,151,0,0,0,0,0,1,0,0,0,1,0,0,0,0,0,0,0,1,0,0,0,0,0
data/audio_wav/150/150015.wav,151,0,0,0,0,0,1,0,0,0,1,0,0,0,0,0,0,0,1,0,0,0,0,0
data/audio_wav/150/150016.wav,151,0,0,0,0,0,1,0,0,0,1,0,0,0,0,0,0,0,1,0,0,0,0,0
data/audio_wav/150/150017.wav,151,0,0,0,0,0,1,0,0,0,1,0,0,0,0,0,0,0,1,0,0,0,0,0
data/audio_wav/150/150018.wav,151,0,0,0,0,0,1,0,0,0,1,0,0,0,0,0,0,0,1,0,0,0,0,0
data/audio_wav/150/150019.wav,151,0,0,0,0,0,1,0,0,0,1,0,0,0,0,0,0,0,1,0,0,0,0,0
data/audio_wav/150/150020.wav,151,0,0,0,0,0,1,0,0,0,1,0,0,0,0,0,0,0,1,0,0,0,0,0
data/audio_wav/150/150021.wav,151,0,0,0,0,0,1,0,0,0,1,0,0,0,0,0,0,0,1,0,0,0,0,0
data/audio_wav/150/150022.wav,151,0,0,0,0,0,1,0,0,0,1,0,0,0,0,0,0,0,1,0,0,0,0,0
data/audio_wav/150/150023.wav,151,0,0,0,0,0,1,0,0,0,1,0,0,0,0,0,0,0,1,0,0,0,0,0
data/audio_wav/150/150024.wav,151,0,0,0,0,0,1,0,0,0,1,0,0,0,0,0,0,0,1,0,0,0,0,0
data/audio_wav/150/150025.wav,151,0,0,0,0,0,1,0,0,0,1,0,0,0,0,0,0,0,1,0,0,0,0,0
data/audio_wav/150/150026.wav,151,0,0,0,0,0,1,0,0,0,1,0,0,0,0,0,0,0,1,0,0,0,0,0
data/audio_wav/150/150027.wav,151,0,0,0,0,0,1,0,0,0,1,0,0,0,0,0,0,0,1,0,0,0,0,0
data/audio_wav/150/150028.wav,151,0,0,0,0,0,1,0,0,0,1,0,0,0,0,0,0,0,1,0,0,0,0,0
data/audio_wav/150/150029.wav,151,0,0,0,0,0,1,0,0,0,1,0,0,0,0,0,0,0,1,0,0,0,0,0
data/audio_wav/150/150030.wav,151,0,0,0,0,0,1,0,0,0,1,0,0,0,0,0,0,0,1,0,0,0,0,0
data/audio_wav/150/150031.wav,151,0,0,0,0,0,1,0,0,0,1,0,0,0,0,0,0,0,1,0,0,0,0,0
data/audio_wav/150/150032.wav,151,0,0,0,0,0,1,0,0,0,1,0,0,0,0,0,0,0,1,0,0,0,0,0
data/audio_wav/150/150033.wav,151,0,0,0,0,0,1,0,0,0,1,0,0,0,0,0,0,0,1,0,0,0,0,0
data/audio_wav/150/150034.wav,151,0,0,0,0,0,1,0,0,0,1,0,0,0,0,0,0,0,1,0,0,0,0,0
data/audio_wav/150/150035.wav,151,0,0,0,0,0,1,0,0,0,1,0,0,0,0,0,0,0,1,0,0,0,0,0
data/audio_wav/150/150036.wav,151,0,0,0,0,0,1,0,0,0,1,0,0,0,0,0,0,0,1,0,0,0,0,0
data/audio_wav/150/150037.wav,151,0,0,0,0,0,1,0,0,0,1,0,0,0,0,0,0,0,1,0,0,0,0,0
data/audio_wav/150/150038.wav,151,0,0,0,0,0,1,0,0,0,1,0,0,0,0,0,0,0,1,0,0,0,0,0
data/audio_wav/150/150039.wav,151,0,0,0,0,0,1,0,0,0,1,0,0,0,0,0,0,0,1,0,0,0,0,0
data/audio_wav/150/150040.wav,151,0,0,0,0,0,1,0,0,0,1,0,0,0,0,0,0,0,1,0,0,0,0,0
data/audio_wav/150/150041.wav,151,0,0,0,0,0,1,0,0,0,1,0,0,0,0,0,0,0,1,0,0,0,0,0
data/audio_wav/150/150042.wav,151,0,0,0,0,0,1,0,0,0,1,0,0,0,0,0,0,0,1,0,0,0,0,0
data/audio_wav/150/150043.wav,151,0,0,0,0,0,1,0,0,0,1,0,0,0,0,0,0,0,1,0,0,0,0,0
data/audio_wav/150/150044.wav,151,0,0,0,0,0,1,0,0,0,1,0,0,0,0,0,0,0,1,0,0,0,0,0
data/audio_wav/150/150045.wav,151,0,0,0,0,0,1,0,0,0,1,0,0,0,0,0,0,0,1,0,0,0,0,0
data/audio_wav/150/150046.wav,151,0,0,0,0,0,1,0,0,0,1,0,0,0,0,0,0,0,1,0,0,0,0,0
data/audio_wav/150/150047.wav,151,0,0,0,0,0,1,0,0,0,1,0,0,0,0,0,0,0,1,0,0,0,0,0
data/audio_wav/150/150048.wav,151,0,0,0,0,0,1,0,0,0,1,0,0,0,0,0,0,0,1,0,0,0,0,0
data/audio_wav/150/150049.wav,151,0,0,0,0,0,1,0,0,0,1,0,0,0,0,0,0,0,1,0,0,0,0,0
data/audio_wav/151/151000.wav,152,0,0,0,0,0,1,0,0,0,1,0,0,0,0,0,0,0,0,1,0,0,0,0
data/audio_wav/151/151001.wav,152,0,0,0,0,0,1,0,0,0,1,0,0,0,0,0,0,0,0,1,0,0,0,0
data/audio_wav/151/151002.wav,152,0,0,0,0,0,1,0,0,0,1,0,0,0,0,0,0,0,0,1,0,0,0,0
data/audio_wav/151/151003.wav,152,0,0,0,0,0,1,0,0,0,1,0,0,0,0,0,0,0,0,1,0,0,0,0
data/audio_wav/151/151004.wav,152,0,0,0,0,0,1,0,0,0,1,0,0,0,0,0,0,0,0,1,0,0,0,0
data/audio_wav/151/151005.wav,152,0,0,0,0,0,1,0,0,0,1,0,0,0,0,0,0,0,0,1,0,0,0,0
data/audio_wav/151/151006.wav,152,0,0,0,0,0,1,0,0,0,1,0,0,0,0,0,0,0,0,1,0,0,0,0
data/audio_wav/151/151007.wav,152,0,0,0,0,0,1,0,0,0,1,0,0,0,0,0,0,0,0,1,0,0,0,0
data/audio_wav/151/151008.wav,152,0,0,0,0,0,1,0,0,0,1,0,0,0,0,0,0,0,0,1,0,0,0,0
data/audio_wav/151/151009.wav,152,0,0,0,0,0,1,0,0,0,1,0,0,0,0,0,0,0,0,1,0,0,0,0
data/audio_wav/151/151010.wav,152,0,0,0,0,0,1,0,0,0,1,0,0,0,0,0,0,0,0,1,0,0,0,0
data/audio_wav/151/151011.wav,152,0,0,0,0,0,1,0,0,0,1,0,0,0,0,0,0,0,0,1,0,0,0,0
data/audio_wav/151/151012.wav,152,0,0,0,0,0,1,0,0,0,1,0,0,0,0,0,0,0,0,1,0,0,0,0
data/audio_wav/151/151013.wav,152,0,0,0,0,0,1,0,0,0,1,0,0,0,0,0,0,0,0,1,0,0,0,0
data/audio_wav/151/151014.wav,152,0,0,0,0,0,1,0,0,0,1,0,0,0,0,0,0,0,0,1,0,0,0,0
data/audio_wav/151/151015.wav,152,0,0,0,0,0,1,0,0,0,1,0,0,0,0,0,0,0,0,1,0,0,0,0
data/audio_wav/151/151016.wav,152,0,0,0,0,0,1,0,0,0,1,0,0,0,0,0,0,0,0,1,0,0,0,0
data/audio_wav/151/151017.wav,152,0,0,0,0,0,1,0,0,0,1,0,0,0,0,0,0,0,0,1,0,0,0,0
data/audio_wav/151/151018.wav,152,0,0,0,0,0,1,0,0,0,1,0,0,0,0,0,0,0,0,1,0,0,0,0
data/audio_wav/151/151019.wav,152,0,0,0,0,0,1,0,0,0,1,0,0,0,0,0,0,0,0,1,0,0,0,0
data/audio_wav/151/151020.wav,152,0,0,0,0,0,1,0,0,0,1,0,0,0,0,0,0,0,0,1,0,0,0,0
data/audio_wav/151/151021.wav,152,0,0,0,0,0,1,0,0,0,1,0,0,0,0,0,0,0,0,1,0,0,0,0
data/audio_wav/151/151022.wav,152,0,0,0,0,0,1,0,0,0,1,0,0,0,0,0,0,0,0,1,0,0,0,0
data/audio_wav/151/151023.wav,152,0,0,0,0,0,1,0,0,0,1,0,0,0,0,0,0,0,0,1,0,0,0,0
data/audio_wav/151/151024.wav,152,0,0,0,0,0,1,0,0,0,1,0,0,0,0,0,0,0,0,1,0,0,0,0
data/audio_wav/151/151025.wav,152,0,0,0,0,0,1,0,0,0,1,0,0,0,0,0,0,0,0,1,0,0,0,0
data/audio_wav/151/151026.wav,152,0,0,0,0,0,1,0,0,0,1,0,0,0,0,0,0,0,0,1,0,0,0,0
data/audio_wav/151/151027.wav,152,0,0,0,0,0,1,0,0,0,1,0,0,0,0,0,0,0,0,1,0,0,0,0
data/audio_wav/151/151028.wav,152,0,0,0,0,0,1,0,0,0,1,0,0,0,0,0,0,0,0,1,0,0,0,0
data/audio_wav/151/151029.wav,152,0,0,0,0,0,1,0,0,0,1,0,0,0,0,0,0,0,0,1,0,0,0,0
data/audio_wav/151/151030.wav,152,0,0,0,0,0,1,0,0,0,1,0,0,0,0,0,0,0,0,1,0,0,0,0
data/audio_wav/151/151031.wav,152,0,0,0,0,0,1,0,0,0,1,0,0,0,0,0,0,0,0,1,0,0,0,0
data/audio_wav/151/151032.wav,152,0,0,0,0,0,1,0,0,0,1,0,0,0,0,0,0,0,0,1,0,0,0,0
data/audio_wav/151/151033.wav,152,0,0,0,0,0,1,0,0,0,1,0,0,0,0,0,0,0,0,1,0,0,0,0
data/audio_wav/151/151034.wav,152,0,0,0,0,0,1,0,0,0,1,0,0,0,0,0,0,0,0,1,0,0,0,0
data/audio_wav/151/151035.wav,152,0,0,0,0,0,1,0,0,0,1,0,0,0,0,0,0,0,0,1,0,0,0,0
data/audio_wav/151/151036.wav,152,0,0,0,0,0,1,0,0,0,1,0,0,0,0,0,0,0,0,1,0,0,0,0
data/audio_wav/151/151037.wav,152,0,0,0,0,0,1,0,0,0,1,0,0,0,0,0,0,0,0,1,0,0,0,0
data/audio_wav/151/151038.wav,152,0,0,0,0,0,1,0,0,0,1,0,0,0,0,0,0,0,0,1,0,0,0,0
data/audio_wav/151/151039.wav,152,0,0,0,0,0,1,0,0,0,1,0,0,0,0,0,0,0,0,1,0,0,0,0
data/audio_wav/151/151040.wav,152,0,0,0,0,0,1,0,0,0,1,0,0,0,0,0,0,0,0,1,0,0,0,0
data/audio_wav/151/151041.wav,152,0,0,0,0,0,1,0,0,0,1,0,0,0,0,0,0,0,0,1,0,0,0,0
data/audio_wav/151/151042.wav,152,0,0,0,0,0,1,0,0,0,1,0,0,0,0,0,0,0,0,1,0,0,0,0
data/audio_wav/151/151043.wav,152,0,0,0,0,0,1,0,0,0,1,0,0,0,0,0,0,0,0,1,0,0,0,0
data/audio_wav/151/151044.wav,152,0,0,0,0,0,1,0,0,0,1,0,0,0,0,0,0,0,0,1,0,0,0,0
data/audio_wav/151/151045.wav,152,0,0,0,0,0,1,0,0,0,1,0,0,0,0,0,0,0,0,1,0,0,0,0
data/audio_wav/151/151046.wav,152,0,0,0,0,0,1,0,0,0,1,0,0,0,0,0,0,0,0,1,0,0,0,0
data/audio_wav/151/151047.wav,152,0,0,0,0,0,1,0,0,0,1,0,0,0,0,0,0,0,0,1,0,0,0,0
data/audio_wav/151/151048.wav,152,0,0,0,0,0,1,0,0,0,1,0,0,0,0,0,0,0,0,1,0,0,0,0
data/audio_wav/151/151049.wav,152,0,0,0,0,0,1,0,0,0,1,0,0,0,0,0,0,0,0,1,0,0,0,0
data/audio_wav/152/152000.wav,153,1,1,0,0,0,1,0,0,0,1,0,0,0,0,0,0,0,0,0,1,0,0,0
data/audio_wav/152/152001.wav,153,1,1,0,0,0,1,0,0,0,1,0,0,0,0,0,0,0,0,0,1,0,0,0
data/audio_wav/152/152002.wav,153,1,1,0,0,0,1,0,0,0,1,0,0,0,0,0,0,0,0,0,1,0,0,0
data/audio_wav/152/152003.wav,153,1,1,0,0,0,1,0,0,0,1,0,0,0,0,0,0,0,0,0,1,0,0,0
data/audio_wav/152/152004.wav,153,1,1,0,0,0,1,0,0,0,1,0,0,0,0,0,0,0,0,0,1,0,0,0
data/audio_wav/152/152005.wav,153,1,1,0,0,0,1,0,0,0,1,0,0,0,0,0,0,0,0,0,1,0,0,0
data/audio_wav/152/152006.wav,153,1,1,0,0,0,1,0,0,0,1,0,0,0,0,0,0,0,0,0,1,0,0,0
data/audio_wav/152/152007.wav,153,1,1,0,0,0,1,0,0,0,1,0,0,0,0,0,0,0,0,0,1,0,0,0
data/audio_wav/152/152008.wav,153,1,1,0,0,0,1,0,0,0,1,0,0,0,0,0,0,0,0,0,1,0,0,0
data/audio_wav/152/152009.wav,153,1,1,0,0,0,1,0,0,0,1,0,0,0,0,0,0,0,0,0,1,0,0,0
data/audio_wav/152/152010.wav,153,1,1,0,0,0,1,0,0,0,1,0,0,0,0,0,0,0,0,0,1,0,0,0
data/audio_wav/152/152011.wav,153,1,1,0,0,0,1,0,0,0,1,0,0,0,0,0,0,0,0,0,1,0,0,0
data/audio_wav/152/152012.wav,153,1,1,0,0,0,1,0,0,0,1,0,0,0,0,0,0,0,0,0,1,0,0,0
data/audio_wav/152/152013.wav,153,1,1,0,0,0,1,0,0,0,1,0,0,0,0,0,0,0,0,0,1,0,0,0
data/audio_wav/152/152014.wav,153,1,1,0,0,0,1,0,0,0,1,0,0,0,0,0,0,0,0,0,1,0,0,0
data/audio_wav/152/152015.wav,153,1,1,0,0,0,1,0,0,0,1,0,0,0,0,0,0,0,0,0,1,0,0,0
data/audio_wav/152/152016.wav,153,1,1,0,0,0,1,0,0,0,1,0,0,0,0,0,0,0,0,0,1,0,0,0
data/audio_wav/152/152017.wav,153,1,1,0,0,0,1,0,0,0,1,0,0,0,0,0,0,0,0,0,1,0,0,0
data/audio_wav/152/152018.wav,153,1,1,0,0,0,1,0,0,0,1,0,0,0,0,0,0,0,0,0,1,0,0,0
data/audio_wav/152/152019.wav,153,1,1,0,0,0,1,0,0,0,1,0,0,0,0,0,0,0,0,0,1,0,0,0
data/audio_wav/152/152020.wav,153,1,1,0,0,0,1,0,0,0,1,0,0,0,0,0,0,0,0,0,1,0,0,0
data/audio_wav/152/152021.wav,153,1,1,0,0,0,1,0,0,0,1,0,0,0,0,0,0,0,0,0,1,0,0,0
data/audio_wav/152/152022.wav,153,1,1,0,0,0,1,0,0,0,1,0,0,0,0,0,0,0,0,0,1,0,0,0
data/audio_wav/152/152023.wav,153,1,1,0,0,0,1,0,0,0,1,0,0,0,0,0,0,0,0,0,1,0,0,0
data/audio_wav/152/152024.wav,153,1,1,0,0,0,1,0,0,0,1,0,0,0,0,0,0,0,0,0,1,0,0,0
data/audio_wav/152/152025.wav,153,1,1,0,0,0,1,0,0,0,1,0,0,0,0,0,0,0,0,0,1,0,0,0
data/audio_wav/152/152026.wav,153,1,1,0,0,0,1,0,0,0,1,0,0,0,0,0,0,0,0,0,1,0,0,0
data/audio_wav/152/152027.wav,153,1,1,0,0,0,1,0,0,0,1,0,0,0,0,0,0,0,0,0,1,0,0,0
data/audio_wav/152/152028.wav,153,1,1,0,0,0,1,0,0,0,1,0,0,0,0,0,0,0,0,0,1,0,0,0
data/audio_wav/152/152029.wav,153,1,1,0,0,0,1,0,0,0,1,0,0,0,0,0,0,0,0,0,1,0,0,0
data/audio_wav/152/152030.wav,153,1,1,0,0,0,1,0,0,0,1,0,0,0,0,0,0,0,0,0,1,0,0,0
data/audio_wav/152/152031.wav,153,1,1,0,0,0,1,0,0,0,1,0,0,0,0,0,0,0,0,0,1,0,0,0
data/audio_wav/152/152032.wav,153,1,1,0,0,0,1,0,0,0,1,0,0,0,0,0,0,0,0,0,1,0,0,0
data/audio_wav/152/152033.wav,153,1,1,0,0,0,1,0,0,0,1,0,0,0,0,0,0,0,0,0,1,0,0,0
data/audio_wav/152/152034.wav,153,1,1,0,0,0,1,0,0,0,1,0,0,0,0,0,0,0,0,0,1,0,0,0
data/audio_wav/152/152035.wav,153,1,1,0,0,0,1,0,0,0,1,0,0,0,0,0,0,0,0,0,1,0,0,0
data/audio_wav/152/152036.wav,153,1,1,0,0,0,1,0,0,0,1,0,0,0,0,0,0,0,0,0,1,0,0,0
data/audio_wav/152/152037.wav,153,1,1,0,0,0,1,0,0,0,1,0,0,0,0,0,0,0,0,0,1,0,0,0
data/audio_wav/152/152038.wav,153,1,1,0,0,0,1,0,0,0,1,0,0,0,0,0,0,0,0,0,1,0,0,0
data/audio_wav/152/152039.wav,153,1,1,0,0,0,1,0,0,0,1,0,0,0,0,0,0,0,0,0,1,0,0,0
data/audio_wav/152/152040.wav,153,1,1,0,0,0,1,0,0,0,1,0,0,0,0,0,0,0,0,0,1,0,0,0
data/audio_wav/152/152041.wav,153,1,1,0,0,0,1,0,0,0,1,0,0,0,0,0,0,0,0,0,1,0,0,0
data/audio_wav/152/152042.wav,153,1,1,0,0,0,1,0,0,0,1,0,0,0,0,0,0,0,0,0,1,0,0,0
data/audio_wav/152/152043.wav,153,1,1,0,0,0,1,0,0,0,1,0,0,0,0,0,0,0,0,0,1,0,0,0
data/audio_wav/152/152044.wav,153,1,1,0,0,0,1,0,0,0,1,0,0,0,0,0,0,0,0,0,1,0,0,0
data/audio_wav/152/152045.wav,153,1,1,0,0,0,1,0,0,0,1,0,0,0,0,0,0,0,0,0,1,0,0,0
data/audio_wav/152/152046.wav,153,1,1,0,0,0,1,0,0,0,1,0,0,0,0,0,0,0,0,0,1,0,0,0
data/audio_wav/152/152047.wav,153,1,1,0,0,0,1,0,0,0,1,0,0,0,0,0,0,0,0,0,1,0,0,0
data/audio_wav/152/152048.wav,153,1,1,0,0,0,1,0,0,0,1,0,0,0,0,0,0,0,0,0,1,0,0,0
data/audio_wav/152/152049.wav,153,1,1,0,0,0,1,0,0,0,1,0,0,0,0,0,0,0,0,0,1,0,0,0
data/audio_wav/153/153000.wav,154,1,2,0,0,0,1,0,0,0,1,0,0,0,0,0,0,0,0,0,0,1,0,0
data/audio_wav/153/153001.wav,154,1,2,0,0,0,1,0,0,0,1,0,0,0,0,0,0,0,0,0,0,1,0,0
data/audio_wav/153/153002.wav,154,1,2,0,0,0,1,0,0,0,1,0,0,0,0,0,0,0,0,0,0,1,0,0
data/audio_wav/153/153003.wav,154,1,2,0,0,0,1,0,0,0,1,0,0,0,0,0,0,0,0,0,0,1,0,0
data/audio_wav/153/153004.wav,154,1,2,0,0,0,1,0,0,0,1,0,0,0,0,0,0,0,0,0,0,1,0,0
data/audio_wav/153/153005.wav,154,1,2,0,0,0,1,0,0,0,1,0,0,0,0,0,0,0,0,0,0,1,0,0
data/audio_wav/153/153006.wav,154,1,2,0,0,0,1,0,0,0,1,0,0,0,0,0,0,0,0,0,0,1,0,0
data/audio_wav/153/153007.wav,154,1,2,0,0,0,1,0,0,0,1,0,0,0,0,0,0,0,0,0,0,1,0,0
data/audio_wav/153/153008.wav,154,1,2,0,0,0,1,0,0,0,1,0,0,0,0,0,0,0,0,0,0,1,0,0
data/audio_wav/153/153009.wav,154,1,2,0,0,0,1,0,0,0,1,0,0,0,0,0,0,0,0,0,0,1,0,0
data/audio_wav/153/153010.wav,154,1,2,0,0,0,1,0,0,0,1,0,0,0,0,0,0,0,0,0,0,1,0,0
data/audio_wav/153/153011.wav,154,1,2,0,0,0,1,0,0,0,1,0,0,0,0,0,0,0,0,0,0,1,0,0
data/audio_wav/153/153012.wav,154,1,2,0,0,0,1,0,0,0,1,0,0,0,0,0,0,0,0,0,0,1,0,0
data/audio_wav/153/153013.wav,154,1,2,0,0,0,1,0,0,0,1,0,0,0,0,0,0,0,0,0,0,1,0,0
data/audio_wav/153/153014.wav,154,1,2,0,0,0,1,0,0,0,1,0,0,0,0,0,0,0,0,0,0,1,0,0
data/audio_wav/153/153015.wav,154,1,2,0,0,0,1,0,0,0,1,0,0,0,0,0,0,0,0,0,0,1,0,0
data/audio_wav/153/153016.wav,154,1,2,0,0,0,1,0,0,0,1,0,0,0,0,0,0,0,0,0,0,1,0,0
data/audio_wav/153/153017.wav,154,1,2,0,0,0,1,0,0,0,1,0,0,0,0,0,0,0,0,0,0,1,0,0
data/audio_wav/153/153018.wav,154,1,2,0,0,0,1,0,0,0,1,0,0,0,0,0,0,0,0,0,0,1,0,0
data/audio_wav/153/153019.wav,154,1,2,0,0,0,1,0,0,0,1,0,0,0,0,0,0,0,0,0,0,1,0,0
data/audio_wav/153/153020.wav,154,1,2,0,0,0,1,0,0,0,1,0,0,0,0,0,0,0,0,0,0,1,0,0
data/audio_wav/153/153021.wav,154,1,2,0,0,0,1,0,0,0,1,0,0,0,0,0,0,0,0,0,0,1,0,0
data/audio_wav/153/153022.wav,154,1,2,0,0,0,1,0,0,0,1,0,0,0,0,0,0,0,0,0,0,1,0,0
data/audio_wav/153/153023.wav,154,1,2,0,0,0,1,0,0,0,1,0,0,0,0,0,0,0,0,0,0,1,0,0
data/audio_wav/153/153024.wav,154,1,2,0,0,0,1,0,0,0,1,0,0,0,0,0,0,0,0,0,0,1,0,0
data/audio_wav/153/153025.wav,154,1,2,0,0,0,1,0,0,0,1,0,0,0,0,0,0,0,0,0,0,1,0,0
data/audio_wav/153/153026.wav,154,1,2,0,0,0,1,0,0,0,1,0,0,0,0,0,0,0,0,0,0,1,0,0
data/audio_wav/153/153027.wav,154,1,2,0,0,0,1,0,0,0,1,0,0,0,0,0,0,0,0,0,0,1,0,0
data/audio_wav/153/153028.wav,154,1,2,0,0,0,1,0,0,0,1,0,0,0,0,0,0,0,0,0,0,1,0,0
data/audio_wav/153/153029.wav,154,1,2,0,0,0,1,0,0,0,1,0,0,0,0,0,0,0,0,0,0,1,0,0
data/audio_wav/153/153030.wav,154,1,2,0,0,0,1,0,0,0,1,0,0,0,0,0,0,0,0,0,0,1,0,0
data/audio_wav/153/153031.wav,154,1,2,0,0,0,1,0,0,0,1,0,0,0,0,0,0,0,0,0,0,1,0,0
data/audio_wav/153/153032.wav,154,1,2,0,0,0,1,0,0,0,1,0,0,0,0,0,0,0,0,0,0,1,0,0
data/audio_wav/153/153033.wav,154,1,2,0,0,0,1,0,0,0,1,0,0,0,0,0,0,0,0,0,0,1,0,0
data/audio_wav/153/153034.wav,154,1,2,0,0,0,1,0,0,0,1,0,0,0,0,0,0,0,0,0,0,1,0,0
data/audio_wav/153/153035.wav,154,1,2,0,0,0,1,0,0,0,1,0,0,0,0,0,0,0,0,0,0,1,0,0
data/audio_wav/153/153036.wav,154,1,2,0,0,0,1,0,0,0,1,0,0,0,0,0,0,0,0,0,0,1,0,0
data/audio_wav/153/153037.wav,154,1,2,0,0,0,1,0,0,0,1,0,0,0,0,0,0,0,0,0,0,1,0,0
data/audio_wav/153/153038.wav,154,1,2,0,0,0,1,0,0,0,1,0,0,0,0,0,0,0,0,0,0,1,0,0
data/audio_wav/153/153039.wav,154,1,2,0,0,0,1,0,0,0,1,0,0,0,0,0,0,0,0,0,0,1,0,0
data/audio_wav/153/153040.wav,154,1,2,0,0,0,1,0,0,0,1,0,0,0,0,0,0,0,0,0,0,1,0,0
data/audio_wav/153/153041.wav,154,1,2,0,0,0,1,0,0,0,1,0,0,0,0,0,0,0,0,0,0,1,0,0
data/audio_wav/153/153042.wav,154,1,2,0,0,0,1,0,0,0,1,0,0,0,0,0,0,0,0,0,0,1,0,0
data/audio_wav/153/153043.wav,154,1,2,0,0,0,1,0,0,0,1,0,0,0,0,0,0,0,0,0,0,1,0,0
data/audio_wav/153/153044.wav,154,1,2,0,0,0,1,0,0,0,1,0,0,0,0,0,0,0,0,0,0,1,0,0
data/audio_wav/153/153045.wav,154,1,2,0,0,0,1,0,0,0,1,0,0,0,0,0,0,0,0,0,0,1,0,0
data/audio_wav/153/153046.wav,154,1,2,0,0,0,1,0,0,0,1,0,0,0,0,0,0,0,0,0,0,1,0,0
data/audio_wav/153/153047.wav,154,1,2,0,0,0,1,0,0,0,1,0,0,0,0,0,0,0,0,0,0,1,0,0
data/audio_wav/153/153048.wav,154,1,2,0,0,0,1,0,0,0,1,0,0,0,0,0,0,0,0,0,0,1,0,0
data/audio_wav/153/153049.wav,154,1,2,0,0,0,1,0,0,0,1,0,0,0,0,0,0,0,0,0,0,1,0,0
data/audio_wav/154/154000.wav,155,1,2,0,0,0,1,0,0,0,1,0,0,0,0,0,0,0,0,0,0,0,1,0
data/audio_wav/154/154001.wav,155,1,2,0,0,0,1,0,0,0,1,0,0,0,0,0,0,0,0,0,0,0,1,0
data/audio_wav/154/154002.wav,155,1,2,0,0,0,1,0,0,0,1,0,0,0,0,0,0,0,0,0,0,0,1,0
data/audio_wav/154/154003.wav,155,1,2,0,0,0,1,0,0,0,1,0,0,0,0,0,0,0,0,0,0,0,1,0
data/audio_wav/154/154004.wav,155,1,2,0,0,0,1,0,0,0,1,0,0,0,0,0,0,0,0,0,0,0,1,0
data/audio_wav/154/154005.wav,155,1,2,0,0,0,1,0,0,0,1,0,0,0,0,0,0,0,0,0,0,0,1,0
data/audio_wav/154/154006.wav,155,1,2,0,0,0,1,0,0,0,1,0,0,0,0,0,0,0,0,0,0,0,1,0
data/audio_wav/154/154007.wav,155,1,2,0,0,0,1,0,0,0,1,0,0,0,0,0,0,0,0,0,0,0,1,0
data/audio_wav/154/154008.wav,155,1,2,0,0,0,1,0,0,0,1,0,0,0,0,0,0,0,0,0,0,0,1,0
data/audio_wav/154/154009.wav,155,1,2,0,0,0,1,0,0,0,1,0,0,0,0,0,0,0,0,0,0,0,1,0
data/audio_wav/154/154010.wav,155,1,2,0,0,0,1,0,0,0,1,0,0,0,0,0,0,0,0,0,0,0,1,0
data/audio_wav/154/154011.wav,155,1,2,0,0,0,1,0,0,0,1,0,0,0,0,0,0,0,0,0,0,0,1,0
data/audio_wav/154/154012.wav,155,1,2,0,0,0,1,0,0,0,1,0,0,0,0,0,0,0,0,0,0,0,1,0
data/audio_wav/154/154013.wav,155,1,2,0,0,0,1,0,0,0,1,0,0,0,0,0,0,0,0,0,0,0,1,0
data/audio_wav/154/154014.wav,155,1,2,0,0,0,1,0,0,0,1,0,0,0,0,0,0,0,0,0,0,0,1,0
data/audio_wav/154/154015.wav,155,1,2,0,0,0,1,0,0,0,1,0,0,0,0,0,0,0,0,0,0,0,1,0
data/audio_wav/154/154016.wav,155,1,2,0,0,0,1,0,0,0,1,0,0,0,0,0,0,0,0,0,0,0,1,0
data/audio_wav/154/154017.wav,155,1,2,0,0,0,1,0,0,0,1,0,0,0,0,0,0,0,0,0,0,0,1,0
data/audio_wav/154/154018.wav,155,1,2,0,0,0,1,0,0,0,1,0,0,0,0,0,0,0,0,0,0,0,1,0
data/audio_wav/154/154019.wav,155,1,2,0,0,0,1,0,0,0,1,0,0,0,0,0,0,0,0,0,0,0,1,0
data/audio_wav/154/154020.wav,155,1,2,0,0,0,1,0,0,0,1,0,0,0,0,0,0,0,0,0,0,0,1,0
data/audio_wav/154/154021.wav,155,1,2,0,0,0,1,0,0,0,1,0,0,0,0,0,0,0,0,0,0,0,1,0
data/audio_wav/154/154022.wav,155,1,2,0,0,0,1,0,0,0,1,0,0,0,0,0,0,0,0,0,0,0,1,0
data/audio_wav/154/154023.wav,155,1,2,0,0,0,1,0,0,0,1,0,0,0,0,0,0,0,0,0,0,0,1,0
data/audio_wav/154/154024.wav,155,1,2,0,0,0,1,0,0,0,1,0,0,0,0,0,0,0,0,0,0,0,1,0
data/audio_wav/154/154025.wav,155,1,2,0,0,0,1,0,0,0,1,0,0,0,0,0,0,0,0,0,0,0,1,0
data/audio_wav/154/154026.wav,155,1,2,0,0,0,1,0,0,0,1,0,0,0,0,0,0,0,0,0,0,0,1,0
data/audio_wav/154/154027.wav,155,1,2,0,0,0,1,0,0,0,1,0,0,0,0,0,0,0,0,0,0,0,1,0
data/audio_wav/154/154028.wav,155,1,2,0,0,0,1,0,0,0,1,0,0,0,0,0,0,0,0,0,0,0,1,0
data/audio_wav/154/154029.wav,155,1,2,0,0,0,1,0,0,0,1,0,0,0,0,0,0,0,0,0,0,0,1,0
data/audio_wav/154/154030.wav,155,1,2,0,0,0,1,0,0,0,1,0,0,0,0,0,0,0,0,0,0,0,1,0
data/audio_wav/154/154031.wav,155,1,2,0,0,0,1,0,0,0,1,0,0,0,0,0,0,0,0,0,0,0,1,0
data/audio_wav/154/154032.wav,155,1,2,0,0,0,1,0,0,0,1,0,0,0,0,0,0,0,0,0,0,0,1,0
data/audio_wav/154/154033.wav,155,1,2,0,0,0,1,0,0,0,1,0,0,0,0,0,0,0,0,0,0,0,1,0
data/audio_wav/154/154034.wav,155,1,2,0,0,0,1,0,0,0,1,0,0,0,0,0,0,0,0,0,0,0,1,0
data/audio_wav/154/154035.wav,155,1,2,0,0,0,1,0,0,0,1,0,0,0,0,0,0,0,0,0,0,0,1,0
data/audio_wav/154/154036.wav,155,1,2,0,0,0,1,0,0,0,1,0,0,0,0,0,0,0,0,0,0,0,1,0
data/audio_wav/154/154037.wav,155,1,2,0,0,0,1,0,0,0,1,0,0,0,0,0,0,0,0,0,0,0,1,0
data/audio_wav/154/154038.wav,155,1,2,0,0,0,1,0,0,0,1,0,0,0,0,0,0,0,0,0,0,0,1,0
data/audio_wav/154/154039.wav,155,1,2,0,0,0,1,0,0,0,1,0,0,0,0,0,0,0,0,0,0,0,1,0
data/audio_wav/154/154040.wav,155,1,2,0,0,0,1,0,0,0,1,0,0,0,0,0,0,0,0,0,0,0,1,0
data/audio_wav/154/154041.wav,155,1,2,0,0,0,1,0,0,0,1,0,0,0,0,0,0,0,0,0,0,0,1,0
data/audio_wav/154/154042.wav,155,1,2,0,0,0,1,0,0,0,1,0,0,0,0,0,0,0,0,0,0,0,1,0
data/audio_wav/154/154043.wav,155,1,2,0,0,0,1,0,0,0,1,0,0,0,0,0,0,0,0,0,0,0,1,0
data/audio_wav/154/154044.wav,155,1,2,0,0,0,1,0,0,0,1,0,0,0,0,0,0,0,0,0,0,0,1,0
data/audio_wav/154/154045.wav,155,1,2,0,0,0,1,0,0,0,1,0,0,0,0,0,0,0,0,0,0,0,1,0
data/audio_wav/154/154046.wav,155,1,2,0,0,0,1,0,0,0,1,0,0,0,0,0,0,0,0,0,0,0,1,0
data/audio_wav/154/154047.wav,155,1,2,0,0,0,1,0,0,0,1,0,0,0,0,0,0,0,0,0,0,0,1,0
data/audio_wav/154/154048.wav,155,1,2,0,0,0,1,0,0,0,1,0,0,0,0,0,0,0,0,0,0,0,1,0
data/audio_wav/154/154049.wav,155,1,2,0,0,0,1,0,0,0,1,0,0,0,0,0,0,0,0,0,0,0,1,0
data/audio_wav/155/155000.wav,156,0,0,0,0,0,1,0,0,0,1,0,0,0,0,0,0,0,0,0,0,0,0,1
data/audio_wav/155/155001.wav,156,0,0,0,0,0,1,0,0,0,1,0,0,0,0,0,0,0,0,0,0,0,0,1
data/audio_wav/155/155002.wav,156,0,0,0,0,0,1,0,0,0,1,0,0,0,0,0,0,0,0,0,0,0,0,1
data/audio_wav/155/155003.wav,156,0,0,0,0,0,1,0,0,0,1,0,0,0,0,0,0,0,0,0,0,0,0,1
data/audio_wav/155/155004.wav,156,0,0,0,0,0,1,0,0,0,1,0,0,0,0,0,0,0,0,0,0,0,0,1
data/audio_wav/155/155005.wav,156,0,0,0,0,0,1,0,0,0,1,0,0,0,0,0,0,0,0,0,0,0,0,1
data/audio_wav/155/155006.wav,156,0,0,0,0,0,1,0,0,0,1,0,0,0,0,0,0,0,0,0,0,0,0,1
data/audio_wav/155/155007.wav,156,0,0,0,0,0,1,0,0,0,1,0,0,0,0,0,0,0,0,0,0,0,0,1
data/audio_wav/155/155008.wav,156,0,0,0,0,0,1,0,0,0,1,0,0,0,0,0,0,0,0,0,0,0,0,1
data/audio_wav/155/155009.wav,156,0,0,0,0,0,1,0,0,0,1,0,0,0,0,0,0,0,0,0,0,0,0,1
data/audio_wav/155/155010.wav,156,0,0,0,0,0,1,0,0,0,1,0,0,0,0,0,0,0,0,0,0,0,0,1
data/audio_wav/155/155011.wav,156,0,0,0,0,0,1,0,0,0,1,0,0,0,0,0,0,0,0,0,0,0,0,1
data/audio_wav/155/155012.wav,156,0,0,0,0,0,1,0,0,0,1,0,0,0,0,0,0,0,0,0,0,0,0,1
data/audio_wav/155/155013.wav,156,0,0,0,0,0,1,0,0,0,1,0,0,0,0,0,0,0,0,0,0,0,0,1
data/audio_wav/155/155014.wav,156,0,0,0,0,0,1,0,0,0,1,0,0,0,0,0,0,0,0,0,0,0,0,1
data/audio_wav/155/155015.wav,156,0,0,0,0,0,1,0,0,0,1,0,0,0,0,0,0,0,0,0,0,0,0,1
data/audio_wav/155/155016.wav,156,0,0,0,0,0,1,0,0,0,1,0,0,0,0,0,0,0,0,0,0,0,0,1
data/audio_wav/155/155017.wav,156,0,0,0,0,0,1,0,0,0,1,0,0,0,0,0,0,0,0,0,0,0,0,1
data/audio_wav/155/155018.wav,156,0,0,0,0,0,1,0,0,0,1,0,0,0,0,0,0,0,0,0,0,0,0,1
data/audio_wav/155/155019.wav,156,0,0,0,0,0,1,0,0,0,1,0,0,0,0,0,0,0,0,0,0,0,0,1
data/audio_wav/155/155020.wav,156,0,0,0,0,0,1,0,0,0,1,0,0,0,0,0,0,0,0,0,0,0,0,1
data/audio_wav/155/155021.wav,156,0,0,0,0,0,1,0,0,0,1,0,0,0,0,0,0,0,0,0,0,0,0,1
data/audio_wav/155/155022.wav,156,0,0,0,0,0,1,0,0,0,1,0,0,0,0,0,0,0,0,0,0,0,0,1
data/audio_wav/155/155023.wav,156,0,0,0,0,0,1,0,0,0,1,0,0,0,0,0,0,0,0,0,0,0,0,1
data/audio_wav/155/155024.wav,156,0,0,0,0,0,1,0,0,0,1,0,0,0,0,0,0,0,0,0,0,0,0,1
data/audio_wav/155/155025.wav,156,0,0,0,0,0,1,0,0,0,1,0,0,0,0,0,0,0,0,0,0,0,0,1
data/audio_wav/155/155026.wav,156,0,0,0,0,0,1,0,0,0,1,0,0,0,0,0,0,0,0,0,0,0,0,1
data/audio_wav/155/155027.wav,156,0,0,0,0,0,1,0,0,0,1,0,0,0,0,0,0,0,0,0,0,0,0,1
data/audio_wav/155/155028.wav,156,0,0,0,0,0,1,0,0,0,1,0,0,0,0,0,0,0,0,0,0,0,0,1
data/audio_wav/155/155029.wav,156,0,0,0,0,0,1,0,0,0,1,0,0,0,0,0,0,0,0,0,0,0,0,1
data/audio_wav/155/155030.wav,156,0,0,0,0,0,1,0,0,0,1,0,0,0,0,0,0,0,0,0,0,0,0,1
data/audio_wav/155/155031.wav,156,0,0,0,0,0,1,0,0,0,1,0,0,0,0,0,0,0,0,0,0,0,0,1
data/audio_wav/155/155032.wav,156,0,0,0,0,0,1,0,0,0,1,0,0,0,0,0,0,0,0,0,0,0,0,1
data/audio_wav/155/155033.wav,156,0,0,0,0,0,1,0,0,0,1,0,0,0,0,0,0,0,0,0,0,0,0,1
data/audio_wav/155/155034.wav,156,0,0,0,0,0,1,0,0,0,1,0,0,0,0,0,0,0,0,0,0,0,0,1
data/audio_wav/155/155035.wav,156,0,0,0,0,0,1,0,0,0,1,0,0,0,0,0,0,0,0,0,0,0,0,1
data/audio_wav/155/155036.wav,156,0,0,0,0,0,1,0,0,0,1,0,0,0,0,0,0,0,0,0,0,0,0,1
data/audio_wav/155/155037.wav,156,0,0,0,0,0,1,0,0,0,1,0,0,0,0,0,0,0,0,0,0,0,0,1
data/audio_wav/155/155038.wav,156,0,0,0,0,0,1,0,0,0,1,0,0,0,0,0,0,0,0,0,0,0,0,1
data/audio_wav/155/155039.wav,156,0,0,0,0,0,1,0,0,0,1,0,0,0,0,0,0,0,0,0,0,0,0,1
data/audio_wav/155/155040.wav,156,0,0,0,0,0,1,0,0,0,1,0,0,0,0,0,0,0,0,0,0,0,0,1
data/audio_wav/155/155041.wav,156,0,0,0,0,0,1,0,0,0,1,0,0,0,0,0,0,0,0,0,0,0,0,1
data/audio_wav/155/155042.wav,156,0,0,0,0,0,1,0,0,0,1,0,0,0,0,0,0,0,0,0,0,0,0,1
data/audio_wav/155/155043.wav,156,0,0,0,0,0,1,0,0,0,1,0,0,0,0,0,0,0,0,0,0,0,0,1
data/audio_wav/155/155044.wav,156,0,0,0,0,0,1,0,0,0,1,0,0,0,0,0,0,0,0,0,0,0,0,1
data/audio_wav/155/155045.wav,156,0,0,0,0,0,1,0,0,0,1,0,0,0,0,0,0,0,0,0,0,0,0,1
data/audio_wav/155/155046.wav,156,0,0,0,0,0,1,0,0,0,1,0,0,0,0,0,0,0,0,0,0,0,0,1
data/audio_wav/155/155047.wav,156,0,0,0,0,0,1,0,0,0,1,0,0,0,0,0,0,0,0,0,0,0,0,1
data/audio_wav/155/155048.wav,156,0,0,0,0,0,1,0,0,0,1,0,0,0,0,0,0,0,0,0,0,0,0,1
data/audio_wav/155/155049.wav,156,0,0,0,0,0,1,0,0,0,1,0,0,0,0,0,0,0,0,0,0,0,0,1
data/audio_wav/169/169000.wav,170,0,0,0,0,0,0,1,0,1,0,1,0,0,0,0,0,0,0,0,0,0,0,0
data/audio_wav/169/169001.wav,170,0,0,0,0,0,0,1,0,1,0,1,0,0,0,0,0,0,0,0,0,0,0,0
data/audio_wav/169/169002.wav,170,0,0,0,0,0,0,1,0,1,0,1,0,0,0,0,0,0,0,0,0,0,0,0
data/audio_wav/169/169003.wav,170,0,0,0,0,0,0,1,0,1,0,1,0,0,0,0,0,0,0,0,0,0,0,0
data/audio_wav/169/169004.wav,170,0,0,0,0,0,0,1,0,1,0,1,0,0,0,0,0,0,0,0,0,0,0,0
data/audio_wav/169/169005.wav,170,0,0,0,0,0,0,1,0,1,0,1,0,0,0,0,0,0,0,0,0,0,0,0
data/audio_wav/169/169006.wav,170,0,0,0,0,0,0,1,0,1,0,1,0,0,0,0,0,0,0,0,0,0,0,0
data/audio_wav/169/169007.wav,170,0,0,0,0,0,0,1,0,1,0,1,0,0,0,0,0,0,0,0,0,0,0,0
data/audio_wav/169/169008.wav,170,0,0,0,0,0,0,1,0,1,0,1,0,0,0,0,0,0,0,0,0,0,0,0
data/audio_wav/169/169009.wav,170,0,0,0,0,0,0,1,0,1,0,1,0,0,0,0,0,0,0,0,0,0,0,0
data/audio_wav/169/169010.wav,170,0,0,0,0,0,0,1,0,1,0,1,0,0,0,0,0,0,0,0,0,0,0,0
data/audio_wav/169/169011.wav,170,0,0,0,0,0,0,1,0,1,0,1,0,0,0,0,0,0,0,0,0,0,0,0
data/audio_wav/169/169012.wav,170,0,0,0,0,0,0,1,0,1,0,1,0,0,0,0,0,0,0,0,0,0,0,0
data/audio_wav/169/169013.wav,170,0,0,0,0,0,0,1,0,1,0,1,0,0,0,0,0,0,0,0,0,0,0,0
data/audio_wav/169/169014.wav,170,0,0,0,0,0,0,1,0,1,0,1,0,0,0,0,0,0,0,0,0,0,0,0
data/audio_wav/169/169015.wav,170,0,0,0,0,0,0,1,0,1,0,1,0,0,0,0,0,0,0,0,0,0,0,0
data/audio_wav/169/169016.wav,170,0,0,0,0,0,0,1,0,1,0,1,0,0,0,0,0,0,0,0,0,0,0,0
data/audio_wav/169/169017.wav,170,0,0,0,0,0,0,1,0,1,0,1,0,0,0,0,0,0,0,0,0,0,0,0
data/audio_wav/169/169018.wav,170,0,0,0,0,0,0,1,0,1,0,1,0,0,0,0,0,0,0,0,0,0,0,0
data/audio_wav/169/169019.wav,170,0,0,0,0,0,0,1,0,1,0,1,0,0,0,0,0,0,0,0,0,0,0,0
data/audio_wav/169/169020.wav,170,0,0,0,0,0,0,1,0,1,0,1,0,0,0,0,0,0,0,0,0,0,0,0
data/audio_wav/169/169021.wav,170,0,0,0,0,0,0,1,0,1,0,1,0,0,0,0,0,0,0,0,0,0,0,0
data/audio_wav/169/169022.wav,170,0,0,0,0,0,0,1,0,1,0,1,0,0,0,0,0,0,0,0,0,0,0,0
data/audio_wav/169/169023.wav,170,0,0,0,0,0,0,1,0,1,0,1,0,0,0,0,0,0,0,0,0,0,0,0
data/audio_wav/169/169024.wav,170,0,0,0,0,0,0,1,0,1,0,1,0,0,0,0,0,0,0,0,0,0,0,0
data/audio_wav/169/169025.wav,170,0,0,0,0,0,0,1,0,1,0,1,0,0,0,0,0,0,0,0,0,0,0,0
data/audio_wav/169/169026.wav,170,0,0,0,0,0,0,1,0,1,0,1,0,0,0,0,0,0,0,0,0,0,0,0
data/audio_wav/169/169027.wav,170,0,0,0,0,0,0,1,0,1,0,1,0,0,0,0,0,0,0,0,0,0,0,0
data/audio_wav/169/169028.wav,170,0,0,0,0,0,0,1,0,1,0,1,0,0,0,0,0,0,0,0,0,0,0,0
data/audio_wav/169/169029.wav,170,0,0,0,0,0,0,1,0,1,0,1,0,0,0,0,0,0,0,0,0,0,0,0
data/audio_wav/169/169030.wav,170,0,0,0,0,0,0,1,0,1,0,1,0,0,0,0,0,0,0,0,0,0,0,0
data/audio_wav/169/169031.wav,170,0,0,0,0,0,0,1,0,1,0,1,0,0,0,0,0,0,0,0,0,0,0,0
data/audio_wav/169/169032.wav,170,0,0,0,0,0,0,1,0,1,0,1,0,0,0,0,0,0,0,0,0,0,0,0
data/audio_wav/169/169033.wav,170,0,0,0,0,0,0,1,0,1,0,1,0,0,0,0,0,0,0,0,0,0,0,0
data/audio_wav/169/169034.wav,170,0,0,0,0,0,0,1,0,1,0,1,0,0,0,0,0,0,0,0,0,0,0,0
data/audio_wav/169/169035.wav,170,0,0,0,0,0,0,1,0,1,0,1,0,0,0,0,0,0,0,0,0,0,0,0
data/audio_wav/169/169036.wav,170,0,0,0,0,0,0,1,0,1,0,1,0,0,0,0,0,0,0,0,0,0,0,0
data/audio_wav/169/169037.wav,170,0,0,0,0,0,0,1,0,1,0,1,0,0,0,0,0,0,0,0,0,0,0,0
data/audio_wav/169/169038.wav,170,0,0,0,0,0,0,1,0,1,0,1,0,0,0,0,0,0,0,0,0,0,0,0
data/audio_wav/169/169039.wav,170,0,0,0,0,0,0,1,0,1,0,1,0,0,0,0,0,0,0,0,0,0,0,0
data/audio_wav/169/169040.wav,170,0,0,0,0,0,0,1,0,1,0,1,0,0,0,0,0,0,0,0,0,0,0,0
data/audio_wav/169/169041.wav,170,0,0,0,0,0,0,1,0,1,0,1,0,0,0,0,0,0,0,0,0,0,0,0
data/audio_wav/169/169042.wav,170,0,0,0,0,0,0,1,0,1,0,1,0,0,0,0,0,0,0,0,0,0,0,0
data/audio_wav/169/169043.wav,170,0,0,0,0,0,0,1,0,1,0,1,0,0,0,0,0,0,0,0,0,0,0,0
data/audio_wav/169/169044.wav,170,0,0,0,0,0,0,1,0,1,0,1,0,0,0,0,0,0,0,0,0,0,0,0
data/audio_wav/169/169045.wav,170,0,0,0,0,0,0,1,0,1,0,1,0,0,0,0,0,0,0,0,0,0,0,0
data/audio_wav/169/169046.wav,170,0,0,0,0,0,0,1,0,1,0,1,0,0,0,0,0,0,0,0,0,0,0,0
data/audio_wav/169/169047.wav,170,0,0,0,0,0,0,1,0,1,0,1,0,0,0,0,0,0,0,0,0,0,0,0
data/audio_wav/169/169048.wav,170,0,0,0,0,0,0,1,0,1,0,1,0,0,0,0,0,0,0,0,0,0,0,0
data/audio_wav/169/169049.wav,170,0,0,0,0,0,0,1,0,1,0,1,0,0,0,0,0,0,0,0,0,0,0,0
data/audio_wav/170/170000.wav,171,1,1,0,0,0,0,1,0,1,0,0,1,0,0,0,0,0,0,0,0,0,0,0
data/audio_wav/170/170001.wav,171,1,1,0,0,0,0,1,0,1,0,0,1,0,0,0,0,0,0,0,0,0,0,0
data/audio_wav/170/170002.wav,171,1,1,0,0,0,0,1,0,1,0,0,1,0,0,0,0,0,0,0,0,0,0,0
data/audio_wav/170/170003.wav,171,1,1,0,0,0,0,1,0,1,0,0,1,0,0,0,0,0,0,0,0,0,0,0
data/audio_wav/170/170004.wav,171,1,1,0,0,0,0,1,0,1,0,0,1,0,0,0,0,0,0,0,0,0,0,0
data/audio_wav/170/170005.wav,171,1,1,0,0,0,0,1,0,1,0,0,1,0,0,0,0,0,0,0,0,0,0,0
data/audio_wav/170/170006.wav,171,1,1,0,0,0,0,1,0,1,0,0,1,0,0,0,0,0,0,0,0,0,0,0
data/audio_wav/170/170007.wav,171,1,1,0,0,0,0,1,0,1,0,0,1,0,0,0,0,0,0,0,0,0,0,0
data/audio_wav/170/170008.wav,171,1,1,0,0,0,0,1,0,1,0,0,1,0,0,0,0,0,0,0,0,0,0,0
data/audio_wav/170/170009.wav,171,1,1,0,0,0,0,1,0,1,0,0,1,0,0,0,0,0,0,0,0,0,0,0
data/audio_wav/170/170010.wav,171,1,1,0,0,0,0,1,0,1,0,0,1,0,0,0,0,0,0,0,0,0,0,0
data/audio_wav/170/170011.wav,171,1,1,0,0,0,0,1,0,1,0,0,1,0,0,0,0,0,0,0,0,0,0,0
data/audio_wav/170/170012.wav,171,1,1,0,0,0,0,1,0,1,0,0,1,0,0,0,0,0,0,0,0,0,0,0
data/audio_wav/170/170013.wav,171,1,1,0,0,0,0,1,0,1,0,0,1,0,0,0,0,0,0,0,0,0,0,0
data/audio_wav/170/170014.wav,171,1,1,0,0,0,0,1,0,1,0,0,1,0,0,0,0,0,0,0,0,0,0,0
data/audio_wav/170/170015.wav,171,1,1,0,0,0,0,1,0,1,0,0,1,0,0,0,0,0,0,0,0,0,0,0
data/audio_wav/170/170016.wav,171,1,1,0,0,0,0,1,0,1,0,0,1,0,0,0,0,0,0,0,0,0,0,0
data/audio_wav/170/170017.wav,171,1,1,0,0,0,0,1,0,1,0,0,1,0,0,0,0,0,0,0,0,0,0,0
data/audio_wav/170/170018.wav,171,1,1,0,0,0,0,1,0,1,0,0,1,0,0,0,0,0,0,0,0,0,0,0
data/audio_wav/170/170019.wav,171,1,1,0,0,0,0,1,0,1,0,0,1,0,0,0,0,0,0,0,0,0,0,0
data/audio_wav/170/170020.wav,171,1,1,0,0,0,0,1,0,1,0,0,1,0,0,0,0,0,0,0,0,0,0,0
data/audio_wav/170/170021.wav,171,1,1,0,0,0,0,1,0,1,0,0,1,0,0,0,0,0,0,0,0,0,0,0
data/audio_wav/170/170022.wav,171,1,1,0,0,0,0,1,0,1,0,0,1,0,0,0,0,0,0,0,0,0,0,0
data/audio_wav/170/170023.wav,171,1,1,0,0,0,0,1,0,1,0,0,1,0,0,0,0,0,0,0,0,0,0,0
data/audio_wav/170/170024.wav,171,1,1,0,0,0,0,1,0,1,0,0,1,0,0,0,0,0,0,0,0,0,0,0
data/audio_wav/170/170025.wav,171,1,1,0,0,0,0,1,0,1,0,0,1,0,0,0,0,0,0,0,0,0,0,0
data/audio_wav/170/170026.wav,171,1,1,0,0,0,0,1,0,1,0,0,1,0,0,0,0,0,0,0,0,0,0,0
data/audio_wav/170/170027.wav,171,1,1,0,0,0,0,1,0,1,0,0,1,0,0,0,0,0,0,0,0,0,0,0
data/audio_wav/170/170028.wav,171,1,1,0,0,0,0,1,0,1,0,0,1,0,0,0,0,0,0,0,0,0,0,0
data/audio_wav/170/170029.wav,171,1,1,0,0,0,0,1,0,1,0,0,1,0,0,0,0,0,0,0,0,0,0,0
data/audio_wav/170/170030.wav,171,1,1,0,0,0,0,1,0,1,0,0,1,0,0,0,0,0,0,0,0,0,0,0
data/audio_wav/170/170031.wav,171,1,1,0,0,0,0,1,0,1,0,0,1,0,0,0,0,0,0,0,0,0,0,0
data/audio_wav/170/170032.wav,171,1,1,0,0,0,0,1,0,1,0,0,1,0,0,0,0,0,0,0,0,0,0,0
data/audio_wav/170/170033.wav,171,1,1,0,0,0,0,1,0,1,0,0,1,0,0,0,0,0,0,0,0,0,0,0
data/audio_wav/170/170034.wav,171,1,1,0,0,0,0,1,0,1,0,0,1,0,0,0,0,0,0,0,0,0,0,0
data/audio_wav/170/170035.wav,171,1,1,0,0,0,0,1,0,1,0,0,1,0,0,0,0,0,0,0,0,0,0,0
data/audio_wav/170/170036.wav,171,1,1,0,0,0,0,1,0,1,0,0,1,0,0,0,0,0,0,0,0,0,0,0
data/audio_wav/170/170037.wav,171,1,1,0,0,0,0,1,0,1,0,0,1,0,0,0,0,0,0,0,0,0,0,0
data/audio_wav/170/170038.wav,171,1,1,0,0,0,0,1,0,1,0,0,1,0,0,0,0,0,0,0,0,0,0,0
data/audio_wav/170/170039.wav,171,1,1,0,0,0,0,1,0,1,0,0,1,0,0,0,0,0,0,0,0,0,0,0
data/audio_wav/170/170040.wav,171,1,1,0,0,0,0,1,0,1,0,0,1,0,0,0,0,0,0,0,0,0,0,0
data/audio_wav/170/170041.wav,171,1,1,0,0,0,0,1,0,1,0,0,1,0,0,0,0,0,0,0,0,0,0,0
data/audio_wav/170/170042.wav,171,1,1,0,0,0,0,1,0,1,0,0,1,0,0,0,0,0,0,0,0,0,0,0
data/audio_wav/170/170043.wav,171,1,1,0,0,0,0,1,0,1,0,0,1,0,0,0,0,0,0,0,0,0,0,0
data/audio_wav/170/170044.wav,171,1,1,0,0,0,0,1,0,1,0,0,1,0,0,0,0,0,0,0,0,0,0,0
data/audio_wav/170/170045.wav,171,1,1,0,0,0,0,1,0,1,0,0,1,0,0,0,0,0,0,0,0,0,0,0
data/audio_wav/170/170046.wav,171,1,1,0,0,0,0,1,0,1,0,0,1,0,0,0,0,0,0,0,0,0,0,0
data/audio_wav/170/170047.wav,171,1,1,0,0,0,0,1,0,1,0,0,1,0,0,0,0,0,0,0,0,0,0,0
data/audio_wav/170/170048.wav,171,1,1,0,0,0,0,1,0,1,0,0,1,0,0,0,0,0,0,0,0,0,0,0
data/audio_wav/170/170049.wav,171,1,1,0,0,0,0,1,0,1,0,0,1,0,0,0,0,0,0,0,0,0,0,0
data/audio_wav/171/171000.wav,172,1,1,0,0,0,0,1,0,1,0,0,0,1,0,0,0,0,0,0,0,0,0,0
data/audio_wav/171/171001.wav,172,1,1,0,0,0,0,1,0,1,0,0,0,1,0,0,0,0,0,0,0,0,0,0
data/audio_wav/171/171002.wav,172,1,1,0,0,0,0,1,0,1,0,0,0,1,0,0,0,0,0,0,0,0,0,0
data/audio_wav/171/171003.wav,172,1,1,0,0,0,0,1,0,1,0,0,0,1,0,0,0,0,0,0,0,0,0,0
data/audio_wav/171/171004.wav,172,1,1,0,0,0,0,1,0,1,0,0,0,1,0,0,0,0,0,0,0,0,0,0
data/audio_wav/171/171005.wav,172,1,1,0,0,0,0,1,0,1,0,0,0,1,0,0,0,0,0,0,0,0,0,0
data/audio_wav/171/171006.wav,172,1,1,0,0,0,0,1,0,1,0,0,0,1,0,0,0,0,0,0,0,0,0,0
data/audio_wav/171/171007.wav,172,1,1,0,0,0,0,1,0,1,0,0,0,1,0,0,0,0,0,0,0,0,0,0
data/audio_wav/171/171008.wav,172,1,1,0,0,0,0,1,0,1,0,0,0,1,0,0,0,0,0,0,0,0,0,0
data/audio_wav/171/171009.wav,172,1,1,0,0,0,0,1,0,1,0,0,0,1,0,0,0,0,0,0,0,0,0,0
data/audio_wav/171/171010.wav,172,1,1,0,0,0,0,1,0,1,0,0,0,1,0,0,0,0,0,0,0,0,0,0
data/audio_wav/171/171011.wav,172,1,1,0,0,0,0,1,0,1,0,0,0,1,0,0,0,0,0,0,0,0,0,0
data/audio_wav/171/171012.wav,172,1,1,0,0,0,0,1,0,1,0,0,0,1,0,0,0,0,0,0,0,0,0,0
data/audio_wav/171/171013.wav,172,1,1,0,0,0,0,1,0,1,0,0,0,1,0,0,0,0,0,0,0,0,0,0
data/audio_wav/171/171014.wav,172,1,1,0,0,0,0,1,0,1,0,0,0,1,0,0,0,0,0,0,0,0,0,0
data/audio_wav/171/171015.wav,172,1,1,0,0,0,0,1,0,1,0,0,0,1,0,0,0,0,0,0,0,0,0,0
data/audio_wav/171/171016.wav,172,1,1,0,0,0,0,1,0,1,0,0,0,1,0,0,0,0,0,0,0,0,0,0
data/audio_wav/171/171017.wav,172,1,1,0,0,0,0,1,0,1,0,0,0,1,0,0,0,0,0,0,0,0,0,0
data/audio_wav/171/171018.wav,172,1,1,0,0,0,0,1,0,1,0,0,0,1,0,0,0,0,0,0,0,0,0,0
data/audio_wav/171/171019.wav,172,1,1,0,0,0,0,1,0,1,0,0,0,1,0,0,0,0,0,0,0,0,0,0
data/audio_wav/171/171020.wav,172,1,1,0,0,0,0,1,0,1,0,0,0,1,0,0,0,0,0,0,0,0,0,0
data/audio_wav/171/171021.wav,172,1,1,0,0,0,0,1,0,1,0,0,0,1,0,0,0,0,0,0,0,0,0,0
data/audio_wav/171/171022.wav,172,1,1,0,0,0,0,1,0,1,0,0,0,1,0,0,0,0,0,0,0,0,0,0
data/audio_wav/171/171023.wav,172,1,1,0,0,0,0,1,0,1,0,0,0,1,0,0,0,0,0,0,0,0,0,0
data/audio_wav/171/171024.wav,172,1,1,0,0,0,0,1,0,1,0,0,0,1,0,0,0,0,0,0,0,0,0,0
data/audio_wav/171/171025.wav,172,1,1,0,0,0,0,1,0,1,0,0,0,1,0,0,0,0,0,0,0,0,0,0
data/audio_wav/171/171026.wav,172,1,1,0,0,0,0,1,0,1,0,0,0,1,0,0,0,0,0,0,0,0,0,0
data/audio_wav/171/171027.wav,172,1,1,0,0,0,0,1,0,1,0,0,0,1,0,0,0,0,0,0,0,0,0,0
data/audio_wav/171/171028.wav,172,1,1,0,0,0,0,1,0,1,0,0,0,1,0,0,0,0,0,0,0,0,0,0
data/audio_wav/171/171029.wav,172,1,1,0,0,0,0,1,0,1,0,0,0,1,0,0,0,0,0,0,0,0,0,0
data/audio_wav/171/171030.wav,172,1,1,0,0,0,0,1,0,1,0,0,0,1,0,0,0,0,0,0,0,0,0,0
data/audio_wav/171/171031.wav,172,1,1,0,0,0,0,1,0,1,0,0,0,1,0,0,0,0,0,0,0,0,0,0
data/audio_wav/171/171032.wav,172,1,1,0,0,0,0,1,0,1,0,0,0,1,0,0,0,0,0,0,0,0,0,0
data/audio_wav/171/171033.wav,172,1,1,0,0,0,0,1,0,1,0,0,0,1,0,0,0,0,0,0,0,0,0,0
data/audio_wav/171/171034.wav,172,1,1,0,0,0,0,1,0,1,0,0,0,1,0,0,0,0,0,0,0,0,0,0
data/audio_wav/171/171035.wav,172,1,1,0,0,0,0,1,0,1,0,0,0,1,0,0,0,0,0,0,0,0,0,0
data/audio_wav/171/171036.wav,172,1,1,0,0,0,0,1,0,1,0,0,0,1,0,0,0,0,0,0,0,0,0,0
data/audio_wav/171/171037.wav,172,1,1,0,0,0,0,1,0,1,0,0,0,1,0,0,0,0,0,0,0,0,0,0
data/audio_wav/171/171038.wav,172,1,1,0,0,0,0,1,0,1,0,0,0,1,0,0,0,0,0,0,0,0,0,0
data/audio_wav/171/171039.wav,172,1,1,0,0,0,0,1,0,1,0,0,0,1,0,0,0,0,0,0,0,0,0,0
data/audio_wav/171/171040.wav,172,1,1,0,0,0,0,1,0,1,0,0,0,1,0,0,0,0,0,0,0,0,0,0
data/audio_wav/171/171041.wav,172,1,1,0,0,0,0,1,0,1,0,0,0,1,0,0,0,0,0,0,0,0,0,0
data/audio_wav/171/171042.wav,172,1,1,0,0,0,0,1,0,1,0,0,0,1,0,0,0,0,0,0,0,0,0,0
data/audio_wav/171/171043.wav,172,1,1,0,0,0,0,1,0,1,0,0,0,1,0,0,0,0,0,0,0,0,0,0
data/audio_wav/171/171044.wav,172,1,1,0,0,0,0,1,0,1,0,0,0,1,0,0,0,0,0,0,0,0,0,0
data/audio_wav/171/171045.wav,172,1,1,0,0,0,0,1,0,1,0,0,0,1,0,0,0,0,0,0,0,0,0,0
data/audio_wav/171/171046.wav,172,1,1,0,0,0,0,1,0,1,0,0,0,1,0,0,0,0,0,0,0,0,0,0
data/audio_wav/171/171047.wav,172,1,1,0,0,0,0,1,0,1,0,0,0,1,0,0,0,0,0,0,0,0,0,0
data/audio_wav/171/171048.wav,172,1,1,0,0,0,0,1,0,1,0,0,0,1,0,0,0,0,0,0,0,0,0,0
data/audio_wav/171/171049.wav,172,1,1,0,0,0,0,1,0,1,0,0,0,1,0,0,0,0,0,0,0,0,0,0
data/audio_wav/172/172000.wav,173,1,1,0,0,0,0,1,0,1,0,0,0,0,1,0,0,0,0,0,0,0,0,0
data/audio_wav/172/172001.wav,173,1,1,0,0,0,0,1,0,1,0,0,0,0,1,0,0,0,0,0,0,0,0,0
data/audio_wav/172/172002.wav,173,1,1,0,0,0,0,1,0,1,0,0,0,0,1,0,0,0,0,0,0,0,0,0
data/audio_wav/172/172003.wav,173,1,1,0,0,0,0,1,0,1,0,0,0,0,1,0,0,0,0,0,0,0,0,0
data/audio_wav/172/172004.wav,173,1,1,0,0,0,0,1,0,1,0,0,0,0,1,0,0,0,0,0,0,0,0,0
data/audio_wav/172/172005.wav,173,1,1,0,0,0,0,1,0,1,0,0,0,0,1,0,0,0,0,0,0,0,0,0
data/audio_wav/172/172006.wav,173,1,1,0,0,0,0,1,0,1,0,0,0,0,1,0,0,0,0,0,0,0,0,0
data/audio_wav/172/172007.wav,173,1,1,0,0,0,0,1,0,1,0,0,0,0,1,0,0,0,0,0,0,0,0,0
data/audio_wav/172/172008.wav,173,1,1,0,0,0,0,1,0,1,0,0,0,0,1,0,0,0,0,0,0,0,0,0
data/audio_wav/172/172009.wav,173,1,1,0,0,0,0,1,0,1,0,0,0,0,1,0,0,0,0,0,0,0,0,0
data/audio_wav/172/172010.wav,173,1,1,0,0,0,0,1,0,1,0,0,0,0,1,0,0,0,0,0,0,0,0,0
data/audio_wav/172/172011.wav,173,1,1,0,0,0,0,1,0,1,0,0,0,0,1,0,0,0,0,0,0,0,0,0
data/audio_wav/172/172012.wav,173,1,1,0,0,0,0,1,0,1,0,0,0,0,1,0,0,0,0,0,0,0,0,0
data/audio_wav/172/172013.wav,173,1,1,0,0,0,0,1,0,1,0,0,0,0,1,0,0,0,0,0,0,0,0,0
data/audio_wav/172/172014.wav,173,1,1,0,0,0,0,1,0,1,0,0,0,0,1,0,0,0,0,0,0,0,0,0
data/audio_wav/172/172015.wav,173,1,1,0,0,0,0,1,0,1,0,0,0,0,1,0,0,0,0,0,0,0,0,0
data/audio_wav/172/172016.wav,173,1,1,0,0,0,0,1,0,1,0,0,0,0,1,0,0,0,0,0,0,0,0,0
data/audio_wav/172/172017.wav,173,1,1,0,0,0,0,1,0,1,0,0,0,0,1,0,0,0,0,0,0,0,0,0
data/audio_wav/172/172018.wav,173,1,1,0,0,0,0,1,0,1,0,0,0,0,1,0,0,0,0,0,0,0,0,0
data/audio_wav/172/172019.wav,173,1,1,0,0,0,0,1,0,1,0,0,0,0,1,0,0,0,0,0,0,0,0,0
data/audio_wav/172/172020.wav,173,1,1,0,0,0,0,1,0,1,0,0,0,0,1,0,0,0,0,0,0,0,0,0
data/audio_wav/172/172021.wav,173,1,1,0,0,0,0,1,0,1,0,0,0,0,1,0,0,0,0,0,0,0,0,0
data/audio_wav/172/172022.wav,173,1,1,0,0,0,0,1,0,1,0,0,0,0,1,0,0,0,0,0,0,0,0,0
data/audio_wav/172/172023.wav,173,1,1,0,0,0,0,1,0,1,0,0,0,0,1,0,0,0,0,0,0,0,0,0
data/audio_wav/172/172024.wav,173,1,1,0,0,0,0,1,0,1,0,0,0,0,1,0,0,0,0,0,0,0,0,0
data/audio_wav/172/172025.wav,173,1,1,0,0,0,0,1,0,1,0,0,0,0,1,0,0,0,0,0,0,0,0,0
data/audio_wav/172/172026.wav,173,1,1,0,0,0,0,1,0,1,0,0,0,0,1,0,0,0,0,0,0,0,0,0
data/audio_wav/172/172027.wav,173,1,1,0,0,0,0,1,0,1,0,0,0,0,1,0,0,0,0,0,0,0,0,0
data/audio_wav/172/172028.wav,173,1,1,0,0,0,0,1,0,1,0,0,0,0,1,0,0,0,0,0,0,0,0,0
data/audio_wav/172/172029.wav,173,1,1,0,0,0,0,1,0,1,0,0,0,0,1,0,0,0,0,0,0,0,0,0
data/audio_wav/172/172030.wav,173,1,1,0,0,0,0,1,0,1,0,0,0,0,1,0,0,0,0,0,0,0,0,0
data/audio_wav/172/172031.wav,173,1,1,0,0,0,0,1,0,1,0,0,0,0,1,0,0,0,0,0,0,0,0,0
data/audio_wav/172/172032.wav,173,1,1,0,0,0,0,1,0,1,0,0,0,0,1,0,0,0,0,0,0,0,0,0
data/audio_wav/172/172033.wav,173,1,1,0,0,0,0,1,0,1,0,0,0,0,1,0,0,0,0,0,0,0,0,0
data/audio_wav/172/172034.wav,173,1,1,0,0,0,0,1,0,1,0,0,0,0,1,0,0,0,0,0,0,0,0,0
data/audio_wav/172/172035.wav,173,1,1,0,0,0,0,1,0,1,0,0,0,0,1,0,0,0,0,0,0,0,0,0
data/audio_wav/172/172036.wav,173,1,1,0,0,0,0,1,0,1,0,0,0,0,1,0,0,0,0,0,0,0,0,0
data/audio_wav/172/172037.wav,173,1,1,0,0,0,0,1,0,1,0,0,0,0,1,0,0,0,0,0,0,0,0,0
data/audio_wav/172/172038.wav,173,1,1,0,0,0,0,1,0,1,0,0,0,0,1,0,0,0,0,0,0,0,0,0
data/audio_wav/172/172039.wav,173,1,1,0,0,0,0,1,0,1,0,0,0,0,1,0,0,0,0,0,0,0,0,0
data/audio_wav/172/172040.wav,173,1,1,0,0,0,0,1,0,1,0,0,0,0,1,0,0,0,0,0,0,0,0,0
data/audio_wav/172/172041.wav,173,1,1,0,0,0,0,1,0,1,0,0,0,0,1,0,0,0,0,0,0,0,0,0
data/audio_wav/172/172042.wav,173,1,1,0,0,0,0,1,0,1,0,0,0,0,1,0,0,0,0,0,0,0,0,0
data/audio_wav/172/172043.wav,173,1,1,0,0,0,0,1,0,1,0,0,0,0,1,0,0,0,0,0,0,0,0,0
data/audio_wav/172/172044.wav,173,1,1,0,0,0,0,1,0,1,0,0,0,0,1,0,0,0,0,0,0,0,0,0
data/audio_wav/172/172045.wav,173,1,1,0,0,0,0,1,0,1,0,0,0,0,1,0,0,0,0,0,0,0,0,0
data/audio_wav/172/172046.wav,173,1,1,0,0,0,0,1,0,1,0,0,0,0,1,0,0,0,0,0,0,0,0,0
data/audio_wav/172/172047.wav,173,1,1,0,0,0,0,1,0,1,0,0,0,0,1,0,0,0,0,0,0,0,0,0
data/audio_wav/172/172048.wav,173,1,1,0,0,0,0,1,0,1,0,0,0,0,1,0,0,0,0,0,0,0,0,0
data/audio_wav/172/172049.wav,173,1,1,0,0,0,0,1,0,1,0,0,0,0,1,0,0,0,0,0,0,0,0,0
data/audio_wav/173/173000.wav,174,1,1,0,0,0,0,1,0,1,0,0,0,0,0,1,0,0,0,0,0,0,0,0
data/audio_wav/173/173001.wav,174,1,1,0,0,0,0,1,0,1,0,0,0,0,0,1,0,0,0,0,0,0,0,0
data/audio_wav/173/173002.wav,174,1,1,0,0,0,0,1,0,1,0,0,0,0,0,1,0,0,0,0,0,0,0,0
data/audio_wav/173/173003.wav,174,1,1,0,0,0,0,1,0,1,0,0,0,0,0,1,0,0,0,0,0,0,0,0
data/audio_wav/173/173004.wav,174,1,1,0,0,0,0,1,0,1,0,0,0,0,0,1,0,0,0,0,0,0,0,0
data/audio_wav/173/173005.wav,174,1,1,0,0,0,0,1,0,1,0,0,0,0,0,1,0,0,0,0,0,0,0,0
data/audio_wav/173/173006.wav,174,1,1,0,0,0,0,1,0,1,0,0,0,0,0,1,0,0,0,0,0,0,0,0
data/audio_wav/173/173007.wav,174,1,1,0,0,0,0,1,0,1,0,0,0,0,0,1,0,0,0,0,0,0,0,0
data/audio_wav/173/173008.wav,174,1,1,0,0,0,0,1,0,1,0,0,0,0,0,1,0,0,0,0,0,0,0,0
data/audio_wav/173/173009.wav,174,1,1,0,0,0,0,1,0,1,0,0,0,0,0,1,0,0,0,0,0,0,0,0
data/audio_wav/173/173010.wav,174,1,1,0,0,0,0,1,0,1,0,0,0,0,0,1,0,0,0,0,0,0,0,0
data/audio_wav/173/173011.wav,174,1,1,0,0,0,0,1,0,1,0,0,0,0,0,1,0,0,0,0,0,0,0,0
data/audio_wav/173/173012.wav,174,1,1,0,0,0,0,1,0,1,0,0,0,0,0,1,0,0,0,0,0,0,0,0
data/audio_wav/173/173013.wav,174,1,1,0,0,0,0,1,0,1,0,0,0,0,0,1,0,0,0,0,0,0,0,0
data/audio_wav/173/173014.wav,174,1,1,0,0,0,0,1,0,1,0,0,0,0,0,1,0,0,0,0,0,0,0,0
data/audio_wav/173/173015.wav,174,1,1,0,0,0,0,1,0,1,0,0,0,0,0,1,0,0,0,0,0,0,0,0
data/audio_wav/173/173016.wav,174,1,1,0,0,0,0,1,0,1,0,0,0,0,0,1,0,0,0,0,0,0,0,0
data/audio_wav/173/173017.wav,174,1,1,0,0,0,0,1,0,1,0,0,0,0,0,1,0,0,0,0,0,0,0,0
data/audio_wav/173/173018.wav,174,1,1,0,0,0,0,1,0,1,0,0,0,0,0,1,0,0,0,0,0,0,0,0
data/audio_wav/173/173019.wav,174,1,1,0,0,0,0,1,0,1,0,0,0,0,0,1,0,0,0,0,0,0,0,0
data/audio_wav/173/173020.wav,174,1,1,0,0,0,0,1,0,1,0,0,0,0,0,1,0,0,0,0,0,0,0,0
data/audio_wav/173/173021.wav,174,1,1,0,0,0,0,1,0,1,0,0,0,0,0,1,0,0,0,0,0,0,0,0
data/audio_wav/173/173022.wav,174,1,1,0,0,0,0,1,0,1,0,0,0,0,0,1,0,0,0,0,0,0,0,0
data/audio_wav/173/173023.wav,174,1,1,0,0,0,0,1,0,1,0,0,0,0,0,1,0,0,0,0,0,0,0,0
data/audio_wav/173/173024.wav,174,1,1,0,0,0,0,1,0,1,0,0,0,0,0,1,0,0,0,0,0,0,0,0
data/audio_wav/173/173025.wav,174,1,1,0,0,0,0,1,0,1,0,0,0,0,0,1,0,0,0,0,0,0,0,0
data/audio_wav/173/173026.wav,174,1,1,0,0,0,0,1,0,1,0,0,0,0,0,1,0,0,0,0,0,0,0,0
data/audio_wav/173/173027.wav,174,1,1,0,0,0,0,1,0,1,0,0,0,0,0,1,0,0,0,0,0,0,0,0
data/audio_wav/173/173028.wav,174,1,1,0,0,0,0,1,0,1,0,0,0,0,0,1,0,0,0,0,0,0,0,0
data/audio_wav/173/173029.wav,174,1,1,0,0,0,0,1,0,1,0,0,0,0,0,1,0,0,0,0,0,0,0,0
data/audio_wav/173/173030.wav,174,1,1,0,0,0,0,1,0,1,0,0,0,0,0,1,0,0,0,0,0,0,0,0
data/audio_wav/173/173031.wav,174,1,1,0,0,0,0,1,0,1,0,0,0,0,0,1,0,0,0,0,0,0,0,0
data/audio_wav/173/173032.wav,174,1,1,0,0,0,0,1,0,1,0,0,0,0,0,1,0,0,0,0,0,0,0,0
data/audio_wav/173/173033.wav,174,1,1,0,0,0,0,1,0,1,0,0,0,0,0,1,0,0,0,0,0,0,0,0
data/audio_wav/173/173034.wav,174,1,1,0,0,0,0,1,0,1,0,0,0,0,0,1,0,0,0,0,0,0,0,0
data/audio_wav/173/173035.wav,174,1,1,0,0,0,0,1,0,1,0,0,0,0,0,1,0,0,0,0,0,0,0,0
data/audio_wav/173/173036.wav,174,1,1,0,0,0,0,1,0,1,0,0,0,0,0,1,0,0,0,0,0,0,0,0
data/audio_wav/173/173037.wav,174,1,1,0,0,0,0,1,0,1,0,0,0,0,0,1,0,0,0,0,0,0,0,0
data/audio_wav/173/173038.wav,174,1,1,0,0,0,0,1,0,1,0,0,0,0,0,1,0,0,0,0,0,0,0,0
data/audio_wav/173/173039.wav,174,1,1,0,0,0,0,1,0,1,0,0,0,0,0,1,0,0,0,0,0,0,0,0
data/audio_wav/173/173040.wav,174,1,1,0,0,0,0,1,0,1,0,0,0,0,0,1,0,0,0,0,0,0,0,0
data/audio_wav/173/173041.wav,174,1,1,0,0,0,0,1,0,1,0,0,0,0,0,1,0,0,0,0,0,0,0,0
data/audio_wav/173/173042.wav,174,1,1,0,0,0,0,1,0,1,0,0,0,0,0,1,0,0,0,0,0,0,0,0
data/audio_wav/173/173043.wav,174,1,1,0,0,0,0,1,0,1,0,0,0,0,0,1,0,0,0,0,0,0,0,0
data/audio_wav/173/173044.wav,174,1,1,0,0,0,0,1,0,1,0,0,0,0,0,1,0,0,0,0,0,0,0,0
data/audio_wav/173/173045.wav,174,1,1,0,0,0,0,1,0,1,0,0,0,0,0,1,0,0,0,0,0,0,0,0
data/audio_wav/173/173046.wav,174,1,1,0,0,0,0,1,0,1,0,0,0,0,0,1,0,0,0,0,0,0,0,0
data/audio_wav/173/173047.wav,174,1,1,0,0,0,0,1,0,1,0,0,0,0,0,1,0,0,0,0,0,0,0,0
data/audio_wav/173/173048.wav,174,1,1,0,0,0,0,1,0,1,0,0,0,0,0,1,0,0,0,0,0,0,0,0
data/audio_wav/173/173049.wav,174,1,1,0,0,0,0,1,0,1,0,0,0,0,0,1,0,0,0,0,0,0,0,0
data/audio_wav/174/174000.wav,175,1,1,0,0,0,0,1,0,1,0,0,0,0,0,0,1,0,0,0,0,0,0,0
data/audio_wav/174/174001.wav,175,1,1,0,0,0,0,1,0,1,0,0,0,0,0,0,1,0,0,0,0,0,0,0
data/audio_wav/174/174002.wav,175,1,1,0,0,0,0,1,0,1,0,0,0,0,0,0,1,0,0,0,0,0,0,0
data/audio_wav/174/174003.wav,175,1,1,0,0,0,0,1,0,1,0,0,0,0,0,0,1,0,0,0,0,0,0,0
data/audio_wav/174/174004.wav,175,1,1,0,0,0,0,1,0,1,0,0,0,0,0,0,1,0,0,0,0,0,0,0
data/audio_wav/174/174005.wav,175,1,1,0,0,0,0,1,0,1,0,0,0,0,0,0,1,0,0,0,0,0,0,0
data/audio_wav/174/174006.wav,175,1,1,0,0,0,0,1,0,1,0,0,0,0,0,0,1,0,0,0,0,0,0,0
data/audio_wav/174/174007.wav,175,1,1,0,0,0,0,1,0,1,0,0,0,0,0,0,1,0,0,0,0,0,0,0
data/audio_wav/174/174008.wav,175,1,1,0,0,0,0,1,0,1,0,0,0,0,0,0,1,0,0,0,0,0,0,0
data/audio_wav/174/174009.wav,175,1,1,0,0,0,0,1,0,1,0,0,0,0,0,0,1,0,0,0,0,0,0,0
data/audio_wav/174/174010.wav,175,1,1,0,0,0,0,1,0,1,0,0,0,0,0,0,1,0,0,0,0,0,0,0
data/audio_wav/174/174011.wav,175,1,1,0,0,0,0,1,0,1,0,0,0,0,0,0,1,0,0,0,0,0,0,0
data/audio_wav/174/174012.wav,175,1,1,0,0,0,0,1,0,1,0,0,0,0,0,0,1,0,0,0,0,0,0,0
data/audio_wav/174/174013.wav,175,1,1,0,0,0,0,1,0,1,0,0,0,0,0,0,1,0,0,0,0,0,0,0
data/audio_wav/174/174014.wav,175,1,1,0,0,0,0,1,0,1,0,0,0,0,0,0,1,0,0,0,0,0,0,0
data/audio_wav/174/174015.wav,175,1,1,0,0,0,0,1,0,1,0,0,0,0,0,0,1,0,0,0,0,0,0,0
data/audio_wav/174/174016.wav,175,1,1,0,0,0,0,1,0,1,0,0,0,0,0,0,1,0,0,0,0,0,0,0
data/audio_wav/174/174017.wav,175,1,1,0,0,0,0,1,0,1,0,0,0,0,0,0,1,0,0,0,0,0,0,0
data/audio_wav/174/174018.wav,175,1,1,0,0,0,0,1,0,1,0,0,0,0,0,0,1,0,0,0,0,0,0,0
data/audio_wav/174/174019.wav,175,1,1,0,0,0,0,1,0,1,0,0,0,0,0,0,1,0,0,0,0,0,0,0
data/audio_wav/174/174020.wav,175,1,1,0,0,0,0,1,0,1,0,0,0,0,0,0,1,0,0,0,0,0,0,0
data/audio_wav/174/174021.wav,175,1,1,0,0,0,0,1,0,1,0,0,0,0,0,0,1,0,0,0,0,0,0,0
data/audio_wav/174/174022.wav,175,1,1,0,0,0,0,1,0,1,0,0,0,0,0,0,1,0,0,0,0,0,0,0
data/audio_wav/174/174023.wav,175,1,1,0,0,0,0,1,0,1,0,0,0,0,0,0,1,0,0,0,0,0,0,0
data/audio_wav/174/174024.wav,175,1,1,0,0,0,0,1,0,1,0,0,0,0,0,0,1,0,0,0,0,0,0,0
data/audio_wav/174/174025.wav,175,1,1,0,0,0,0,1,0,1,0,0,0,0,0,0,1,0,0,0,0,0,0,0
data/audio_wav/174/174026.wav,175,1,1,0,0,0,0,1,0,1,0,0,0,0,0,0,1,0,0,0,0,0,0,0
data/audio_wav/174/174027.wav,175,1,1,0,0,0,0,1,0,1,0,0,0,0,0,0,1,0,0,0,0,0,0,0
data/audio_wav/174/174028.wav,175,1,1,0,0,0,0,1,0,1,0,0,0,0,0,0,1,0,0,0,0,0,0,0
data/audio_wav/174/174029.wav,175,1,1,0,0,0,0,1,0,1,0,0,0,0,0,0,1,0,0,0,0,0,0,0
data/audio_wav/174/174030.wav,175,1,1,0,0,0,0,1,0,1,0,0,0,0,0,0,1,0,0,0,0,0,0,0
data/audio_wav/174/174031.wav,175,1,1,0,0,0,0,1,0,1,0,0,0,0,0,0,1,0,0,0,0,0,0,0
data/audio_wav/174/174032.wav,175,1,1,0,0,0,0,1,0,1,0,0,0,0,0,0,1,0,0,0,0,0,0,0
data/audio_wav/174/174033.wav,175,1,1,0,0,0,0,1,0,1,0,0,0,0,0,0,1,0,0,0,0,0,0,0
data/audio_wav/174/174034.wav,175,1,1,0,0,0,0,1,0,1,0,0,0,0,0,0,1,0,0,0,0,0,0,0
data/audio_wav/174/174035.wav,175,1,1,0,0,0,0,1,0,1,0,0,0,0,0,0,1,0,0,0,0,0,0,0
data/audio_wav/174/174036.wav,175,1,1,0,0,0,0,1,0,1,0,0,0,0,0,0,1,0,0,0,0,0,0,0
data/audio_wav/174/174037.wav,175,1,1,0,0,0,0,1,0,1,0,0,0,0,0,0,1,0,0,0,0,0,0,0
data/audio_wav/174/174038.wav,175,1,1,0,0,0,0,1,0,1,0,0,0,0,0,0,1,0,0,0,0,0,0,0
data/audio_wav/174/174039.wav,175,1,1,0,0,0,0,1,0,1,0,0,0,0,0,0,1,0,0,0,0,0,0,0
data/audio_wav/174/174040.wav,175,1,1,0,0,0,0,1,0,1,0,0,0,0,0,0,1,0,0,0,0,0,0,0
data/audio_wav/174/174041.wav,175,1,1,0,0,0,0,1,0,1,0,0,0,0,0,0,1,0,0,0,0,0,0,0
data/audio_wav/174/174042.wav,175,1,1,0,0,0,0,1,0,1,0,0,0,0,0,0,1,0,0,0,0,0,0,0
data/audio_wav/174/174043.wav,175,1,1,0,0,0,0,1,0,1,0,0,0,0,0,0,1,0,0,0,0,0,0,0
data/audio_wav/174/174044.wav,175,1,1,0,0,0,0,1,0,1,0,0,0,0,0,0,1,0,0,0,0,0,0,0
data/audio_wav/174/174045.wav,175,1,1,0,0,0,0,1,0,1,0,0,0,0,0,0,1,0,0,0,0,0,0,0
data/audio_wav/174/174046.wav,175,1,1,0,0,0,0,1,0,1,0,0,0,0,0,0,1,0,0,0,0,0,0,0
data/audio_wav/174/174047.wav,175,1,1,0,0,0,0,1,0,1,0,0,0,0,0,0,1,0,0,0,0,0,0,0
data/audio_wav/174/174048.wav,175,1,1,0,0,0,0,1,0,1,0,0,0,0,0,0,1,0,0,0,0,0,0,0
data/audio_wav/174/174049.wav,175,1,1,0,0,0,0,1,0,1,0,0,0,0,0,0,1,0,0,0,0,0,0,0
data/audio_wav/175/175000.wav,176,0,0,0,0,0,0,1,0,1,0,0,0,0,0,0,0,1,0,0,0,0,0,0
data/audio_wav/175/175001.wav,176,0,0,0,0,0,0,1,0,1,0,0,0,0,0,0,0,1,0,0,0,0,0,0
data/audio_wav/175/175002.wav,176,0,0,0,0,0,0,1,0,1,0,0,0,0,0,0,0,1,0,0,0,0,0,0
data/audio_wav/175/175003.wav,176,0,0,0,0,0,0,1,0,1,0,0,0,0,0,0,0,1,0,0,0,0,0,0
data/audio_wav/175/175004.wav,176,0,0,0,0,0,0,1,0,1,0,0,0,0,0,0,0,1,0,0,0,0,0,0
data/audio_wav/175/175005.wav,176,0,0,0,0,0,0,1,0,1,0,0,0,0,0,0,0,1,0,0,0,0,0,0
data/audio_wav/175/175006.wav,176,0,0,0,0,0,0,1,0,1,0,0,0,0,0,0,0,1,0,0,0,0,0,0
data/audio_wav/175/175007.wav,176,0,0,0,0,0,0,1,0,1,0,0,0,0,0,0,0,1,0,0,0,0,0,0
data/audio_wav/175/175008.wav,176,0,0,0,0,0,0,1,0,1,0,0,0,0,0,0,0,1,0,0,0,0,0,0
data/audio_wav/175/175009.wav,176,0,0,0,0,0,0,1,0,1,0,0,0,0,0,0,0,1,0,0,0,0,0,0
data/audio_wav/175/175010.wav,176,0,0,0,0,0,0,1,0,1,0,0,0,0,0,0,0,1,0,0,0,0,0,0
data/audio_wav/175/175011.wav,176,0,0,0,0,0,0,1,0,1,0,0,0,0,0,0,0,1,0,0,0,0,0,0
data/audio_wav/175/175012.wav,176,0,0,0,0,0,0,1,0,1,0,0,0,0,0,0,0,1,0,0,0,0,0,0
data/audio_wav/175/175013.wav,176,0,0,0,0,0,0,1,0,1,0,0,0,0,0,0,0,1,0,0,0,0,0,0
data/audio_wav/175/175014.wav,176,0,0,0,0,0,0,1,0,1,0,0,0,0,0,0,0,1,0,0,0,0,0,0
data/audio_wav/175/175015.wav,176,0,0,0,0,0,0,1,0,1,0,0,0,0,0,0,0,1,0,0,0,0,0,0
data/audio_wav/175/175016.wav,176,0,0,0,0,0,0,1,0,1,0,0,0,0,0,0,0,1,0,0,0,0,0,0
data/audio_wav/175/175017.wav,176,0,0,0,0,0,0,1,0,1,0,0,0,0,0,0,0,1,0,0,0,0,0,0
data/audio_wav/175/175018.wav,176,0,0,0,0,0,0,1,0,1,0,0,0,0,0,0,0,1,0,0,0,0,0,0
data/audio_wav/175/175019.wav,176,0,0,0,0,0,0,1,0,1,0,0,0,0,0,0,0,1,0,0,0,0,0,0
data/audio_wav/175/175020.wav,176,0,0,0,0,0,0,1,0,1,0,0,0,0,0,0,0,1,0,0,0,0,0,0
data/audio_wav/175/175021.wav,176,0,0,0,0,0,0,1,0,1,0,0,0,0,0,0,0,1,0,0,0,0,0,0
data/audio_wav/175/175022.wav,176,0,0,0,0,0,0,1,0,1,0,0,0,0,0,0,0,1,0,0,0,0,0,0
data/audio_wav/175/175023.wav,176,0,0,0,0,0,0,1,0,1,0,0,0,0,0,0,0,1,0,0,0,0,0,0
data/audio_wav/175/175024.wav,176,0,0,0,0,0,0,1,0,1,0,0,0,0,0,0,0,1,0,0,0,0,0,0
data/audio_wav/175/175025.wav,176,0,0,0,0,0,0,1,0,1,0,0,0,0,0,0,0,1,0,0,0,0,0,0
data/audio_wav/175/175026.wav,176,0,0,0,0,0,0,1,0,1,0,0,0,0,0,0,0,1,0,0,0,0,0,0
data/audio_wav/175/175027.wav,176,0,0,0,0,0,0,1,0,1,0,0,0,0,0,0,0,1,0,0,0,0,0,0
data/audio_wav/175/175028.wav,176,0,0,0,0,0,0,1,0,1,0,0,0,0,0,0,0,1,0,0,0,0,0,0
data/audio_wav/175/175029.wav,176,0,0,0,0,0,0,1,0,1,0,0,0,0,0,0,0,1,0,0,0,0,0,0
data/audio_wav/175/175030.wav,176,0,0,0,0,0,0,1,0,1,0,0,0,0,0,0,0,1,0,0,0,0,0,0
data/audio_wav/175/175031.wav,176,0,0,0,0,0,0,1,0,1,0,0,0,0,0,0,0,1,0,0,0,0,0,0
data/audio_wav/175/175032.wav,176,0,0,0,0,0,0,1,0,1,0,0,0,0,0,0,0,1,0,0,0,0,0,0
data/audio_wav/175/175033.wav,176,0,0,0,0,0,0,1,0,1,0,0,0,0,0,0,0,1,0,0,0,0,0,0
data/audio_wav/175/175034.wav,176,0,0,0,0,0,0,1,0,1,0,0,0,0,0,0,0,1,0,0,0,0,0,0
data/audio_wav/175/175035.wav,176,0,0,0,0,0,0,1,0,1,0,0,0,0,0,0,0,1,0,0,0,0,0,0
data/audio_wav/175/175036.wav,176,0,0,0,0,0,0,1,0,1,0,0,0,0,0,0,0,1,0,0,0,0,0,0
data/audio_wav/175/175037.wav,176,0,0,0,0,0,0,1,0,1,0,0,0,0,0,0,0,1,0,0,0,0,0,0
data/audio_wav/175/175038.wav,176,0,0,0,0,0,0,1,0,1,0,0,0,0,0,0,0,1,0,0,0,0,0,0
data/audio_wav/175/175039.wav,176,0,0,0,0,0,0,1,0,1,0,0,0,0,0,0,0,1,0,0,0,0,0,0
data/audio_wav/175/175040.wav,176,0,0,0,0,0,0,1,0,1,0,0,0,0,0,0,0,1,0,0,0,0,0,0
data/audio_wav/175/175041.wav,176,0,0,0,0,0,0,1,0,1,0,0,0,0,0,0,0,1,0,0,0,0,0,0
data/audio_wav/175/175042.wav,176,0,0,0,0,0,0,1,0,1,0,0,0,0,0,0,0,1,0,0,0,0,0,0
data/audio_wav/175/175043.wav,176,0,0,0,0,0,0,1,0,1,0,0,0,0,0,0,0,1,0,0,0,0,0,0
data/audio_wav/175/175044.wav,176,0,0,0,0,0,0,1,0,1,0,0,0,0,0,0,0,1,0,0,0,0,0,0
data/audio_wav/175/175045.wav,176,0,0,0,0,0,0,1,0,1,0,0,0,0,0,0,0,1,0,0,0,0,0,0
data/audio_wav/175/175046.wav,176,0,0,0,0,0,0,1,0,1,0,0,0,0,0,0,0,1,0,0,0,0,0,0
data/audio_wav/175/175047.wav,176,0,0,0,0,0,0,1,0,1,0,0,0,0,0,0,0,1,0,0,0,0,0,0
data/audio_wav/175/175048.wav,176,0,0,0,0,0,0,1,0,1,0,0,0,0,0,0,0,1,0,0,0,0,0,0
data/audio_wav/175/175049.wav,176,0,0,0,0,0,0,1,0,1,0,0,0,0,0,0,0,1,0,0,0,0,0,0
data/audio_wav/176/176000.wav,177,1,2,0,0,0,0,1,0,1,0,0,0,0,0,0,0,0,1,0,0,0,0,0
data/audio_wav/176/176001.wav,177,1,2,0,0,0,0,1,0,1,0,0,0,0,0,0,0,0,1,0,0,0,0,0
data/audio_wav/176/176002.wav,177,1,2,0,0,0,0,1,0,1,0,0,0,0,0,0,0,0,1,0,0,0,0,0
data/audio_wav/176/176003.wav,177,1,2,0,0,0,0,1,0,1,0,0,0,0,0,0,0,0,1,0,0,0,0,0
data/audio_wav/176/176004.wav,177,1,2,0,0,0,0,1,0,1,0,0,0,0,0,0,0,0,1,0,0,0,0,0
data/audio_wav/176/176005.wav,177,1,2,0,0,0,0,1,0,1,0,0,0,0,0,0,0,0,1,0,0,0,0,0
data/audio_wav/176/176006.wav,177,1,2,0,0,0,0,1,0,1,0,0,0,0,0,0,0,0,1,0,0,0,0,0
data/audio_wav/176/176007.wav,177,1,2,0,0,0,0,1,0,1,0,0,0,0,0,0,0,0,1,0,0,0,0,0
data/audio_wav/176/176008.wav,177,1,2,0,0,0,0,1,0,1,0,0,0,0,0,0,0,0,1,0,0,0,0,0
data/audio_wav/176/176009.wav,177,1,2,0,0,0,0,1,0,1,0,0,0,0,0,0,0,0,1,0,0,0,0,0
data/audio_wav/176/176010.wav,177,1,2,0,0,0,0,1,0,1,0,0,0,0,0,0,0,0,1,0,0,0,0,0
data/audio_wav/176/176011.wav,177,1,2,0,0,0,0,1,0,1,0,0,0,0,0,0,0,0,1,0,0,0,0,0
data/audio_wav/176/176012.wav,177,1,2,0,0,0,0,1,0,1,0,0,0,0,0,0,0,0,1,0,0,0,0,0
data/audio_wav/176/176013.wav,177,1,2,0,0,0,0,1,0,1,0,0,0,0,0,0,0,0,1,0,0,0,0,0
data/audio_wav/176/176014.wav,177,1,2,0,0,0,0,1,0,1,0,0,0,0,0,0,0,0,1,0,0,0,0,0
data/audio_wav/176/176015.wav,177,1,2,0,0,0,0,1,0,1,0,0,0,0,0,0,0,0,1,0,0,0,0,0
data/audio_wav/176/176016.wav,177,1,2,0,0,0,0,1,0,1,0,0,0,0,0,0,0,0,1,0,0,0,0,0
data/audio_wav/176/176017.wav,177,1,2,0,0,0,0,1,0,1,0,0,0,0,0,0,0,0,1,0,0,0,0,0
data/audio_wav/176/176018.wav,177,1,2,0,0,0,0,1,0,1,0,0,0,0,0,0,0,0,1,0,0,0,0,0
data/audio_wav/176/176019.wav,177,1,2,0,0,0,0,1,0,1,0,0,0,0,0,0,0,0,1,0,0,0,0,0
data/audio_wav/176/176020.wav,177,1,2,0,0,0,0,1,0,1,0,0,0,0,0,0,0,0,1,0,0,0,0,0
data/audio_wav/176/176021.wav,177,1,2,0,0,0,0,1,0,1,0,0,0,0,0,0,0,0,1,0,0,0,0,0
data/audio_wav/176/176022.wav,177,1,2,0,0,0,0,1,0,1,0,0,0,0,0,0,0,0,1,0,0,0,0,0
data/audio_wav/176/176023.wav,177,1,2,0,0,0,0,1,0,1,0,0,0,0,0,0,0,0,1,0,0,0,0,0
data/audio_wav/176/176024.wav,177,1,2,0,0,0,0,1,0,1,0,0,0,0,0,0,0,0,1,0,0,0,0,0
data/audio_wav/176/176025.wav,177,1,2,0,0,0,0,1,0,1,0,0,0,0,0,0,0,0,1,0,0,0,0,0
data/audio_wav/176/176026.wav,177,1,2,0,0,0,0,1,0,1,0,0,0,0,0,0,0,0,1,0,0,0,0,0
data/audio_wav/176/176027.wav,177,1,2,0,0,0,0,1,0,1,0,0,0,0,0,0,0,0,1,0,0,0,0,0
data/audio_wav/176/176028.wav,177,1,2,0,0,0,0,1,0,1,0,0,0,0,0,0,0,0,1,0,0,0,0,0
data/audio_wav/176/176029.wav,177,1,2,0,0,0,0,1,0,1,0,0,0,0,0,0,0,0,1,0,0,0,0,0
data/audio_wav/176/176030.wav,177,1,2,0,0,0,0,1,0,1,0,0,0,0,0,0,0,0,1,0,0,0,0,0
data/audio_wav/176/176031.wav,177,1,2,0,0,0,0,1,0,1,0,0,0,0,0,0,0,0,1,0,0,0,0,0
data/audio_wav/176/176032.wav,177,1,2,0,0,0,0,1,0,1,0,0,0,0,0,0,0,0,1,0,0,0,0,0
data/audio_wav/176/176033.wav,177,1,2,0,0,0,0,1,0,1,0,0,0,0,0,0,0,0,1,0,0,0,0,0
data/audio_wav/176/176034.wav,177,1,2,0,0,0,0,1,0,1,0,0,0,0,0,0,0,0,1,0,0,0,0,0
data/audio_wav/176/176035.wav,177,1,2,0,0,0,0,1,0,1,0,0,0,0,0,0,0,0,1,0,0,0,0,0
data/audio_wav/176/176036.wav,177,1,2,0,0,0,0,1,0,1,0,0,0,0,0,0,0,0,1,0,0,0,0,0
data/audio_wav/176/176037.wav,177,1,2,0,0,0,0,1,0,1,0,0,0,0,0,0,0,0,1,0,0,0,0,0
data/audio_wav/176/176038.wav,177,1,2,0,0,0,0,1,0,1,0,0,0,0,0,0,0,0,1,0,0,0,0,0
data/audio_wav/176/176039.wav,177,1,2,0,0,0,0,1,0,1,0,0,0,0,0,0,0,0,1,0,0,0,0,0
data/audio_wav/176/176040.wav,177,1,2,0,0,0,0,1,0,1,0,0,0,0,0,0,0,0,1,0,0,0,0,0
data/audio_wav/176/176041.wav,177,1,2,0,0,0,0,1,0,1,0,0,0,0,0,0,0,0,1,0,0,0,0,0
data/audio_wav/176/176042.wav,177,1,2,0,0,0,0,1,0,1,0,0,0,0,0,0,0,0,1,0,0,0,0,0
data/audio_wav/176/176043.wav,177,1,2,0,0,0,0,1,0,1,0,0,0,0,0,0,0,0,1,0,0,0,0,0
data/audio_wav/176/176044.wav,177,1,2,0,0,0,0,1,0,1,0,0,0,0,0,0,0,0,1,0,0,0,0,0
data/audio_wav/176/176045.wav,177,1,2,0,0,0,0,1,0,1,0,0,0,0,0,0,0,0,1,0,0,0,0,0
data/audio_wav/176/176046.wav,177,1,2,0,0,0,0,1,0,1,0,0,0,0,0,0,0,0,1,0,0,0,0,0
data/audio_wav/176/176047.wav,177,1,2,0,0,0,0,1,0,1,0,0,0,0,0,0,0,0,1,0,0,0,0,0
data/audio_wav/176/176048.wav,177,1,2,0,0,0,0,1,0,1,0,0,0,0,0,0,0,0,1,0,0,0,0,0
data/audio_wav/176/176049.wav,177,1,2,0,0,0,0,1,0,1,0,0,0,0,0,0,0,0,1,0,0,0,0,0
data/audio_wav/177/177000.wav,178,1,1,0,0,0,0,1,0,1,0,0,0,0,0,0,0,0,0,1,0,0,0,0
data/audio_wav/177/177001.wav,178,1,1,0,0,0,0,1,0,1,0,0,0,0,0,0,0,0,0,1,0,0,0,0
data/audio_wav/177/177002.wav,178,1,1,0,0,0,0,1,0,1,0,0,0,0,0,0,0,0,0,1,0,0,0,0
data/audio_wav/177/177003.wav,178,1,1,0,0,0,0,1,0,1,0,0,0,0,0,0,0,0,0,1,0,0,0,0
data/audio_wav/177/177004.wav,178,1,1,0,0,0,0,1,0,1,0,0,0,0,0,0,0,0,0,1,0,0,0,0
data/audio_wav/177/177005.wav,178,1,1,0,0,0,0,1,0,1,0,0,0,0,0,0,0,0,0,1,0,0,0,0
data/audio_wav/177/177006.wav,178,1,1,0,0,0,0,1,0,1,0,0,0,0,0,0,0,0,0,1,0,0,0,0
data/audio_wav/177/177007.wav,178,1,1,0,0,0,0,1,0,1,0,0,0,0,0,0,0,0,0,1,0,0,0,0
data/audio_wav/177/177008.wav,178,1,1,0,0,0,0,1,0,1,0,0,0,0,0,0,0,0,0,1,0,0,0,0
data/audio_wav/177/177009.wav,178,1,1,0,0,0,0,1,0,1,0,0,0,0,0,0,0,0,0,1,0,0,0,0
data/audio_wav/177/177010.wav,178,1,1,0,0,0,0,1,0,1,0,0,0,0,0,0,0,0,0,1,0,0,0,0
data/audio_wav/177/177011.wav,178,1,1,0,0,0,0,1,0,1,0,0,0,0,0,0,0,0,0,1,0,0,0,0
data/audio_wav/177/177012.wav,178,1,1,0,0,0,0,1,0,1,0,0,0,0,0,0,0,0,0,1,0,0,0,0
data/audio_wav/177/177013.wav,178,1,1,0,0,0,0,1,0,1,0,0,0,0,0,0,0,0,0,1,0,0,0,0
data/audio_wav/177/177014.wav,178,1,1,0,0,0,0,1,0,1,0,0,0,0,0,0,0,0,0,1,0,0,0,0
data/audio_wav/177/177015.wav,178,1,1,0,0,0,0,1,0,1,0,0,0,0,0,0,0,0,0,1,0,0,0,0
data/audio_wav/177/177016.wav,178,1,1,0,0,0,0,1,0,1,0,0,0,0,0,0,0,0,0,1,0,0,0,0
data/audio_wav/177/177017.wav,178,1,1,0,0,0,0,1,0,1,0,0,0,0,0,0,0,0,0,1,0,0,0,0
data/audio_wav/177/177018.wav,178,1,1,0,0,0,0,1,0,1,0,0,0,0,0,0,0,0,0,1,0,0,0,0
data/audio_wav/177/177019.wav,178,1,1,0,0,0,0,1,0,1,0,0,0,0,0,0,0,0,0,1,0,0,0,0
data/audio_wav/177/177020.wav,178,1,1,0,0,0,0,1,0,1,0,0,0,0,0,0,0,0,0,1,0,0,0,0
data/audio_wav/177/177021.wav,178,1,1,0,0,0,0,1,0,1,0,0,0,0,0,0,0,0,0,1,0,0,0,0
data/audio_wav/177/177022.wav,178,1,1,0,0,0,0,1,0,1,0,0,0,0,0,0,0,0,0,1,0,0,0,0
data/audio_wav/177/177023.wav,178,1,1,0,0,0,0,1,0,1,0,0,0,0,0,0,0,0,0,1,0,0,0,0
data/audio_wav/177/177024.wav,178,1,1,0,0,0,0,1,0,1,0,0,0,0,0,0,0,0,0,1,0,0,0,0
data/audio_wav/177/177025.wav,178,1,1,0,0,0,0,1,0,1,0,0,0,0,0,0,0,0,0,1,0,0,0,0
data/audio_wav/177/177026.wav,178,1,1,0,0,0,0,1,0,1,0,0,0,0,0,0,0,0,0,1,0,0,0,0
data/audio_wav/177/177027.wav,178,1,1,0,0,0,0,1,0,1,0,0,0,0,0,0,0,0,0,1,0,0,0,0
data/audio_wav/177/177028.wav,178,1,1,0,0,0,0,1,0,1,0,0,0,0,0,0,0,0,0,1,0,0,0,0
data/audio_wav/177/177029.wav,178,1,1,0,0,0,0,1,0,1,0,0,0,0,0,0,0,0,0,1,0,0,0,0
data/audio_wav/177/177030.wav,178,1,1,0,0,0,0,1,0,1,0,0,0,0,0,0,0,0,0,1,0,0,0,0
data/audio_wav/177/177031.wav,178,1,1,0,0,0,0,1,0,1,0,0,0,0,0,0,0,0,0,1,0,0,0,0
data/audio_wav/177/177032.wav,178,1,1,0,0,0,0,1,0,1,0,0,0,0,0,0,0,0,0,1,0,0,0,0
data/audio_wav/177/177033.wav,178,1,1,0,0,0,0,1,0,1,0,0,0,0,0,0,0,0,0,1,0,0,0,0
data/audio_wav/177/177034.wav,178,1,1,0,0,0,0,1,0,1,0,0,0,0,0,0,0,0,0,1,0,0,0,0
data/audio_wav/177/177035.wav,178,1,1,0,0,0,0,1,0,1,0,0,0,0,0,0,0,0,0,1,0,0,0,0
data/audio_wav/177/177036.wav,178,1,1,0,0,0,0,1,0,1,0,0,0,0,0,0,0,0,0,1,0,0,0,0
data/audio_wav/177/177037.wav,178,1,1,0,0,0,0,1,0,1,0,0,0,0,0,0,0,0,0,1,0,0,0,0
data/audio_wav/177/177038.wav,178,1,1,0,0,0,0,1,0,1,0,0,0,0,0,0,0,0,0,1,0,0,0,0
data/audio_wav/177/177039.wav,178,1,1,0,0,0,0,1,0,1,0,0,0,0,0,0,0,0,0,1,0,0,0,0
data/audio_wav/177/177040.wav,178,1,1,0,0,0,0,1,0,1,0,0,0,0,0,0,0,0,0,1,0,0,0,0
data/audio_wav/177/177041.wav,178,1,1,0,0,0,0,1,0,1,0,0,0,0,0,0,0,0,0,1,0,0,0,0
data/audio_wav/177/177042.wav,178,1,1,0,0,0,0,1,0,1,0,0,0,0,0,0,0,0,0,1,0,0,0,0
data/audio_wav/177/177043.wav,178,1,1,0,0,0,0,1,0,1,0,0,0,0,0,0,0,0,0,1,0,0,0,0
data/audio_wav/177/177044.wav,178,1,1,0,0,0,0,1,0,1,0,0,0,0,0,0,0,0,0,1,0,0,0,0
data/audio_wav/177/177045.wav,178,1,1,0,0,0,0,1,0,1,0,0,0,0,0,0,0,0,0,1,0,0,0,0
data/audio_wav/177/177046.wav,178,1,1,0,0,0,0,1,0,1,0,0,0,0,0,0,0,0,0,1,0,0,0,0
data/audio_wav/177/177047.wav,178,1,1,0,0,0,0,1,0,1,0,0,0,0,0,0,0,0,0,1,0,0,0,0
data/audio_wav/177/177048.wav,178,1,1,0,0,0,0,1,0,1,0,0,0,0,0,0,0,0,0,1,0,0,0,0
data/audio_wav/177/177049.wav,178,1,1,0,0,0,0,1,0,1,0,0,0,0,0,0,0,0,0,1,0,0,0,0
data/audio_wav/178/178000.wav,179,1,2,0,0,0,0,1,0,1,0,0,0,0,0,0,0,0,0,0,1,0,0,0
data/audio_wav/178/178001.wav,179,1,2,0,0,0,0,1,0,1,0,0,0,0,0,0,0,0,0,0,1,0,0,0
data/audio_wav/178/178002.wav,179,1,2,0,0,0,0,1,0,1,0,0,0,0,0,0,0,0,0,0,1,0,0,0
data/audio_wav/178/178003.wav,179,1,2,0,0,0,0,1,0,1,0,0,0,0,0,0,0,0,0,0,1,0,0,0
data/audio_wav/178/178004.wav,179,1,2,0,0,0,0,1,0,1,0,0,0,0,0,0,0,0,0,0,1,0,0,0
data/audio_wav/178/178005.wav,179,1,2,0,0,0,0,1,0,1,0,0,0,0,0,0,0,0,0,0,1,0,0,0
data/audio_wav/178/178006.wav,179,1,2,0,0,0,0,1,0,1,0,0,0,0,0,0,0,0,0,0,1,0,0,0
data/audio_wav/178/178007.wav,179,1,2,0,0,0,0,1,0,1,0,0,0,0,0,0,0,0,0,0,1,0,0,0
data/audio_wav/178/178008.wav,179,1,2,0,0,0,0,1,0,1,0,0,0,0,0,0,0,0,0,0,1,0,0,0
data/audio_wav/178/178009.wav,179,1,2,0,0,0,0,1,0,1,0,0,0,0,0,0,0,0,0,0,1,0,0,0
data/audio_wav/178/178010.wav,179,1,2,0,0,0,0,1,0,1,0,0,0,0,0,0,0,0,0,0,1,0,0,0
data/audio_wav/178/178011.wav,179,1,2,0,0,0,0,1,0,1,0,0,0,0,0,0,0,0,0,0,1,0,0,0
data/audio_wav/178/178012.wav,179,1,2,0,0,0,0,1,0,1,0,0,0,0,0,0,0,0,0,0,1,0,0,0
data/audio_wav/178/178013.wav,179,1,2,0,0,0,0,1,0,1,0,0,0,0,0,0,0,0,0,0,1,0,0,0
data/audio_wav/178/178014.wav,179,1,2,0,0,0,0,1,0,1,0,0,0,0,0,0,0,0,0,0,1,0,0,0
data/audio_wav/178/178015.wav,179,1,2,0,0,0,0,1,0,1,0,0,0,0,0,0,0,0,0,0,1,0,0,0
data/audio_wav/178/178016.wav,179,1,2,0,0,0,0,1,0,1,0,0,0,0,0,0,0,0,0,0,1,0,0,0
data/audio_wav/178/178017.wav,179,1,2,0,0,0,0,1,0,1,0,0,0,0,0,0,0,0,0,0,1,0,0,0
data/audio_wav/178/178018.wav,179,1,2,0,0,0,0,1,0,1,0,0,0,0,0,0,0,0,0,0,1,0,0,0
data/audio_wav/178/178019.wav,179,1,2,0,0,0,0,1,0,1,0,0,0,0,0,0,0,0,0,0,1,0,0,0
data/audio_wav/178/178020.wav,179,1,2,0,0,0,0,1,0,1,0,0,0,0,0,0,0,0,0,0,1,0,0,0
data/audio_wav/178/178021.wav,179,1,2,0,0,0,0,1,0,1,0,0,0,0,0,0,0,0,0,0,1,0,0,0
data/audio_wav/178/178022.wav,179,1,2,0,0,0,0,1,0,1,0,0,0,0,0,0,0,0,0,0,1,0,0,0
data/audio_wav/178/178023.wav,179,1,2,0,0,0,0,1,0,1,0,0,0,0,0,0,0,0,0,0,1,0,0,0
data/audio_wav/178/178024.wav,179,1,2,0,0,0,0,1,0,1,0,0,0,0,0,0,0,0,0,0,1,0,0,0
data/audio_wav/178/178025.wav,179,1,2,0,0,0,0,1,0,1,0,0,0,0,0,0,0,0,0,0,1,0,0,0
data/audio_wav/178/178026.wav,179,1,2,0,0,0,0,1,0,1,0,0,0,0,0,0,0,0,0,0,1,0,0,0
data/audio_wav/178/178027.wav,179,1,2,0,0,0,0,1,0,1,0,0,0,0,0,0,0,0,0,0,1,0,0,0
data/audio_wav/178/178028.wav,179,1,2,0,0,0,0,1,0,1,0,0,0,0,0,0,0,0,0,0,1,0,0,0
data/audio_wav/178/178029.wav,179,1,2,0,0,0,0,1,0,1,0,0,0,0,0,0,0,0,0,0,1,0,0,0
data/audio_wav/178/178030.wav,179,1,2,0,0,0,0,1,0,1,0,0,0,0,0,0,0,0,0,0,1,0,0,0
data/audio_wav/178/178031.wav,179,1,2,0,0,0,0,1,0,1,0,0,0,0,0,0,0,0,0,0,1,0,0,0
data/audio_wav/178/178032.wav,179,1,2,0,0,0,0,1,0,1,0,0,0,0,0,0,0,0,0,0,1,0,0,0
data/audio_wav/178/178033.wav,179,1,2,0,0,0,0,1,0,1,0,0,0,0,0,0,0,0,0,0,1,0,0,0
data/audio_wav/178/178034.wav,179,1,2,0,0,0,0,1,0,1,0,0,0,0,0,0,0,0,0,0,1,0,0,0
data/audio_wav/178/178035.wav,179,1,2,0,0,0,0,1,0,1,0,0,0,0,0,0,0,0,0,0,1,0,0,0
data/audio_wav/178/178036.wav,179,1,2,0,0,0,0,1,0,1,0,0,0,0,0,0,0,0,0,0,1,0,0,0
data/audio_wav/178/178037.wav,179,1,2,0,0,0,0,1,0,1,0,0,0,0,0,0,0,0,0,0,1,0,0,0
data/audio_wav/178/178038.wav,179,1,2,0,0,0,0,1,0,1,0,0,0,0,0,0,0,0,0,0,1,0,0,0
data/audio_wav/178/178039.wav,179,1,2,0,0,0,0,1,0,1,0,0,0,0,0,0,0,0,0,0,1,0,0,0
data/audio_wav/178/178040.wav,179,1,2,0,0,0,0,1,0,1,0,0,0,0,0,0,0,0,0,0,1,0,0,0
data/audio_wav/178/178041.wav,179,1,2,0,0,0,0,1,0,1,0,0,0,0,0,0,0,0,0,0,1,0,0,0
data/audio_wav/178/178042.wav,179,1,2,0,0,0,0,1,0,1,0,0,0,0,0,0,0,0,0,0,1,0,0,0
data/audio_wav/178/178043.wav,179,1,2,0,0,0,0,1,0,1,0,0,0,0,0,0,0,0,0,0,1,0,0,0
data/audio_wav/178/178044.wav,179,1,2,0,0,0,0,1,0,1,0,0,0,0,0,0,0,0,0,0,1,0,0,0
data/audio_wav/178/178045.wav,179,1,2,0,0,0,0,1,0,1,0,0,0,0,0,0,0,0,0,0,1,0,0,0
data/audio_wav/178/178046.wav,179,1,2,0,0,0,0,1,0,1,0,0,0,0,0,0,0,0,0,0,1,0,0,0
data/audio_wav/178/178047.wav,179,1,2,0,0,0,0,1,0,1,0,0,0,0,0,0,0,0,0,0,1,0,0,0
data/audio_wav/178/178048.wav,179,1,2,0,0,0,0,1,0,1,0,0,0,0,0,0,0,0,0,0,1,0,0,0
data/audio_wav/178/178049.wav,179,1,2,0,0,0,0,1,0,1,0,0,0,0,0,0,0,0,0,0,1,0,0,0
data/audio_wav/179/179000.wav,180,1,1,0,0,0,0,1,0,1,0,0,0,0,0,0,0,0,0,0,0,1,0,0
data/audio_wav/179/179001.wav,180,1,1,0,0,0,0,1,0,1,0,0,0,0,0,0,0,0,0,0,0,1,0,0
data/audio_wav/179/179002.wav,180,1,1,0,0,0,0,1,0,1,0,0,0,0,0,0,0,0,0,0,0,1,0,0
data/audio_wav/179/179003.wav,180,1,1,0,0,0,0,1,0,1,0,0,0,0,0,0,0,0,0,0,0,1,0,0
data/audio_wav/179/179004.wav,180,1,1,0,0,0,0,1,0,1,0,0,0,0,0,0,0,0,0,0,0,1,0,0
data/audio_wav/179/179005.wav,180,1,1,0,0,0,0,1,0,1,0,0,0,0,0,0,0,0,0,0,0,1,0,0
data/audio_wav/179/179006.wav,180,1,1,0,0,0,0,1,0,1,0,0,0,0,0,0,0,0,0,0,0,1,0,0
data/audio_wav/179/179007.wav,180,1,1,0,0,0,0,1,0,1,0,0,0,0,0,0,0,0,0,0,0,1,0,0
data/audio_wav/179/179008.wav,180,1,1,0,0,0,0,1,0,1,0,0,0,0,0,0,0,0,0,0,0,1,0,0
data/audio_wav/179/179009.wav,180,1,1,0,0,0,0,1,0,1,0,0,0,0,0,0,0,0,0,0,0,1,0,0
data/audio_wav/179/179010.wav,180,1,1,0,0,0,0,1,0,1,0,0,0,0,0,0,0,0,0,0,0,1,0,0
data/audio_wav/179/179011.wav,180,1,1,0,0,0,0,1,0,1,0,0,0,0,0,0,0,0,0,0,0,1,0,0
data/audio_wav/179/179012.wav,180,1,1,0,0,0,0,1,0,1,0,0,0,0,0,0,0,0,0,0,0,1,0,0
data/audio_wav/179/179013.wav,180,1,1,0,0,0,0,1,0,1,0,0,0,0,0,0,0,0,0,0,0,1,0,0
data/audio_wav/179/179014.wav,180,1,1,0,0,0,0,1,0,1,0,0,0,0,0,0,0,0,0,0,0,1,0,0
data/audio_wav/179/179015.wav,180,1,1,0,0,0,0,1,0,1,0,0,0,0,0,0,0,0,0,0,0,1,0,0
data/audio_wav/179/179016.wav,180,1,1,0,0,0,0,1,0,1,0,0,0,0,0,0,0,0,0,0,0,1,0,0
data/audio_wav/179/179017.wav,180,1,1,0,0,0,0,1,0,1,0,0,0,0,0,0,0,0,0,0,0,1,0,0
data/audio_wav/179/179018.wav,180,1,1,0,0,0,0,1,0,1,0,0,0,0,0,0,0,0,0,0,0,1,0,0
data/audio_wav/179/179019.wav,180,1,1,0,0,0,0,1,0,1,0,0,0,0,0,0,0,0,0,0,0,1,0,0
data/audio_wav/179/179020.wav,180,1,1,0,0,0,0,1,0,1,0,0,0,0,0,0,0,0,0,0,0,1,0,0
data/audio_wav/179/179021.wav,180,1,1,0,0,0,0,1,0,1,0,0,0,0,0,0,0,0,0,0,0,1,0,0
data/audio_wav/179/179022.wav,180,1,1,0,0,0,0,1,0,1,0,0,0,0,0,0,0,0,0,0,0,1,0,0
data/audio_wav/179/179023.wav,180,1,1,0,0,0,0,1,0,1,0,0,0,0,0,0,0,0,0,0,0,1,0,0
data/audio_wav/179/179024.wav,180,1,1,0,0,0,0,1,0,1,0,0,0,0,0,0,0,0,0,0,0,1,0,0
data/audio_wav/179/179025.wav,180,1,1,0,0,0,0,1,0,1,0,0,0,0,0,0,0,0,0,0,0,1,0,0
data/audio_wav/179/179026.wav,180,1,1,0,0,0,0,1,0,1,0,0,0,0,0,0,0,0,0,0,0,1,0,0
data/audio_wav/179/179027.wav,180,1,1,0,0,0,0,1,0,1,0,0,0,0,0,0,0,0,0,0,0,1,0,0
data/audio_wav/179/179028.wav,180,1,1,0,0,0,0,1,0,1,0,0,0,0,0,0,0,0,0,0,0,1,0,0
data/audio_wav/179/179029.wav,180,1,1,0,0,0,0,1,0,1,0,0,0,0,0,0,0,0,0,0,0,1,0,0
data/audio_wav/179/179030.wav,180,1,1,0,0,0,0,1,0,1,0,0,0,0,0,0,0,0,0,0,0,1,0,0
data/audio_wav/179/179031.wav,180,1,1,0,0,0,0,1,0,1,0,0,0,0,0,0,0,0,0,0,0,1,0,0
data/audio_wav/179/179032.wav,180,1,1,0,0,0,0,1,0,1,0,0,0,0,0,0,0,0,0,0,0,1,0,0
data/audio_wav/179/179033.wav,180,1,1,0,0,0,0,1,0,1,0,0,0,0,0,0,0,0,0,0,0,1,0,0
data/audio_wav/179/179034.wav,180,1,1,0,0,0,0,1,0,1,0,0,0,0,0,0,0,0,0,0,0,1,0,0
data/audio_wav/179/179035.wav,180,1,1,0,0,0,0,1,0,1,0,0,0,0,0,0,0,0,0,0,0,1,0,0
data/audio_wav/179/179036.wav,180,1,1,0,0,0,0,1,0,1,0,0,0,0,0,0,0,0,0,0,0,1,0,0
data/audio_wav/179/179037.wav,180,1,1,0,0,0,0,1,0,1,0,0,0,0,0,0,0,0,0,0,0,1,0,0
data/audio_wav/179/179038.wav,180,1,1,0,0,0,0,1,0,1,0,0,0,0,0,0,0,0,0,0,0,1,0,0
data/audio_wav/179/179039.wav,180,1,1,0,0,0,0,1,0,1,0,0,0,0,0,0,0,0,0,0,0,1,0,0
data/audio_wav/179/179040.wav,180,1,1,0,0,0,0,1,0,1,0,0,0,0,0,0,0,0,0,0,0,1,0,0
data/audio_wav/179/179041.wav,180,1,1,0,0,0,0,1,0,1,0,0,0,0,0,0,0,0,0,0,0,1,0,0
data/audio_wav/179/179042.wav,180,1,1,0,0,0,0,1,0,1,0,0,0,0,0,0,0,0,0,0,0,1,0,0
data/audio_wav/179/179043.wav,180,1,1,0,0,0,0,1,0,1,0,0,0,0,0,0,0,0,0,0,0,1,0,0
data/audio_wav/179/179044.wav,180,1,1,0,0,0,0,1,0,1,0,0,0,0,0,0,0,0,0,0,0,1,0,0
data/audio_wav/179/179045.wav,180,1,1,0,0,0,0,1,0,1,0,0,0,0,0,0,0,0,0,0,0,1,0,0
data/audio_wav/179/179046.wav,180,1,1,0,0,0,0,1,0,1,0,0,0,0,0,0,0,0,0,0,0,1,0,0
data/audio_wav/179/179047.wav,180,1,1,0,0,0,0,1,0,1,0,0,0,0,0,0,0,0,0,0,0,1,0,0
data/audio_wav/179/179048.wav,180,1,1,0,0,0,0,1,0,1,0,0,0,0,0,0,0,0,0,0,0,1,0,0
data/audio_wav/179/179049.wav,180,1,1,0,0,0,0,1,0,1,0,0,0,0,0,0,0,0,0,0,0,1,0,0
data/audio_wav/180/180000.wav,181,1,1,0,0,0,0,1,0,1,0,0,0,0,0,0,0,0,0,0,0,0,1,0
data/audio_wav/180/180001.wav,181,1,1,0,0,0,0,1,0,1,0,0,0,0,0,0,0,0,0,0,0,0,1,0
data/audio_wav/180/180002.wav,181,1,1,0,0,0,0,1,0,1,0,0,0,0,0,0,0,0,0,0,0,0,1,0
data/audio_wav/180/180003.wav,181,1,1,0,0,0,0,1,0,1,0,0,0,0,0,0,0,0,0,0,0,0,1,0
data/audio_wav/180/180004.wav,181,1,1,0,0,0,0,1,0,1,0,0,0,0,0,0,0,0,0,0,0,0,1,0
data/audio_wav/180/180005.wav,181,1,1,0,0,0,0,1,0,1,0,0,0,0,0,0,0,0,0,0,0,0,1,0
data/audio_wav/180/180006.wav,181,1,1,0,0,0,0,1,0,1,0,0,0,0,0,0,0,0,0,0,0,0,1,0
data/audio_wav/180/180007.wav,181,1,1,0,0,0,0,1,0,1,0,0,0,0,0,0,0,0,0,0,0,0,1,0
data/audio_wav/180/180008.wav,181,1,1,0,0,0,0,1,0,1,0,0,0,0,0,0,0,0,0,0,0,0,1,0
data/audio_wav/180/180009.wav,181,1,1,0,0,0,0,1,0,1,0,0,0,0,0,0,0,0,0,0,0,0,1,0
data/audio_wav/180/180010.wav,181,1,1,0,0,0,0,1,0,1,0,0,0,0,0,0,0,0,0,0,0,0,1,0
data/audio_wav/180/180011.wav,181,1,1,0,0,0,0,1,0,1,0,0,0,0,0,0,0,0,0,0,0,0,1,0
data/audio_wav/180/180012.wav,181,1,1,0,0,0,0,1,0,1,0,0,0,0,0,0,0,0,0,0,0,0,1,0
data/audio_wav/180/180013.wav,181,1,1,0,0,0,0,1,0,1,0,0,0,0,0,0,0,0,0,0,0,0,1,0
data/audio_wav/180/180014.wav,181,1,1,0,0,0,0,1,0,1,0,0,0,0,0,0,0,0,0,0,0,0,1,0
data/audio_wav/180/180015.wav,181,1,1,0,0,0,0,1,0,1,0,0,0,0,0,0,0,0,0,0,0,0,1,0
data/audio_wav/180/180016.wav,181,1,1,0,0,0,0,1,0,1,0,0,0,0,0,0,0,0,0,0,0,0,1,0
data/audio_wav/180/180017.wav,181,1,1,0,0,0,0,1,0,1,0,0,0,0,0,0,0,0,0,0,0,0,1,0
data/audio_wav/180/180018.wav,181,1,1,0,0,0,0,1,0,1,0,0,0,0,0,0,0,0,0,0,0,0,1,0
data/audio_wav/180/180019.wav,181,1,1,0,0,0,0,1,0,1,0,0,0,0,0,0,0,0,0,0,0,0,1,0
data/audio_wav/180/180020.wav,181,1,1,0,0,0,0,1,0,1,0,0,0,0,0,0,0,0,0,0,0,0,1,0
data/audio_wav/180/180021.wav,181,1,1,0,0,0,0,1,0,1,0,0,0,0,0,0,0,0,0,0,0,0,1,0
data/audio_wav/180/180022.wav,181,1,1,0,0,0,0,1,0,1,0,0,0,0,0,0,0,0,0,0,0,0,1,0
data/audio_wav/180/180023.wav,181,1,1,0,0,0,0,1,0,1,0,0,0,0,0,0,0,0,0,0,0,0,1,0
data/audio_wav/180/180024.wav,181,1,1,0,0,0,0,1,0,1,0,0,0,0,0,0,0,0,0,0,0,0,1,0
data/audio_wav/180/180025.wav,181,1,1,0,0,0,0,1,0,1,0,0,0,0,0,0,0,0,0,0,0,0,1,0
data/audio_wav/180/180026.wav,181,1,1,0,0,0,0,1,0,1,0,0,0,0,0,0,0,0,0,0,0,0,1,0
data/audio_wav/180/180027.wav,181,1,1,0,0,0,0,1,0,1,0,0,0,0,0,0,0,0,0,0,0,0,1,0
data/audio_wav/180/180028.wav,181,1,1,0,0,0,0,1,0,1,0,0,0,0,0,0,0,0,0,0,0,0,1,0
data/audio_wav/180/180029.wav,181,1,1,0,0,0,0,1,0,1,0,0,0,0,0,0,0,0,0,0,0,0,1,0
data/audio_wav/180/180030.wav,181,1,1,0,0,0,0,1,0,1,0,0,0,0,0,0,0,0,0,0,0,0,1,0
data/audio_wav/180/180031.wav,181,1,1,0,0,0,0,1,0,1,0,0,0,0,0,0,0,0,0,0,0,0,1,0
data/audio_wav/180/180032.wav,181,1,1,0,0,0,0,1,0,1,0,0,0,0,0,0,0,0,0,0,0,0,1,0
data/audio_wav/180/180033.wav,181,1,1,0,0,0,0,1,0,1,0,0,0,0,0,0,0,0,0,0,0,0,1,0
data/audio_wav/180/180034.wav,181,1,1,0,0,0,0,1,0,1,0,0,0,0,0,0,0,0,0,0,0,0,1,0
data/audio_wav/180/180035.wav,181,1,1,0,0,0,0,1,0,1,0,0,0,0,0,0,0,0,0,0,0,0,1,0
data/audio_wav/180/180036.wav,181,1,1,0,0,0,0,1,0,1,0,0,0,0,0,0,0,0,0,0,0,0,1,0
data/audio_wav/180/180037.wav,181,1,1,0,0,0,0,1,0,1,0,0,0,0,0,0,0,0,0,0,0,0,1,0
data/audio_wav/180/180038.wav,181,1,1,0,0,0,0,1,0,1,0,0,0,0,0,0,0,0,0,0,0,0,1,0
data/audio_wav/180/180039.wav,181,1,1,0,0,0,0,1,0,1,0,0,0,0,0,0,0,0,0,0,0,0,1,0
data/audio_wav/180/180040.wav,181,1,1,0,0,0,0,1,0,1,0,0,0,0,0,0,0,0,0,0,0,0,1,0
data/audio_wav/180/180041.wav,181,1,1,0,0,0,0,1,0,1,0,0,0,0,0,0,0,0,0,0,0,0,1,0
data/audio_wav/180/180042.wav,181,1,1,0,0,0,0,1,0,1,0,0,0,0,0,0,0,0,0,0,0,0,1,0
data/audio_wav/180/180043.wav,181,1,1,0,0,0,0,1,0,1,0,0,0,0,0,0,0,0,0,0,0,0,1,0
data/audio_wav/180/180044.wav,181,1,1,0,0,0,0,1,0,1,0,0,0,0,0,0,0,0,0,0,0,0,1,0
data/audio_wav/180/180045.wav,181,1,1,0,0,0,0,1,0,1,0,0,0,0,0,0,0,0,0,0,0,0,1,0
data/audio_wav/180/180046.wav,181,1,1,0,0,0,0,1,0,1,0,0,0,0,0,0,0,0,0,0,0,0,1,0
data/audio_wav/180/180047.wav,181,1,1,0,0,0,0,1,0,1,0,0,0,0,0,0,0,0,0,0,0,0,1,0
data/audio_wav/180/180048.wav,181,1,1,0,0,0,0,1,0,1,0,0,0,0,0,0,0,0,0,0,0,0,1,0
data/audio_wav/180/180049.wav,181,1,1,0,0,0,0,1,0,1,0,0,0,0,0,0,0,0,0,0,0,0,1,0
data/audio_wav/181/181000.wav,182,1,1,0,0,0,0,1,0,1,0,0,0,0,0,0,0,0,0,0,0,0,0,1
data/audio_wav/181/181001.wav,182,1,1,0,0,0,0,1,0,1,0,0,0,0,0,0,0,0,0,0,0,0,0,1
data/audio_wav/181/181002.wav,182,1,1,0,0,0,0,1,0,1,0,0,0,0,0,0,0,0,0,0,0,0,0,1
data/audio_wav/181/181003.wav,182,1,1,0,0,0,0,1,0,1,0,0,0,0,0,0,0,0,0,0,0,0,0,1
data/audio_wav/181/181004.wav,182,1,1,0,0,0,0,1,0,1,0,0,0,0,0,0,0,0,0,0,0,0,0,1
data/audio_wav/181/181005.wav,182,1,1,0,0,0,0,1,0,1,0,0,0,0,0,0,0,0,0,0,0,0,0,1
data/audio_wav/181/181006.wav,182,1,1,0,0,0,0,1,0,1,0,0,0,0,0,0,0,0,0,0,0,0,0,1
data/audio_wav/181/181007.wav,182,1,1,0,0,0,0,1,0,1,0,0,0,0,0,0,0,0,0,0,0,0,0,1
data/audio_wav/181/181008.wav,182,1,1,0,0,0,0,1,0,1,0,0,0,0,0,0,0,0,0,0,0,0,0,1
data/audio_wav/181/181009.wav,182,1,1,0,0,0,0,1,0,1,0,0,0,0,0,0,0,0,0,0,0,0,0,1
data/audio_wav/181/181010.wav,182,1,1,0,0,0,0,1,0,1,0,0,0,0,0,0,0,0,0,0,0,0,0,1
data/audio_wav/181/181011.wav,182,1,1,0,0,0,0,1,0,1,0,0,0,0,0,0,0,0,0,0,0,0,0,1
data/audio_wav/181/181012.wav,182,1,1,0,0,0,0,1,0,1,0,0,0,0,0,0,0,0,0,0,0,0,0,1
data/audio_wav/181/181013.wav,182,1,1,0,0,0,0,1,0,1,0,0,0,0,0,0,0,0,0,0,0,0,0,1
data/audio_wav/181/181014.wav,182,1,1,0,0,0,0,1,0,1,0,0,0,0,0,0,0,0,0,0,0,0,0,1
data/audio_wav/181/181015.wav,182,1,1,0,0,0,0,1,0,1,0,0,0,0,0,0,0,0,0,0,0,0,0,1
data/audio_wav/181/181016.wav,182,1,1,0,0,0,0,1,0,1,0,0,0,0,0,0,0,0,0,0,0,0,0,1
data/audio_wav/181/181017.wav,182,1,1,0,0,0,0,1,0,1,0,0,0,0,0,0,0,0,0,0,0,0,0,1
data/audio_wav/181/181018.wav,182,1,1,0,0,0,0,1,0,1,0,0,0,0,0,0,0,0,0,0,0,0,0,1
data/audio_wav/181/181019.wav,182,1,1,0,0,0,0,1,0,1,0,0,0,0,0,0,0,0,0,0,0,0,0,1
data/audio_wav/181/181020.wav,182,1,1,0,0,0,0,1,0,1,0,0,0,0,0,0,0,0,0,0,0,0,0,1
data/audio_wav/181/181021.wav,182,1,1,0,0,0,0,1,0,1,0,0,0,0,0,0,0,0,0,0,0,0,0,1
data/audio_wav/181/181022.wav,182,1,1,0,0,0,0,1,0,1,0,0,0,0,0,0,0,0,0,0,0,0,0,1
data/audio_wav/181/181023.wav,182,1,1,0,0,0,0,1,0,1,0,0,0,0,0,0,0,0,0,0,0,0,0,1
data/audio_wav/181/181024.wav,182,1,1,0,0,0,0,1,0,1,0,0,0,0,0,0,0,0,0,0,0,0,0,1
data/audio_wav/181/181025.wav,182,1,1,0,0,0,0,1,0,1,0,0,0,0,0,0,0,0,0,0,0,0,0,1
data/audio_wav/181/181026.wav,182,1,1,0,0,0,0,1,0,1,0,0,0,0,0,0,0,0,0,0,0,0,0,1
data/audio_wav/181/181027.wav,182,1,1,0,0,0,0,1,0,1,0,0,0,0,0,0,0,0,0,0,0,0,0,1
data/audio_wav/181/181028.wav,182,1,1,0,0,0,0,1,0,1,0,0,0,0,0,0,0,0,0,0,0,0,0,1
data/audio_wav/181/181029.wav,182,1,1,0,0,0,0,1,0,1,0,0,0,0,0,0,0,0,0,0,0,0,0,1
data/audio_wav/181/181030.wav,182,1,1,0,0,0,0,1,0,1,0,0,0,0,0,0,0,0,0,0,0,0,0,1
data/audio_wav/181/181031.wav,182,1,1,0,0,0,0,1,0,1,0,0,0,0,0,0,0,0,0,0,0,0,0,1
data/audio_wav/181/181032.wav,182,1,1,0,0,0,0,1,0,1,0,0,0,0,0,0,0,0,0,0,0,0,0,1
data/audio_wav/181/181033.wav,182,1,1,0,0,0,0,1,0,1,0,0,0,0,0,0,0,0,0,0,0,0,0,1
data/audio_wav/181/181034.wav,182,1,1,0,0,0,0,1,0,1,0,0,0,0,0,0,0,0,0,0,0,0,0,1
data/audio_wav/181/181035.wav,182,1,1,0,0,0,0,1,0,1,0,0,0,0,0,0,0,0,0,0,0,0,0,1
data/audio_wav/181/181036.wav,182,1,1,0,0,0,0,1,0,1,0,0,0,0,0,0,0,0,0,0,0,0,0,1
data/audio_wav/181/181037.wav,182,1,1,0,0,0,0,1,0,1,0,0,0,0,0,0,0,0,0,0,0,0,0,1
data/audio_wav/181/181038.wav,182,1,1,0,0,0,0,1,0,1,0,0,0,0,0,0,0,0,0,0,0,0,0,1
data/audio_wav/181/181039.wav,182,1,1,0,0,0,0,1,0,1,0,0,0,0,0,0,0,0,0,0,0,0,0,1
data/audio_wav/181/181040.wav,182,1,1,0,0,0,0,1,0,1,0,0,0,0,0,0,0,0,0,0,0,0,0,1
data/audio_wav/181/181041.wav,182,1,1,0,0,0,0,1,0,1,0,0,0,0,0,0,0,0,0,0,0,0,0,1
data/audio_wav/181/181042.wav,182,1,1,0,0,0,0,1,0,1,0,0,0,0,0,0,0,0,0,0,0,0,0,1
data/audio_wav/181/181043.wav,182,1,1,0,0,0,0,1,0,1,0,0,0,0,0,0,0,0,0,0,0,0,0,1
data/audio_wav/181/181044.wav,182,1,1,0,0,0,0,1,0,1,0,0,0,0,0,0,0,0,0,0,0,0,0,1
data/audio_wav/181/181045.wav,182,1,1,0,0,0,0,1,0,1,0,0,0,0,0,0,0,0,0,0,0,0,0,1
data/audio_wav/181/181046.wav,182,1,1,0,0,0,0,1,0,1,0,0,0,0,0,0,0,0,0,0,0,0,0,1
data/audio_wav/181/181047.wav,182,1,1,0,0,0,0,1,0,1,0,0,0,0,0,0,0,0,0,0,0,0,0,1
data/audio_wav/181/181048.wav,182,1,1,0,0,0,0,1,0,1,0,0,0,0,0,0,0,0,0,0,0,0,0,1
data/audio_wav/181/181049.wav,182,1,1,0,0,0,0,1,0,1,0,0,0,0,0,0,0,0,0,0,0,0,0,1
